6.037524e+09 0.000000e+00 0.000000e+00 0.000000e+00 0.000000e+00 0.000000e+00 0.000000e+00
7.049771e+00 -1.923071e-01 -3.833865e-01 -1.463378e-02 5.151914e-02 -2.584206e-02 -2.937299e-03
1.922924e+00 3.730616e-02 1.576781e-01 1.066515e-02 -9.372811e-02 2.217579e-02 2.092005e-04
5.997063e+00 3.220987e-01 -3.194924e-01 4.021191e-02 3.543351e-02 3.572256e-02 2.266196e-03
2.086691e+00 -4.065847e-01 -6.018977e-01 1.210305e-02 3.323566e-02 -2.245084e-02 -8.647742e-04
4.194186e+00 -1.824634e-01 1.994785e-02 -2.301942e-02 -9.386063e-03 -8.585451e-02 8.913470e-03
7.312172e+00 8.941142e-01 -4.063855e-01 1.023691e-01 1.486828e-02 3.271264e-02 1.236131e-03
7.972385e+00 -4.460316e-01 -5.375063e-01 1.458550e-02 3.340749e-02 -2.772209e-02 -8.632488e-04
7.448092e+00 7.670455e-02 -2.656550e-01 1.637887e-02 6.844229e-02 1.976185e-02 -9.573530e-04
5.484816e+00 1.072400e-01 2.794183e-01 3.802480e-02 -5.763934e-02 2.212181e-02 -5.061457e-05
1.757950e+00 5.709362e-01 3.435262e-01 7.764110e-02 -2.378847e-02 3.953613e-02 3.699778e-03
3.090310e+00 7.964595e-02 -2.016996e-01 -2.820502e-02 6.198665e-02 2.447693e-02 -1.942368e-03
4.514727e+00 -4.702792e-01 -4.946633e-01 -1.536236e-02 2.758880e-02 -2.622883e-02 6.663813e-04
1.240129e+00 3.867904e-01 4.908867e-01 7.244269e-02 -3.831325e-02 3.018864e-02 -2.298986e-03
9.634723e+00 4.077106e-02 -9.814583e-02 1.148135e-02 1.058573e-01 4.397451e-02 -8.094332e-04
8.363075e+00 -5.511689e-01 -4.636365e-01 3.751672e-02 3.006410e-02 -3.574006e-02 7.219378e-04
4.295555e+00 3.614455e-01 -5.243172e-01 -9.523466e-02 3.481429e-02 2.399972e-02 -1.722466e-04
1.717808e+00 -6.731926e-01 3.118585e-02 2.061981e-02 -1.899122e-03 -4.099535e-02 2.537342e-03
3.775617e+00 7.457155e-02 2.334139e-01 1.361236e-03 -7.170830e-02 2.290951e-02 -2.341447e-04
1.355420e+00 -3.207916e-02 -3.486632e-02 -1.681565e-03 1.186936e-01 -1.092055e-01 -1.086940e-02
6.653579e+00 -1.692479e-01 1.123560e-01 4.982165e-03 -4.101057e-02 -6.177644e-02 -6.055630e-03
4.829704e+00 2.420739e-01 -2.009690e-02 -2.751526e-02 5.709242e-03 6.876973e-02 -1.813150e-03
7.448267e+00 -7.032251e-01 -5.735822e-03 -1.780420e-02 3.130159e-04 -3.837647e-02 -1.637521e-03
5.924195e+00 -2.131146e-01 4.989794e-01 1.052294e-01 -4.385937e-02 -1.873238e-02 -2.713126e-03
5.943935e+00 -5.994827e-01 -6.359765e-01 -2.549610e-02 3.051038e-02 -2.875962e-02 1.815916e-03
6.936375e+00 5.177381e-01 6.180422e-02 -3.296637e-02 -5.587849e-03 4.680978e-02 -1.404702e-03
9.580087e+00 -7.036452e-02 -8.978825e-01 1.266708e-01 3.988611e-02 -3.125762e-03 -2.948741e-03
2.614481e+00 -6.811853e-02 -6.361971e-01 -1.041410e-02 4.967637e-02 -5.318919e-03 -2.424547e-03
8.325189e-01 8.605678e-03 1.512923e-02 -1.142423e-03 -2.409560e-01 1.370585e-01 -2.692416e-03
3.376093e+00 6.785128e-03 -2.287681e-01 3.116911e-03 6.830370e-02 2.025848e-03 -5.563463e-04
9.420038e+00 -4.646483e-01 4.452824e-01 -6.801363e-03 -2.783959e-02 -2.905037e-02 -2.387776e-03
2.696305e+00 -2.775429e-03 -6.218337e-01 -8.621796e-02 4.347492e-02 -1.940415e-04 2.543257e-03
3.145382e+00 -1.444523e-01 1.601835e-01 1.500657e-03 -5.572887e-02 -5.025589e-02 3.675692e-03
6.720682e+00 -4.832617e-01 1.362620e-02 -3.376397e-02 -1.593494e-03 -5.651426e-02 -2.764015e-03
2.395095e+00 9.332155e-02 2.948653e-01 2.792536e-02 -6.646802e-02 2.103638e-02 5.557067e-03
5.880538e-01 5.734508e-01 1.838093e-02 3.668257e-02 -1.505262e-03 4.696138e-02 -4.118147e-03
2.656639e+00 -4.500158e-01 6.609565e-01 -1.864161e-01 -2.950059e-02 -2.008564e-02 -9.011648e-04
4.817320e+00 -3.150709e-01 -1.980617e-01 -3.697169e-02 2.927111e-02 -4.656364e-02 -2.124845e-03
2.913629e+00 -2.849394e-01 2.563391e-01 4.590582e-02 -4.223430e-02 -4.694647e-02 -8.513727e-04
1.614234e+00 1.827537e-01 3.548391e-01 2.468679e-02 -4.714993e-02 2.428375e-02 -2.918942e-03
9.782016e+00 7.733374e-02 -8.437638e-02 1.450530e-02 6.689675e-02 6.131309e-02 4.066682e-03
7.404450e+00 5.142755e-01 -5.489731e-01 -6.432539e-02 2.840881e-02 2.661325e-02 6.803839e-04
3.632683e+00 5.805224e-01 2.400318e-01 2.610078e-02 -1.874542e-02 4.533621e-02 -3.712528e-04
7.852531e+00 -9.221238e-02 4.871269e-01 -4.578475e-02 -5.478143e-02 -1.037004e-02 -2.801322e-03
9.137190e+00 4.362784e-01 -1.773783e-01 -4.069336e-02 1.989142e-02 4.892480e-02 -1.380911e-03
8.085427e+00 3.802638e-01 -2.968157e-02 -1.748024e-02 4.449999e-03 5.701091e-02 2.475162e-03
2.986669e+00 -4.233748e-01 -6.117444e-02 5.168420e-02 7.832173e-03 -5.420474e-02 2.322987e-03
1.985840e+00 1.950403e-02 4.243285e-02 3.979134e-03 -1.482580e-01 6.814599e-02 -5.960559e-03
9.502281e+00 2.735163e-02 -6.099336e-02 -2.862854e-03 1.328476e-01 5.957366e-02 -1.593137e-02
4.431409e+00 -9.297678e-02 5.177580e-02 -1.389690e-02 -5.708911e-02 -1.025182e-01 -1.263673e-03
4.833947e+00 3.248667e-01 -7.111676e-01 1.348490e-01 4.013133e-02 1.833229e-02 6.643461e-04
7.412128e+00 6.248778e-01 -2.928839e-01 8.318507e-03 1.843584e-02 3.933349e-02 1.908227e-03
5.182363e+00 -2.248077e-01 9.796874e-02 2.066422e-02 -3.033790e-02 -6.961603e-02 2.163020e-03
9.518529e+00 -4.717790e-02 6.178381e-01 -1.596632e-01 -4.590144e-02 -3.505017e-03 -2.449335e-03
2.390637e+00 -6.734431e-01 -5.209990e-01 5.462124e-02 2.132684e-02 -2.756706e-02 7.541789e-04
2.749493e+00 3.366706e-01 8.183665e-02 -2.268673e-02 -1.390806e-02 5.721685e-02 -2.364081e-03
1.924889e+00 -8.339961e-01 -2.837342e-01 -5.307544e-02 1.145513e-02 -3.367071e-02 -6.455082e-04
8.522332e+00 -1.995247e-01 -3.741652e-01 -4.249903e-02 4.301903e-02 -2.294003e-02 3.576801e-03
5.624792e+00 -4.624361e-01 7.823652e-01 4.766888e-03 -3.558600e-02 -2.103398e-02 1.564792e-03
4.039808e+00 -4.629455e-01 7.756381e-01 -5.645165e-02 -3.578177e-02 -2.135662e-02 3.263059e-03
3.280049e+00 7.662122e-02 9.988401e-03 2.531577e-03 -1.534241e-02 1.176919e-01 -7.664487e-04
3.906051e+00 -1.389101e-01 1.432925e-01 -3.279092e-04 -5.321287e-02 -5.158546e-02 2.617618e-03
5.367199e-01 -7.239163e-02 1.209463e-01 -1.664049e-02 -8.640529e-02 -5.171732e-02 -1.228985e-02
2.510256e+00 -3.272082e-01 2.883602e-01 3.552434e-03 -3.698774e-02 -4.197074e-02 1.405237e-03
7.482182e+00 2.562567e-01 -7.826030e-01 1.235157e-01 4.075361e-02 1.334442e-02 -1.607651e-03
7.221229e+00 2.480264e-01 -5.188976e-01 -9.831639e-03 3.845931e-02 1.838306e-02 5.295716e-04
5.584107e+00 -4.150706e-01 1.934371e-01 9.848362e-03 -2.416998e-02 -5.186312e-02 -1.600455e-03
5.636251e+00 2.392408e-01 2.606305e-01 -1.056640e-02 -4.203421e-02 3.858450e-02 1.148187e-03
7.254639e+00 8.161833e-01 2.555981e-01 4.913169e-02 -1.019212e-02 3.254577e-02 7.935921e-05
8.915415e+00 -6.613977e-01 -6.105700e-02 8.878766e-02 3.679354e-03 -3.985647e-02 -2.721365e-03
2.729709e+00 2.186233e-01 -1.655629e-01 1.269464e-02 3.949160e-02 5.214806e-02 -1.378941e-04
1.154509e+00 -2.048987e-02 2.089435e-02 -4.707115e-04 -1.470004e-01 -1.441547e-01 -9.786206e-03
6.198763e+00 -5.411058e-01 -1.578845e-01 -7.072250e-03 1.273910e-02 -4.365977e-02 2.576139e-03
4.680721e+00 1.075902e-01 6.827368e-02 3.451612e-02 -4.576113e-02 7.211345e-02 3.779710e-04
2.976781e+00 -1.590398e-03 -4.023339e-04 7.711179e-05 2.418974e-01 -9.562040e-01 -5.343140e-02
7.420040e+00 4.424703e-01 3.448698e-01 -9.612178e-02 -2.920095e-02 3.746501e-02 -1.599763e-03
7.614973e+00 -1.053692e-01 -3.691280e-01 1.298376e-03 6.051011e-02 -1.727287e-02 4.474059e-03
1.122914e+00 3.366963e-01 8.676565e-01 -1.166926e-01 -3.272107e-02 1.269750e-02 -2.362696e-03
4.103999e+00 -3.482528e-01 6.224369e-01 -2.267995e-02 -4.092789e-02 -2.289911e-02 -5.651020e-03
9.273922e+00 -4.457141e-01 7.890186e-01 -5.847230e-02 -2.947662e-02 -1.665125e-02 -1.018232e-03
8.262400e-01 6.760415e-02 -6.791430e-01 -3.657955e-02 4.165484e-02 4.146460e-03 2.367950e-04
1.567656e+00 -5.500006e-03 -4.497974e-02 6.367151e-03 1.754839e-01 -2.145771e-02 -4.906033e-03
3.280379e+00 -9.182026e-01 -2.449846e-01 -1.009265e-01 1.000111e-02 -3.748418e-02 -2.191995e-04
4.931368e+00 -6.195108e-01 -6.445733e-02 -9.147175e-02 4.759531e-03 -4.574469e-02 -5.411212e-03
4.671116e+00 3.950104e-01 2.505524e-01 -6.357006e-02 -2.628266e-02 4.143614e-02 -3.705700e-03
3.371817e+00 -3.576542e-01 6.647254e-01 -1.289656e-02 -4.026692e-02 -2.166554e-02 -1.591902e-03
9.864893e+00 -8.381042e-01 -1.755838e-01 8.438534e-02 8.590342e-03 -4.100380e-02 2.371973e-04
3.224545e+00 -2.569409e-01 -2.854319e-02 -1.692420e-03 7.993764e-03 -7.195849e-02 -3.791884e-03
5.284511e+00 3.948163e-01 1.053954e-01 -1.504576e-02 -1.423328e-02 5.331855e-02 1.693445e-03
1.456245e+00 -2.378612e-04 1.384765e-02 -1.212756e-03 -2.619233e-01 -4.499057e-03 -1.011894e-02
9.634502e+00 6.582090e-01 -7.016144e-01 -2.089657e-01 2.775121e-02 2.603438e-02 -4.872970e-03
5.610712e+00 7.996770e-03 -1.851095e-03 1.827547e-04 9.419171e-02 4.069102e-01 1.015031e-02
2.186290e+00 1.005718e-01 4.122480e-01 -1.277539e-02 -5.587252e-02 1.363063e-02 5.210997e-03
2.438623e+00 4.550508e-01 2.854920e-01 -4.638376e-02 -2.769234e-02 4.413932e-02 -1.768064e-03
7.129518e+00 3.475042e-01 1.618572e-01 -6.344116e-02 -2.637962e-02 5.663651e-02 6.538906e-03
6.372659e+00 3.662584e-01 6.913542e-02 1.583484e-02 -1.006562e-02 5.332460e-02 1.020983e-03
7.130629e-01 1.895475e-01 3.221997e-02 1.981575e-02 -1.396086e-02 8.213064e-02 7.763583e-03
1.210881e+00 1.495993e-02 -2.156892e-01 2.382151e-02 6.917702e-02 4.798032e-03 -8.416571e-04
1.491165e+00 -2.008036e-01 -3.817908e-01 -1.203289e-02 5.063665e-02 -2.663244e-02 1.419798e-05
7.907235e+00 -1.367353e-01 5.716396e-01 -2.642600e-02 -4.687046e-02 -1.121135e-02 -3.034542e-03
7.465582e+00 6.700434e-02 5.010845e-01 -8.716106e-02 -4.686837e-02 6.267174e-03 1.577984e-04
4.892899e+00 2.781823e-01 3.750574e-01 3.367665e-03 -4.435752e-02 3.290024e-02 1.076976e-03
1.796014e+00 7.260692e-01 3.143664e-03 -1.672980e-02 -1.686066e-04 3.894185e-02 4.450115e-04
4.379718e+00 -8.098041e-01 -2.110037e-03 -9.188744e-02 9.570090e-05 -3.672873e-02 -3.002918e-03
3.031022e+00 -5.243617e-02 1.530171e-02 5.969524e-03 -4.558977e-02 -1.562278e-01 -1.083095e-02
5.398771e+00 -1.047628e-02 -1.348811e-01 5.388220e-03 9.071714e-02 -7.046045e-03 1.271268e-03
5.610562e+00 -2.310969e-01 -1.929472e-01 2.739034e-02 4.262452e-02 -5.105229e-02 -2.299674e-03
5.865950e+00 -2.709353e-02 2.487717e-02 3.843726e-03 -1.343294e-01 -1.462971e-01 3.967963e-04
8.849116e+00 -1.952339e-02 5.851797e-01 7.545098e-02 -4.830056e-02 -1.611455e-03 -6.594575e-03
9.105481e+00 -9.120960e-01 -2.210260e-01 -1.156219e-02 7.682505e-03 -3.170298e-02 -4.442547e-04
2.019735e+00 2.413495e-01 -4.206600e-01 -2.191620e-02 4.927006e-02 2.826821e-02 -2.494724e-03
2.681475e+00 4.683644e-01 7.359116e-01 -1.712113e-02 -3.020711e-02 1.922505e-02 4.655073e-04
7.610230e+00 -8.844927e-02 1.458343e-01 -1.325722e-02 -6.582833e-02 -3.992523e-02 8.359391e-03
4.265285e+00 2.177087e-01 2.598911e-01 4.376800e-02 -5.038125e-02 4.220398e-02 -3.991725e-03
9.197485e+00 1.104679e-01 -4.068873e-03 5.113490e-03 3.885277e-03 1.054834e-01 6.289231e-03
9.328868e+00 5.775365e-01 -3.783060e-01 1.198821e-02 2.154012e-02 3.288398e-02 -2.190981e-03
8.006365e+00 3.779048e-03 1.393278e-01 -1.008739e-02 -8.521641e-02 2.311361e-03 3.742330e-03
9.006951e+00 9.578921e-02 1.510484e-01 -1.472694e-02 -6.404881e-02 4.061736e-02 -4.594935e-03
2.083420e+00 -8.934132e-01 -1.791088e-01 -9.351347e-02 8.153594e-03 -4.067098e-02 2.013798e-03
2.037326e+00 1.767161e-01 -7.723218e-01 7.041228e-02 3.957083e-02 9.054263e-03 2.571181e-03
9.949668e+00 4.914207e-01 3.706931e-01 7.768043e-03 -2.898520e-02 3.842511e-02 -8.642416e-04
7.117935e+00 1.528300e-02 9.910429e-02 -1.096084e-02 -1.059298e-01 1.633557e-02 -3.748313e-03
6.674581e+00 3.999292e-01 6.547889e-01 5.478372e-02 -3.254593e-02 1.987827e-02 -2.253204e-03
3.435888e+00 -5.236037e-01 -2.190277e-01 -1.862035e-01 1.843690e-02 -4.407492e-02 -1.080178e-03
1.612603e+00 -9.190445e-01 -3.976813e-02 1.311211e-01 1.595202e-03 -3.686523e-02 -1.731924e-04
6.578397e+00 -2.736914e-01 -3.157233e-02 -7.245218e-02 8.304803e-03 -7.199195e-02 -7.444601e-03
5.089476e+00 -3.715679e-02 -3.674883e-02 -4.943705e-03 1.213680e-01 -1.227154e-01 2.125155e-02
2.960389e+00 2.431519e-01 -3.001538e-01 2.662911e-03 4.953130e-02 4.012486e-02 4.229350e-04
1.093123e+00 -1.334103e-01 1.207049e-02 1.043993e-02 -9.586790e-03 -1.059590e-01 -5.179246e-04
3.816751e+00 -2.362308e-01 6.556429e-01 4.739881e-02 -3.701824e-02 -1.333782e-02 -2.476818e-03
1.010341e+00 2.713852e-01 -2.883964e-01 5.181996e-02 3.571943e-02 3.361251e-02 5.555980e-04
9.069881e+00 5.338897e-02 3.136855e-01 3.842547e-02 -6.248551e-02 1.063497e-02 -2.944869e-03
8.476851e+00 6.758726e-01 5.707840e-01 1.097647e-01 -2.394518e-02 2.835379e-02 -1.181793e-03
3.659147e+00 6.325615e-02 7.188406e-02 -3.534250e-03 -7.642394e-02 6.725114e-02 -4.460731e-03
7.367171e+00 -4.422537e-01 4.500424e-02 4.065694e-02 -5.884565e-03 -5.782723e-02 -7.070152e-04
4.921550e+00 -1.104647e-02 -3.937497e-02 4.778774e-03 1.882862e-01 -5.282285e-02 7.309134e-03
6.694018e+00 1.938371e-01 4.467249e-01 3.985230e-02 -4.138291e-02 1.795634e-02 1.934802e-03
8.512828e+00 3.925198e-01 3.609470e-01 -1.493257e-02 -2.920143e-02 3.175575e-02 -2.023368e-03
5.205114e-01 6.964877e-03 -1.218789e-02 8.906369e-04 2.706588e-01 1.546703e-01 -6.471784e-03
6.648112e+00 -3.097315e-02 -6.713136e-02 -1.341309e-02 1.120231e-01 -5.168534e-02 -4.931492e-03
6.515188e-01 6.380646e-01 3.265310e-01 -4.895245e-02 -1.929343e-02 3.770072e-02 1.552155e-03
1.300884e+00 -2.969812e-01 3.460510e-01 2.896507e-02 -3.836094e-02 -3.292138e-02 -2.664680e-04
8.521787e+00 4.092572e-02 7.253343e-01 -1.023359e-03 -3.781770e-02 2.133798e-03 -1.377393e-03
3.409194e+00 -3.429742e-03 8.266494e-02 -6.943527e-03 -1.153977e-01 -4.787815e-03 -7.399318e-03
5.788351e+00 -2.688058e-02 7.762664e-03 -1.837238e-03 -5.171567e-02 -1.790812e-01 6.848106e-03
2.322780e+00 -3.903941e-02 2.113274e-01 4.072311e-02 -7.419053e-02 -1.370553e-02 -1.729526e-03
8.908000e+00 2.879202e-02 -1.524408e-01 9.044057e-03 9.950948e-02 1.879471e-02 -8.812996e-04
8.324406e-01 -8.794163e-02 -1.264618e-01 -1.032408e-02 8.087596e-02 -5.624118e-02 -2.629990e-03
2.707625e+00 3.155911e-01 6.164790e-02 -3.688934e-02 -1.040615e-02 5.327171e-02 1.222363e-03
5.066976e+00 1.211556e-01 -8.049187e-02 6.976968e-03 4.515512e-02 6.796704e-02 -7.692242e-03
6.524723e+00 -8.038998e-02 4.572629e-01 6.163132e-02 -5.430180e-02 -9.546632e-03 -3.684534e-03
8.315707e+00 3.935197e-01 5.784495e-02 -4.566986e-03 -8.996342e-03 6.120219e-02 -1.459791e-03
1.114299e+00 1.606211e-03 -7.814170e-03 9.619296e-04 3.371241e-01 6.929623e-02 1.102668e-03
4.483321e+00 7.254497e-02 -4.964471e-01 -1.966643e-02 4.500647e-02 6.576718e-03 1.279311e-03
5.552473e+00 3.591677e-01 -9.818524e-02 1.564453e-02 1.722482e-02 6.300945e-02 -8.149990e-04
9.089259e+00 4.176506e-01 -1.844955e-01 2.159589e-02 2.092393e-02 4.736641e-02 2.748897e-03
3.111388e+00 -1.169054e-01 -1.014000e-02 2.506428e-03 8.037341e-03 -9.266351e-02 -8.070938e-03
6.253617e+00 8.062700e-03 -3.134862e-01 -1.982677e-02 6.248482e-02 1.607077e-03 8.729047e-04
8.107384e+00 2.142396e-01 2.234356e-01 1.717385e-03 -4.750518e-02 4.554999e-02 2.432471e-03
7.260172e+00 3.032166e-02 5.897895e-01 3.687473e-02 -4.987791e-02 2.564273e-03 -8.468124e-04
7.245982e+00 1.828156e-01 -4.716535e-01 3.919752e-02 5.019922e-02 1.945750e-02 2.065736e-03
4.186031e+00 -3.037484e-01 -7.455194e-01 -1.012402e-01 3.598786e-02 -1.466261e-02 2.281636e-03
6.565544e+00 -9.154158e-01 1.832148e-01 4.126714e-02 -6.708958e-03 -3.352069e-02 8.524604e-04
5.180233e+00 6.554666e-01 -7.407785e-01 -3.991731e-02 2.381386e-02 2.107133e-02 3.880920e-03
6.374166e+00 1.164906e-01 5.022701e-01 2.617285e-02 -4.311153e-02 9.998782e-03 -5.515149e-03
7.766037e+00 2.427072e-01 -2.783189e-01 -6.465131e-02 4.860568e-02 4.238643e-02 -2.711181e-03
8.700903e+00 -7.680689e-01 1.652087e-01 8.643698e-03 -9.144486e-03 -4.251346e-02 -1.722586e-03
7.301190e+00 -1.045517e-02 -1.535909e-01 1.877583e-02 7.878673e-02 -5.363137e-03 8.975959e-04
3.091078e+00 -1.895049e-01 7.393978e-01 -1.264861e-01 -3.784252e-02 -9.698896e-03 1.126745e-03
7.461129e+00 5.887448e-01 3.847369e-01 -3.786682e-02 -2.124079e-02 3.250378e-02 -1.329672e-03
4.926001e+00 -3.952878e-01 8.212640e-01 5.282439e-02 -3.054088e-02 -1.469983e-02 1.048371e-03
5.621833e+00 4.230358e-01 7.817925e-01 6.934777e-04 -3.073795e-02 1.663261e-02 -1.788013e-03
7.635436e+00 1.942254e-01 4.787167e-01 7.590579e-03 -4.933881e-02 2.001779e-02 -1.813598e-03
5.499890e-01 2.441546e-02 8.980349e-02 -7.468950e-03 -1.214594e-01 3.302196e-02 7.651752e-03
4.775664e+00 -1.704900e-02 -1.576920e-02 -9.824106e-04 1.425783e-01 -1.541497e-01 3.670147e-03
1.058429e+00 8.444356e-02 -3.326432e-01 1.675735e-03 6.065084e-02 1.539660e-02 -1.387033e-03
6.262346e+00 -9.455308e-01 -1.044642e-01 7.263036e-02 4.101047e-03 -3.711957e-02 3.078097e-04
9.431027e-01 3.604061e-01 -6.139709e-02 -3.575472e-02 9.318680e-03 5.470143e-02 4.045407e-04
3.889862e+00 6.027041e-01 6.007973e-02 -3.214641e-02 -4.239922e-03 4.253379e-02 5.099391e-03
3.199892e+00 -6.607288e-01 -1.038942e-01 -1.069955e-02 7.080590e-03 -4.502996e-02 -1.165190e-03
4.404354e+00 1.928606e-01 -5.764175e-01 1.256814e-02 4.795498e-02 1.604501e-02 -2.372116e-03
1.131846e+00 6.793229e-01 5.312680e-01 1.978162e-01 -2.268071e-02 2.900142e-02 2.331803e-04
5.830749e+00 -3.183343e-01 1.997822e-01 8.105409e-02 -3.066636e-02 -4.886399e-02 -2.801216e-03
4.727990e+00 -6.835337e-01 -2.113264e-01 5.174919e-02 1.235507e-02 -3.996239e-02 -1.550300e-03
6.020990e+00 -3.928919e-01 -1.461896e-01 2.287789e-02 2.053884e-02 -5.519917e-02 4.885547e-03
1.554388e+00 -1.128730e-01 -6.602658e-03 -5.667929e-04 5.600601e-03 -9.574277e-02 4.216926e-04
8.071015e+00 1.399186e-01 -4.947094e-01 -1.208037e-02 4.534783e-02 1.282572e-02 -8.760269e-04
5.170836e+00 2.564680e-01 -1.137875e-01 4.315756e-02 2.721807e-02 6.134735e-02 8.539603e-04
3.093276e+00 -6.684282e-01 -3.073567e-01 4.447557e-02 1.849177e-02 -4.021524e-02 -9.108992e-04
4.027770e+00 3.298517e-01 -3.550236e-01 -5.325445e-02 3.503475e-02 3.255072e-02 1.037484e-03
7.415569e+00 -1.307705e-01 6.089366e-02 5.198878e-03 -3.934539e-02 -8.449508e-02 -1.541318e-03
7.777200e+00 -2.417785e-01 -4.048638e-01 6.486663e-03 4.948965e-02 -2.955446e-02 -8.882725e-04
5.188551e+00 1.171777e-01 4.779617e-01 9.138198e-03 -4.458502e-02 1.093052e-02 -6.034525e-03
2.792412e+00 2.696210e-01 5.328221e-01 5.187781e-03 -3.687380e-02 1.865904e-02 2.436831e-03
7.402554e+00 8.702467e-01 -3.597613e-01 -2.005072e-01 1.237437e-02 2.993304e-02 4.472707e-03
9.282768e+00 -6.873839e-01 3.029043e-01 -3.209535e-02 -1.442086e-02 -3.272542e-02 2.653800e-04
3.013885e+00 3.156194e-03 -8.917828e-01 -1.104378e-01 3.252575e-02 1.151150e-04 -8.276203e-04
6.771982e+00 1.239273e-01 -1.492685e-01 1.837476e-02 6.775153e-02 5.624943e-02 1.651623e-03
3.039179e+00 -1.396290e-01 -7.636413e-01 -1.935719e-02 4.024054e-02 -7.357834e-03 4.677792e-04
3.905934e+00 -3.476084e-01 -7.729103e-01 -8.928249e-02 3.881174e-02 -1.745518e-02 1.148701e-03
9.806278e+00 2.685877e-01 7.687158e-03 2.638085e-02 -1.862961e-03 6.509147e-02 2.936632e-03
4.715357e+00 1.288405e-01 2.185192e-01 3.839794e-02 -6.681696e-02 3.939575e-02 -3.950432e-03
7.087711e+00 -2.729387e-01 5.827984e-01 -2.091031e-02 -3.974721e-02 -1.861459e-02 5.525243e-04
7.962364e+00 -4.940012e-01 3.936923e-02 -7.551824e-02 -4.329787e-03 -5.432973e-02 1.182345e-03
5.805474e+00 3.896441e-01 -2.287070e-01 -1.567505e-02 2.761404e-02 4.704555e-02 -3.291108e-03
4.636246e+00 7.438907e-01 -2.753179e-01 -3.724678e-02 1.375462e-02 3.716407e-02 -8.123197e-05
7.891006e+00 2.657745e-01 -2.926073e-01 -3.190879e-03 4.477859e-02 4.067228e-02 3.619601e-03
5.812188e+00 2.875685e-01 -4.114207e-01 6.363049e-02 3.659929e-02 2.558161e-02 6.101798e-04
1.038809e+00 -3.824338e-02 5.762177e-01 -5.806044e-02 -5.182440e-02 -3.439568e-03 1.222872e-03
3.118866e+00 -7.028588e-02 3.304226e-02 4.593125e-03 -4.855726e-02 -1.032886e-01 -4.592061e-03
7.470018e+00 1.584814e-01 3.161322e-01 2.135561e-02 -5.470518e-02 2.742446e-02 3.238658e-03
5.412019e+00 -3.978200e-01 1.652714e-01 5.820711e-02 -1.844189e-02 -4.439094e-02 -9.873113e-04
4.776563e+00 -2.445345e-01 -3.557933e-01 5.693311e-03 3.932558e-02 -2.702822e-02 1.347148e-04
3.663812e+00 -4.383669e-02 -6.031455e-02 -6.340253e-03 1.015322e-01 -7.379376e-02 -4.605018e-03
4.330510e+00 2.602158e-01 4.127898e-01 6.992987e-03 -4.682866e-02 2.952001e-02 -1.521447e-03
9.277480e+00 3.238486e-01 -1.973548e-01 1.589253e-02 3.194411e-02 5.241856e-02 2.907405e-03
5.737225e+00 1.712022e-01 9.207305e-01 -8.202040e-02 -3.974337e-02 7.389949e-03 -7.871509e-04
3.182093e+00 3.895490e-01 9.124340e-01 5.984088e-02 -3.345117e-02 1.428144e-02 -4.359178e-03
1.624068e+00 -3.922153e-02 7.984457e-02 -4.364225e-03 -1.096930e-01 -5.388378e-02 5.308381e-03
5.761185e+00 -2.187723e-01 6.653256e-02 3.687427e-02 -2.004204e-02 -6.590221e-02 2.477718e-03
8.730938e+00 3.566422e-01 2.985908e-01 8.964787e-02 -2.976109e-02 3.554718e-02 4.879272e-04
6.091609e+00 -1.067691e-01 4.626619e-01 -4.006202e-02 -4.366913e-02 -1.007758e-02 1.221049e-03
7.320155e+00 -2.054655e-03 3.820285e-03 -5.225222e-04 -4.968959e-01 -2.672444e-01 -2.362445e-02
9.671898e+00 1.012552e-01 1.877709e-01 -1.313106e-02 -6.522048e-02 3.517007e-02 -1.171208e-03
2.165926e+00 4.513066e-01 8.031768e-01 9.166647e-02 -3.392714e-02 1.906372e-02 8.706635e-04
7.456508e+00 7.298023e-02 -1.792961e-01 -4.862663e-03 7.184750e-02 2.924463e-02 3.289356e-03
8.809441e+00 6.557430e-01 3.636135e-01 1.020138e-01 -2.163056e-02 3.900870e-02 2.605658e-03
4.398020e+00 -2.745321e-01 -1.782572e-01 8.957822e-04 3.052008e-02 -4.700367e-02 3.636777e-03
2.252529e+00 6.673322e-01 -4.356691e-01 5.384796e-02 2.399836e-02 3.675927e-02 6.949931e-04
6.486183e+00 2.695159e-01 1.260432e-01 1.033145e-02 -2.653765e-02 5.674498e-02 9.772308e-04
1.897121e+00 -8.986568e-02 7.312889e-01 5.053882e-02 -3.573613e-02 -4.391495e-03 -7.296257e-05
1.901053e+00 -2.116457e-01 -2.282006e-01 1.374995e-02 4.712752e-02 -4.370864e-02 -4.966562e-05
4.523152e+00 -3.554420e-01 -3.256216e-01 -6.848699e-02 3.482856e-02 -3.801815e-02 -2.079845e-03
3.964151e+00 -7.187277e-01 3.465919e-01 -5.571695e-02 -1.560749e-02 -3.236526e-02 1.056149e-03
4.435193e+00 -1.546587e-01 -5.800535e-01 1.294110e-02 4.661870e-02 -1.242987e-02 -3.465143e-03
7.063608e+00 -9.398668e-01 3.118464e-01 -1.065927e-01 -1.092403e-02 -3.292369e-02 -2.242506e-03
8.694165e+00 1.542975e-01 -1.960955e-01 -3.228950e-02 6.008785e-02 4.728006e-02 -2.391380e-03
8.182343e+00 -5.948370e-01 4.856176e-01 -1.394059e-01 -2.604548e-02 -3.190332e-02 -5.687505e-04
7.770488e+00 3.357021e-01 -6.064008e-01 2.336586e-02 3.899807e-02 2.158925e-02 -1.749007e-03
8.917738e+00 -1.940105e-01 9.269066e-01 9.988869e-02 -3.232970e-02 -6.766920e-03 -1.591220e-03
9.591311e+00 -5.994445e-01 2.669635e-01 2.364300e-02 -1.989163e-02 -4.466501e-02 -8.151052e-04
8.129358e+00 -5.455047e-01 7.262568e-01 -4.073928e-03 -3.159457e-02 -2.373126e-02 -9.494204e-04
6.741782e+00 8.176466e-01 5.255457e-01 4.408542e-03 -2.004801e-02 3.119079e-02 -1.955050e-03
1.076501e+00 -2.793503e-01 -4.052849e-01 1.154507e-01 4.546832e-02 -3.133990e-02 5.361891e-04
3.182196e+00 2.278542e-01 6.812521e-01 -1.198562e-01 -4.024469e-02 1.346039e-02 1.415880e-04
1.304076e+00 -9.627604e-02 -7.927991e-02 -1.170566e-02 6.296454e-02 -7.646296e-02 1.172036e-03
3.889404e+00 5.595600e-01 1.176514e-01 -1.547730e-02 -9.478709e-03 4.508153e-02 -1.658426e-03
3.786983e+00 7.344532e-01 3.798146e-01 5.106561e-02 -1.647488e-02 3.185773e-02 8.026048e-04
4.903933e+00 3.761298e-01 1.858886e-02 -6.560825e-02 -2.961249e-03 5.991839e-02 -3.528959e-03
1.798839e+00 5.225911e-01 -1.521661e-01 -5.511862e-02 1.274204e-02 4.376057e-02 -2.580486e-03
6.117900e+00 -6.046661e-02 2.193172e-01 3.846451e-02 -6.760045e-02 -1.863771e-02 -2.063220e-03
7.175611e+00 -3.937192e-02 7.046954e-01 -6.294315e-02 -3.964043e-02 -2.214744e-03 -1.566345e-03
9.705020e+00 7.430768e-01 -2.154799e-01 -1.274832e-01 1.247760e-02 4.302867e-02 -3.079841e-03
7.689822e+00 -6.487864e-03 -5.521920e-01 -5.856596e-02 4.581677e-02 -5.383146e-04 -1.892571e-03
2.041205e+00 -1.810001e-01 1.753575e-01 -7.853299e-03 -5.114435e-02 -5.279008e-02 2.707349e-03
4.237480e+00 -9.644719e-01 5.091610e-02 -3.954981e-02 -1.705028e-03 -3.229727e-02 -1.895456e-03
3.234948e+00 -4.551375e-01 -1.261683e-01 4.280058e-02 1.324551e-02 -4.778164e-02 1.854985e-03
9.914273e+00 -1.815684e-01 1.958053e-02 -4.190112e-03 -8.986641e-03 -8.333229e-02 3.570544e-03
2.458246e+00 7.315985e-01 -4.555139e-01 9.904956e-02 2.161692e-02 3.471882e-02 4.245819e-04
9.873206e+00 5.213065e-01 -1.732778e-01 -4.599866e-02 1.581946e-02 4.759287e-02 3.440742e-03
6.667711e+00 -4.874094e-01 -8.179384e-02 1.917095e-02 8.522800e-03 -5.078735e-02 -4.357381e-03
8.532938e+00 6.387523e-01 -5.749380e-01 2.744876e-02 2.591949e-02 2.879638e-02 -2.410763e-05
2.697894e+00 -2.868564e-01 -4.009676e-02 -4.951881e-03 9.554759e-03 -6.835574e-02 -2.004670e-03
6.294142e+00 4.348682e-01 -1.021227e-01 3.206898e-02 1.057677e-02 4.503898e-02 4.898373e-04
6.571395e+00 4.184911e-01 -8.351394e-01 2.539282e-02 3.383483e-02 1.695474e-02 -6.471712e-04
2.975334e+00 9.014867e-01 -5.280695e-02 -7.242422e-02 2.079196e-03 3.549471e-02 5.970545e-04
2.611428e+00 -1.024566e-01 1.059009e-01 1.748710e-02 -6.143824e-02 -5.944004e-02 -5.625526e-03
1.511346e+00 -2.936649e-01 -2.177858e-01 5.209418e-02 3.357392e-02 -4.527145e-02 4.126775e-04
1.764834e+00 -5.580164e-02 -9.836782e-02 -1.780371e-02 8.895313e-02 -5.046092e-02 -4.099046e-04
3.039980e+00 5.849211e-01 7.263658e-02 4.954700e-02 -5.706459e-03 4.595244e-02 2.173113e-03
4.219739e+00 4.183085e-01 3.210636e-01 3.040978e-02 -2.779599e-02 3.621493e-02 2.554876e-03
7.066607e+00 -1.453018e-01 4.905727e-01 -2.866033e-02 -4.715543e-02 -1.396688e-02 1.188987e-04
9.420580e+00 -5.666546e-01 2.728690e-01 -3.088152e-02 -1.887171e-02 -3.919001e-02 -2.127722e-03
3.702009e+00 -6.231051e-01 1.140015e-01 -2.013748e-02 -7.461500e-03 -4.078278e-02 -2.092240e-03
2.024947e+00 8.299230e-01 -1.375597e-01 -1.224135e-01 6.998960e-03 4.222602e-02 -1.573700e-04
7.067562e+00 -2.102077e-02 3.626449e-01 -1.225480e-02 -5.632503e-02 -3.264889e-03 -3.371992e-03
6.275157e+00 7.525689e-02 6.935200e-02 -7.800443e-04 -6.510273e-02 7.064583e-02 -1.319659e-03
4.939665e+00 9.643213e-03 3.881052e-03 -5.735700e-05 -1.388825e-01 3.450800e-01 -5.857920e-03
9.649604e+00 -5.477398e-01 -4.269679e-01 3.909018e-02 2.555703e-02 -3.278607e-02 -1.356174e-03
8.268215e+00 4.032654e-01 -3.805954e-01 -2.721528e-02 2.862687e-02 3.033201e-02 5.058812e-03
1.852930e+00 -1.386341e-02 -2.147738e-01 -1.825416e-02 7.154910e-02 -4.618416e-03 5.206415e-03
1.908095e+00 -2.527760e-02 -1.751447e-02 -4.330877e-04 1.024086e-01 -1.478002e-01 -1.221897e-02
7.202793e+00 2.683535e-01 1.256363e-01 6.972546e-02 -2.362966e-02 5.047188e-02 8.660050e-03
5.373739e+00 -1.189038e-01 2.726161e-01 1.455825e-02 -6.469998e-02 -2.821945e-02 1.077599e-03
4.988430e+00 -9.286271e-02 6.065487e-01 5.095034e-02 -4.181919e-02 -6.402526e-03 1.956900e-03
2.288182e+00 5.354707e-01 1.502241e-01 -2.138725e-02 -1.218527e-02 4.343417e-02 9.222378e-04
7.255316e+00 3.223985e-02 -1.446572e-03 -5.215555e-03 9.676245e-03 2.156551e-01 1.192650e-03
5.467277e+00 -9.578592e-01 -8.823296e-02 -1.191975e-01 3.173807e-03 -3.445492e-02 -8.737759e-04
6.406251e-01 5.205820e-02 1.815045e-01 1.717384e-02 -7.050300e-02 2.022132e-02 6.422046e-04
8.496457e+00 8.349187e-02 -4.716608e-01 1.591561e-01 5.085382e-02 9.001978e-03 2.010876e-03
4.404175e+00 4.008049e-01 -2.395941e-01 -4.732121e-03 2.364070e-02 3.954735e-02 -1.114564e-03
9.080885e+00 2.309772e-02 2.106794e-01 -1.230259e-02 -7.907420e-02 8.669257e-03 -3.417351e-03
4.299738e+00 -1.141649e-01 -4.163485e-01 7.058761e-02 5.144034e-02 -1.410521e-02 -5.985425e-03
9.069315e+00 2.405321e-01 5.949230e-02 -1.189740e-02 -1.609111e-02 6.505763e-02 -1.530698e-03
9.008154e+00 1.301072e-02 -9.004649e-02 -1.949793e-03 1.137033e-01 1.642887e-02 -3.528342e-03
5.266081e+00 -2.890713e-01 -3.712000e-01 -9.504525e-02 3.759057e-02 -2.927358e-02 -4.675576e-04
5.481676e+00 -2.068781e-01 5.583866e-01 -4.499091e-03 -4.752897e-02 -1.760913e-02 9.418197e-04
1.741857e+00 3.612264e-02 5.311123e-02 -6.323658e-03 -1.245604e-01 8.471749e-02 3.412730e-03
1.518428e+00 3.316256e-01 7.189441e-01 1.038342e-01 -3.146369e-02 1.451318e-02 2.361418e-03
4.516924e+00 -1.568650e-01 -5.438480e-02 -3.000332e-03 2.534445e-02 -7.310233e-02 -3.693014e-03
6.318329e+00 2.127733e-01 1.445432e-01 -1.822804e-02 -3.647589e-02 5.369395e-02 -8.024746e-04
8.340235e+00 3.970078e-02 7.496600e-02 1.885435e-02 -1.179642e-01 6.247196e-02 -1.059554e-02
9.919913e+00 -8.397951e-01 -2.050027e-01 -1.337880e-02 8.460029e-03 -3.465658e-02 1.561323e-03
6.821344e+00 -1.906370e-01 6.760671e-02 2.734075e-02 -2.933812e-02 -8.272744e-02 4.988186e-03
4.323944e+00 1.460399e-01 -1.508964e-01 2.212540e-03 5.895493e-02 5.705749e-02 3.830500e-03
3.509314e+00 -5.608612e-01 -1.993752e-01 -6.175944e-02 1.673198e-02 -4.706864e-02 -8.079071e-04
2.110210e+00 -3.033667e-03 9.974678e-04 -8.807457e-05 -1.847877e-01 -5.620075e-01 2.685706e-02
1.138626e+00 -3.095507e-02 -9.698688e-01 1.008813e-01 3.403429e-02 -1.086264e-03 5.639539e-04
6.726116e-01 2.004172e-01 9.258904e-01 -1.279219e-01 -3.509055e-02 7.595661e-03 7.067489e-04
8.582210e+00 2.856953e-01 4.889397e-01 -8.827666e-02 -3.696542e-02 2.159949e-02 2.445145e-03
9.240221e-01 6.358248e-01 3.398014e-01 -5.817331e-02 -1.951395e-02 3.651384e-02 -3.784481e-04
7.602199e+00 -4.963461e-01 -1.761511e-01 5.890680e-02 1.689381e-02 -4.760217e-02 1.727403e-03
7.008845e+00 -1.092353e-01 -6.422663e-01 -3.753736e-02 4.181504e-02 -7.111816e-03 -2.785677e-03
9.087345e+00 -2.333462e-01 -6.365633e-01 -5.192133e-02 4.348929e-02 -1.594195e-02 2.658357e-04
9.334553e+00 2.249390e-01 2.978042e-01 5.831954e-02 -4.547751e-02 3.435032e-02 -3.058900e-03
1.812732e+00 2.952987e-01 5.333826e-02 -4.430770e-04 -1.193697e-02 6.608714e-02 -9.376005e-04
5.292891e-01 9.705379e-02 5.628428e-01 7.447481e-02 -4.784306e-02 8.249817e-03 2.371608e-03
8.353339e+00 1.305074e-01 5.209940e-01 -3.886887e-02 -4.906903e-02 1.229164e-02 -1.396996e-03
4.541593e+00 3.095353e-01 8.408999e-01 5.842067e-02 -3.296367e-02 1.213393e-02 8.260936e-04
1.527584e+00 2.300396e-01 -7.970168e-01 1.524635e-01 3.736806e-02 1.078538e-02 6.003106e-04
4.694506e+00 -9.456292e-02 1.960721e-02 -1.659677e-02 -2.391491e-02 -1.153384e-01 -5.264492e-04
8.706895e+00 -4.212725e-02 -1.060749e-02 -9.195697e-04 4.243958e-02 -1.685472e-01 1.131486e-02
8.359409e+00 4.912801e-01 -6.340720e-01 -8.244708e-02 3.450976e-02 2.673823e-02 -8.121586e-04
9.874073e+00 5.280211e-01 5.676326e-01 1.346801e-02 -2.912544e-02 2.709296e-02 2.561846e-03
2.225114e+00 -3.071284e-01 -7.341063e-01 -7.860418e-02 3.358724e-02 -1.405191e-02 -3.993350e-03
4.281660e+00 -1.519305e-01 -2.246132e-02 2.314228e-03 1.381652e-02 -9.345627e-02 1.006196e-03
2.703302e+00 -8.201812e-02 -5.476636e-02 1.899270e-03 6.175523e-02 -9.248466e-02 6.228235e-03
4.561154e+00 7.817187e-01 1.063229e-01 1.560238e-01 -5.075920e-03 3.731972e-02 5.138539e-04
6.700843e+00 -1.543799e-01 7.256004e-01 4.345870e-02 -4.513203e-02 -9.602364e-03 -1.659249e-05
5.167582e+00 2.067663e-01 4.257567e-01 -2.515891e-02 -4.767592e-02 2.315354e-02 -1.616758e-03
9.248609e+00 -7.060959e-01 -7.006512e-01 -8.380379e-02 2.646470e-02 -2.667035e-02 -1.037436e-03
6.040773e+00 -5.396698e-01 4.899870e-01 -1.222867e-01 -2.455268e-02 -2.704223e-02 -1.972679e-03
9.919700e+00 -7.043978e-01 1.538746e-03 8.645637e-02 -1.010727e-04 -4.626843e-02 -1.857558e-03
6.087441e+00 4.934289e-01 -7.785218e-01 -5.644656e-02 3.094291e-02 1.961169e-02 -2.137267e-04
1.784395e+00 8.519865e-02 -7.342523e-03 -1.603397e-02 1.089658e-02 1.264381e-01 4.200137e-03
6.847431e+00 1.670936e-01 -2.152291e-01 -7.044355e-02 5.182878e-02 4.023738e-02 -1.950602e-03
5.486786e+00 2.448065e-01 1.422207e-01 -3.278395e-02 -3.646614e-02 6.276968e-02 -3.065783e-03
3.574711e+00 4.585054e-01 6.397373e-01 3.061026e-02 -3.321937e-02 2.380862e-02 -5.090740e-04
7.078024e+00 -1.763350e-01 -6.011445e-01 4.920791e-02 4.126602e-02 -1.210465e-02 -1.708982e-05
7.050230e+00 -1.972945e-02 7.016551e-02 -7.217057e-03 -1.237948e-01 -3.480917e-02 4.420640e-03
9.391622e+00 -3.470786e-01 7.954197e-01 -1.193211e-01 -3.225875e-02 -1.407599e-02 2.413535e-03
7.562125e+00 1.473651e-01 -5.940168e-01 -1.266576e-01 4.847339e-02 1.202539e-02 4.031540e-03
2.713489e+00 4.479574e-01 -1.071064e-01 -8.322257e-02 1.213930e-02 5.077089e-02 -1.257665e-03
1.524180e+00 6.135665e-01 -2.447897e-01 -3.230905e-02 1.517335e-02 3.803207e-02 -1.343615e-03
1.237461e+00 4.239075e-01 5.581813e-01 1.496730e-02 -3.025632e-02 2.297798e-02 -4.022335e-03
9.966960e+00 2.053061e-02 1.201830e-03 -3.494228e-03 -1.591463e-02 2.718663e-01 4.798880e-04
3.652797e+00 3.459512e-01 -5.974396e-03 -1.250001e-04 1.043432e-03 6.042061e-02 -8.235982e-04
7.001506e+00 4.722167e-01 -7.886951e-01 -1.848281e-02 3.197742e-02 1.914590e-02 -1.434431e-03
3.988868e+00 -1.162244e-01 -7.027445e-03 1.700664e-02 6.400001e-03 -1.058473e-01 -5.428088e-03
6.785947e+00 1.601022e-01 9.088638e-02 5.904859e-03 -4.435936e-02 7.814185e-02 -4.151007e-03
9.165178e+00 3.627319e-02 -2.482962e-02 3.174815e-03 9.136497e-02 1.334736e-01 2.765936e-03
2.140406e+00 -3.064525e-01 5.802293e-01 1.636762e-01 -3.753163e-02 -1.982262e-02 -1.744217e-03
7.713167e+00 -1.833102e-01 6.188400e-01 -3.961063e-02 -3.904456e-02 -1.156562e-02 -1.197276e-03
9.152169e+00 -4.314709e-01 1.977520e-02 7.470220e-02 -2.631087e-03 -5.740713e-02 -2.744183e-03
7.784466e+00 6.339338e-02 -9.231998e-01 9.098468e-02 3.533071e-02 2.426055e-03 -3.837962e-03
7.319771e+00 6.935641e-01 -2.709280e-01 -5.260688e-02 1.464772e-02 3.749755e-02 1.793547e-03
7.183833e+00 7.265902e-01 5.946151e-01 6.360791e-02 -2.381978e-02 2.910660e-02 1.709545e-03
5.875504e+00 -1.014316e-01 -1.503167e-02 -1.322397e-02 1.771660e-02 -1.195491e-01 1.757939e-04
9.720718e+00 2.705973e-02 -6.937233e-02 2.485477e-03 1.124187e-01 4.385064e-02 -3.346513e-03
5.614813e+00 -6.813854e-01 2.287470e-01 -9.462682e-02 -1.297095e-02 -3.863753e-02 2.119427e-03
4.136967e+00 -9.025768e-01 1.922358e-01 -4.060215e-03 -6.692675e-03 -3.142315e-02 5.622052e-04
3.675982e+00 -1.606667e-01 2.572791e-01 -3.897063e-02 -5.253034e-02 -3.280436e-02 -4.493594e-04
7.136829e+00 1.421776e-01 8.758203e-01 -1.093842e-01 -3.424290e-02 5.558872e-03 -7.003918e-04
6.805022e+00 4.376584e-01 -8.627981e-01 -2.687667e-02 2.787136e-02 1.413788e-02 -7.565111e-04
8.238555e+00 -7.789820e-02 7.686108e-01 -1.897039e-02 -3.904992e-02 -3.957684e-03 1.988979e-03
6.718296e+00 2.580547e-01 4.773972e-01 4.429745e-02 -3.767180e-02 2.036331e-02 2.629941e-04
3.580754e+00 9.137609e-02 3.557960e-01 -3.001137e-03 -6.088675e-02 1.563703e-02 2.058347e-03
1.575933e+00 1.598334e-01 3.478814e-01 3.226273e-02 -5.825434e-02 2.676484e-02 -1.727847e-03
3.313699e+00 -1.167091e-01 -2.634110e-01 4.616868e-02 6.236290e-02 -2.763104e-02 -5.270516e-03
3.774621e+00 3.795781e-01 -8.560915e-01 -1.361711e-01 3.499508e-02 1.551629e-02 2.234949e-03
1.595219e+00 -1.193688e-01 -6.735088e-01 -8.880306e-02 4.341289e-02 -7.694253e-03 -3.012812e-03
7.896342e+00 8.956960e-01 -1.076328e-03 -6.130633e-02 4.606399e-05 3.833341e-02 -1.380434e-03
8.718131e+00 5.465912e-03 2.691178e-01 2.240132e-02 -7.341798e-02 1.491154e-03 1.271230e-03
1.895971e+00 4.985613e-01 -8.117082e-01 3.625158e-02 2.898658e-02 1.780392e-02 3.219861e-03
5.354764e+00 8.556237e-01 -3.356539e-01 5.384554e-02 1.407941e-02 3.589018e-02 -1.039983e-03
9.945098e+00 -4.453491e-01 4.923315e-01 -1.869359e-02 -3.334030e-02 -3.015869e-02 -8.717119e-04
2.671220e+00 -4.096836e-01 8.753513e-01 -1.288973e-01 -2.855826e-02 -1.336589e-02 8.900769e-04
5.503838e+00 -8.674850e-01 -3.738880e-01 2.993671e-02 1.579306e-02 -3.664265e-02 -1.814858e-04
9.857496e+00 3.766728e-01 7.221777e-01 1.086877e-01 -3.230697e-02 1.685064e-02 -1.365553e-03
3.304765e+00 7.796593e-01 2.264155e-01 9.265525e-03 -1.046700e-02 3.604300e-02 2.089619e-03
9.288805e+00 1.063710e-01 -7.460256e-01 4.210823e-02 3.807039e-02 5.428211e-03 2.370099e-03
1.385707e+00 6.053206e-02 5.189645e-02 8.902526e-03 -8.773691e-02 1.023364e-01 1.743718e-03
7.382799e+00 1.805418e-02 1.736355e-01 4.236789e-03 -9.220663e-02 9.587411e-03 4.402244e-03
1.439469e+00 -2.598648e-02 -1.234658e-02 -6.408628e-03 9.388107e-02 -1.975964e-01 6.488573e-03
3.697043e+00 -2.909902e-01 4.381225e-01 1.605591e-02 -3.887376e-02 -2.581900e-02 1.186062e-03
8.608452e+00 -2.255963e-01 -7.809136e-02 -2.895698e-02 2.097960e-02 -6.060747e-02 1.292298e-03
6.923945e+00 -1.116752e-01 3.167654e-01 1.648268e-02 -5.441395e-02 -1.918357e-02 1.778696e-03
1.405496e+00 -2.015685e-01 4.387034e-01 1.154941e-02 -5.122201e-02 -2.353468e-02 6.355194e-03
5.547278e+00 4.389397e-01 4.847259e-02 7.679341e-02 -5.779378e-03 5.233469e-02 -3.909743e-03
1.267535e+00 1.829318e-01 1.445269e-01 -2.663954e-02 -4.197783e-02 5.313254e-02 -2.135302e-03
7.898982e+00 5.496746e-01 1.294345e-01 7.583818e-03 -9.904161e-03 4.206039e-02 1.726045e-03
7.475056e+00 -1.850097e-01 7.154638e-02 -1.927093e-02 -2.769681e-02 -7.162036e-02 9.410056e-04
1.757850e+00 5.833389e-02 -1.261805e-01 3.211021e-03 8.491942e-02 3.925869e-02 -8.354469e-03
9.607387e+00 2.447239e-02 -8.791234e-01 7.545793e-02 3.303805e-02 9.196889e-04 -4.401768e-04
4.884463e+00 -1.050401e-01 5.519517e-02 6.446438e-03 -5.393918e-02 -1.026498e-01 -8.969370e-04
4.675487e+00 -5.270806e-01 4.821244e-02 3.763036e-02 -4.358581e-03 -4.765002e-02 -7.872393e-04
4.427208e+00 -3.958989e-03 7.003367e-03 -5.678016e-04 -3.612740e-01 -2.042275e-01 -6.972896e-03
9.110275e+00 -2.470046e-01 -3.365811e-01 5.560844e-02 4.703966e-02 -3.452068e-02 -1.289733e-03
8.714450e+00 8.246301e-03 3.736087e-02 -4.109170e-03 -1.635558e-01 3.610007e-02 -4.493121e-03
6.874009e+00 -1.217082e-01 -4.071807e-02 3.508387e-03 3.102150e-02 -9.272471e-02 3.176549e-03
2.223025e+00 -6.613034e-01 -2.069362e-01 -3.556337e-02 1.207597e-02 -3.859102e-02 -3.701931e-03
8.755186e+00 2.083034e-01 5.360804e-01 -1.005679e-03 -4.155605e-02 1.614733e-02 -1.411349e-03
8.941138e+00 2.362277e-02 -5.138942e-02 3.050927e-03 1.524524e-01 7.007955e-02 7.295859e-03
6.365588e-01 3.729651e-01 8.685242e-01 -4.261287e-02 -3.683006e-02 1.581571e-02 -1.196043e-03
2.221472e+00 5.553958e-01 5.386114e-01 1.749556e-02 -2.896599e-02 2.986864e-02 1.569393e-03
6.391239e+00 -7.026862e-01 -6.410760e-01 2.145055e-02 2.224676e-02 -2.438477e-02 -6.075820e-05
9.952632e+00 3.900110e-01 1.151257e-02 1.308832e-02 -1.552916e-03 5.260809e-02 1.664727e-03
4.145918e+00 2.014384e-01 5.370961e-01 -5.126957e-02 -4.033483e-02 1.512761e-02 4.671325e-04
1.931003e+00 -3.576304e-01 -1.143235e-01 -3.348346e-02 1.969335e-02 -6.160536e-02 -3.238031e-04
2.371700e+00 6.427079e-01 7.198277e-01 6.495463e-02 -2.613432e-02 2.333438e-02 1.153357e-03
1.376018e+00 3.491834e-03 -3.120173e-02 3.722966e-03 1.879252e-01 2.103101e-02 -4.928501e-03
2.827936e+00 -3.007384e-01 1.379612e-01 -2.520795e-02 -2.763150e-02 -6.023326e-02 2.889597e-03
5.828365e+00 -6.247932e-02 -9.986070e-02 -3.659907e-03 9.480008e-02 -5.931307e-02 9.444744e-04
7.713755e+00 4.913252e-01 -8.617045e-01 9.888113e-02 3.047453e-02 1.737591e-02 -1.741485e-03
6.478942e+00 2.795045e-02 1.606875e-01 -1.639388e-02 -8.238203e-02 1.432977e-02 3.579573e-03
9.822588e+00 2.821623e-01 3.637362e-01 -5.839094e-02 -4.185814e-02 3.247076e-02 3.194657e-03
9.434797e+00 -4.023832e-01 2.025158e-01 1.126262e-01 -2.561840e-02 -5.090177e-02 -2.671116e-04
9.798223e+00 7.809532e-01 -4.223308e-01 1.377971e-01 1.646567e-02 3.044750e-02 1.899067e-03
4.392222e+00 6.258166e-01 2.686575e-01 -6.345466e-02 -1.669191e-02 3.888249e-02 -2.000414e-03
6.443569e+00 -5.042294e-01 -5.116196e-01 -1.888188e-01 2.993401e-02 -2.950162e-02 -8.203190e-04
5.577943e+00 -1.521770e-01 -3.699477e-02 4.496017e-03 2.149386e-02 -8.841446e-02 -6.408441e-04
6.215957e+00 7.094381e-01 4.017682e-01 -5.003731e-02 -1.831649e-02 3.234307e-02 -1.286772e-03
9.594562e+00 -1.795204e-01 -3.917435e-01 -7.327277e-02 4.424367e-02 -2.027511e-02 2.967973e-03
3.476177e+00 2.568190e-01 6.772756e-01 -6.169628e-02 -3.997102e-02 1.515678e-02 -2.333554e-03
9.081015e+00 -4.877513e-01 6.827523e-01 5.133367e-02 -3.028441e-02 -2.163488e-02 -2.599704e-03
2.692267e+00 -5.947902e-01 1.194084e-01 2.912383e-02 -8.428295e-03 -4.198253e-02 3.805808e-03
2.711461e+00 2.786684e-01 -5.218973e-02 -8.878454e-03 1.186218e-02 6.333844e-02 9.115178e-05
4.879622e+00 -3.973174e-02 -4.654400e-02 -3.595369e-03 1.087023e-01 -9.279243e-02 -5.023459e-03
4.947461e+00 -1.532946e-01 3.759121e-01 -2.195994e-02 -5.677290e-02 -2.315164e-02 4.354238e-03
1.335886e+00 6.088779e-01 6.589019e-02 2.999784e-03 -4.642015e-03 4.289592e-02 -7.696837e-04
9.216498e+00 -6.302487e-02 3.248675e-01 5.236604e-02 -6.492282e-02 -1.259514e-02 -1.343266e-03
7.745185e+00 1.676177e-01 -6.546974e-02 -1.732546e-02 3.067202e-02 7.852745e-02 -4.176967e-03
5.602172e+00 9.049287e-03 3.967612e-01 5.438560e-02 -5.254175e-02 1.198367e-03 -5.651492e-04
1.474582e+00 4.091460e-02 1.676232e-01 -2.306993e-03 -7.932678e-02 1.936262e-02 -1.476416e-03
9.650914e+00 -7.215587e-01 6.345503e-01 -1.006947e-01 -2.669921e-02 -3.036015e-02 2.659282e-03
6.607729e+00 2.889280e-01 -5.580953e-01 -4.877712e-02 4.167899e-02 2.157737e-02 -3.460971e-03
6.466163e+00 1.288687e-01 3.252394e-01 -2.774896e-02 -5.759546e-02 2.282090e-02 -6.017023e-03
7.014574e+00 -8.201389e-02 -5.222141e-01 4.661838e-02 4.940487e-02 -7.759051e-03 -4.172430e-03
7.483544e+00 4.416563e-02 -2.879974e-02 -4.916496e-03 7.550890e-02 1.157961e-01 -1.012220e-02
4.340110e+00 1.043176e-02 -3.896864e-02 1.947075e-03 1.739609e-01 4.656871e-02 -6.672249e-03
4.105212e+00 -8.020226e-01 -4.721261e-01 -2.462081e-02 1.653024e-02 -2.808070e-02 -1.842566e-03
6.154870e+00 3.159022e-01 5.974133e-01 -9.821787e-02 -3.403286e-02 1.799601e-02 5.175715e-03
7.476952e+00 4.173177e-01 -1.685146e-01 6.039942e-02 1.985120e-02 4.916048e-02 3.514801e-03
9.953941e+00 -2.210064e-02 3.410470e-02 -2.041906e-03 -1.287290e-01 -8.341942e-02 2.534961e-03
2.671107e+00 1.723913e-01 -4.486680e-01 9.803912e-02 4.926176e-02 1.892780e-02 1.507098e-03
1.526808e+00 4.153208e-01 -8.423115e-01 5.085245e-02 3.509123e-02 1.730252e-02 3.970907e-03
2.382337e+00 4.685661e-01 -8.147322e-01 2.147042e-01 2.980823e-02 1.714321e-02 2.495915e-03
1.671205e+00 -5.868414e-01 -4.099731e-01 1.082475e-01 2.517029e-02 -3.602912e-02 -7.336219e-04
6.102697e+00 1.925353e-01 -6.703960e-02 1.460017e-02 2.555439e-02 7.339127e-02 2.476806e-03
5.614315e+00 -6.191520e-01 -3.987538e-01 1.105894e-01 2.349039e-02 -3.647394e-02 1.164062e-03
6.870982e+00 -1.247872e-01 6.621049e-01 -6.333753e-02 -4.269613e-02 -8.046959e-03 1.150199e-03
5.579000e-01 -1.217705e-01 -9.126429e-01 4.841069e-02 3.786222e-02 -5.051812e-03 7.786974e-04
9.249928e+00 -1.597811e-01 4.015380e-01 4.156159e-02 -5.226646e-02 -2.079801e-02 4.377523e-03
2.560703e+00 3.912399e-01 -7.550689e-01 -9.570410e-02 3.059089e-02 1.585071e-02 1.077911e-03
3.185118e+00 1.179845e-01 -2.122648e-01 4.676103e-03 6.190313e-02 3.440802e-02 -1.413837e-03
5.811942e+00 8.938499e-02 -4.084194e-01 -5.725719e-02 5.835577e-02 1.277150e-02 3.663857e-03
6.941332e+00 3.407858e-02 -1.927774e-01 1.107022e-03 8.495798e-02 1.501861e-02 2.131439e-03
8.265917e+00 5.156167e-03 8.568007e-01 -4.144513e-02 -4.219693e-02 2.539382e-04 -2.118049e-03
4.982034e+00 7.391365e-02 2.811896e-02 1.017103e-03 -4.465014e-02 1.173676e-01 4.246099e-03
3.303922e+00 -6.395728e-02 6.572445e-01 -7.628658e-02 -4.265389e-02 -4.150703e-03 1.543489e-03
7.010411e-01 1.707674e-01 4.993285e-02 -2.200846e-02 -2.161642e-02 7.392688e-02 5.190393e-04
7.807656e+00 -1.107338e-01 1.203070e-01 3.312512e-02 -6.084010e-02 -5.599885e-02 1.255051e-03
8.564372e+00 -2.444100e-01 2.625347e-01 -4.028931e-03 -3.985050e-02 -3.709933e-02 -1.869765e-03
8.042514e+00 4.529655e-01 -2.387657e-01 2.485977e-02 2.252694e-02 4.273615e-02 2.365038e-04
1.387674e+00 -1.470886e-02 -5.977174e-02 -2.661296e-03 1.462871e-01 -3.599890e-02 6.556128e-04
1.637154e+00 -9.502666e-01 1.665570e-01 3.628406e-02 -6.325022e-03 -3.608650e-02 1.500679e-03
6.767420e+00 -2.257520e-01 1.424263e-01 -3.631647e-02 -3.986919e-02 -6.319444e-02 1.555970e-03
5.955455e+00 9.518828e-02 -3.101606e-01 -6.859327e-03 5.967445e-02 1.831409e-02 -5.328212e-03
1.294142e+00 -1.872047e-01 6.820896e-02 7.479159e-03 -2.495993e-02 -6.850445e-02 -1.053807e-04
8.854294e+00 -7.070501e-01 -6.508878e-01 -9.726239e-02 2.405825e-02 -2.613414e-02 1.570497e-03
5.822261e+00 -7.138014e-01 3.562320e-01 -1.285233e-01 -1.721618e-02 -3.449700e-02 -6.692291e-04
4.629838e+00 -3.857992e-03 -5.959385e-01 8.960168e-02 4.650456e-02 -3.010616e-04 -2.008467e-03
9.301471e+00 2.112208e-01 2.829753e-01 -3.804820e-02 -4.437490e-02 3.312269e-02 1.390688e-03
2.461775e+00 4.773312e-01 2.020306e-01 2.101751e-03 -1.815189e-02 4.288688e-02 -1.295975e-03
6.727860e-01 8.565094e-01 -3.210263e-01 -3.845756e-02 1.268067e-02 3.383247e-02 7.703591e-04
1.753697e+00 3.212762e-01 -8.147320e-02 3.055229e-02 1.649024e-02 6.502658e-02 4.336373e-03
3.325590e+00 3.423206e-01 6.259979e-01 -5.444710e-02 -3.605232e-02 1.971485e-02 1.828454e-03
2.883017e+00 2.449749e-01 -6.299782e-02 -1.763643e-02 1.908664e-02 7.422081e-02 4.687710e-03
5.669540e+00 1.667101e-01 5.936707e-01 4.474785e-02 -4.830554e-02 1.356480e-02 3.309944e-03
5.031148e+00 1.663222e-01 -6.150262e-02 2.987255e-02 3.070814e-02 8.304438e-02 3.526202e-03
3.829507e+00 7.129648e-01 -5.413020e-02 1.682561e-02 3.557998e-03 4.686344e-02 -1.922691e-03
3.670367e+00 1.248084e-02 -7.732436e-01 8.579021e-02 4.214675e-02 6.802860e-04 3.770407e-04
1.081539e+00 -4.789543e-01 -3.246313e-02 7.406381e-03 3.679240e-03 -5.428275e-02 -1.084903e-03
5.849483e+00 2.641023e-01 4.130259e-01 -2.118502e-02 -4.531851e-02 2.897814e-02 9.239451e-04
2.008070e+00 -4.948349e-01 7.610735e-01 -2.985714e-02 -3.298769e-02 -2.144794e-02 2.142447e-03
1.084875e+00 -5.772476e-01 -7.542191e-01 2.613773e-02 2.593097e-02 -1.984648e-02 -1.707657e-03
1.496103e+00 9.285883e-01 1.721006e-01 -1.941734e-01 -6.198199e-03 3.344309e-02 -5.345938e-04
9.167444e+00 -2.569438e-03 -6.932454e-02 -9.546197e-03 1.196484e-01 -4.434638e-03 5.565039e-03
8.633629e+00 1.166673e-01 -4.787704e-01 -2.439112e-03 4.777711e-02 1.164238e-02 -9.032368e-05
9.566148e+00 -9.925280e-02 -7.308296e-01 -6.416173e-02 4.308703e-02 -5.851581e-03 1.597978e-03
3.530871e+00 2.242297e-01 -5.765099e-01 -3.394579e-02 4.018571e-02 1.562996e-02 7.005187e-04
1.980030e+00 7.380391e-01 5.419914e-01 -1.297484e-01 -1.993083e-02 2.714016e-02 2.282996e-04
7.393470e+00 -1.431262e-01 -5.078579e-02 -6.266487e-03 3.110180e-02 -8.765209e-02 -1.931269e-03
7.400420e+00 -2.155805e-01 -3.769065e-01 5.424575e-02 5.190465e-02 -2.968808e-02 -3.963702e-03
3.501533e+00 3.883889e-02 -7.058135e-01 -6.398966e-03 4.738771e-02 2.607609e-03 8.769464e-04
7.737916e+00 3.441921e-01 3.262754e-02 1.837979e-02 -5.257245e-03 5.545935e-02 1.747100e-03
9.213505e+00 1.172322e-01 4.030294e-02 -6.087816e-03 -3.153678e-02 9.173339e-02 1.050550e-03
7.505295e+00 -6.846114e-03 -4.728226e-01 4.671806e-02 4.480902e-02 -6.488007e-04 2.842831e-03
6.288777e+00 7.170720e-01 4.598104e-01 -4.591050e-02 -1.985258e-02 3.096001e-02 2.557499e-03
7.887206e+00 -1.117483e-01 -8.717109e-01 -2.685187e-02 4.086237e-02 -5.238320e-03 1.581512e-03
8.559128e+00 -8.128897e-02 -8.928182e-01 -1.181608e-01 4.161032e-02 -3.788520e-03 -7.062784e-05
1.382840e+00 4.413329e-01 -2.946262e-01 -7.325636e-02 2.640840e-02 3.955825e-02 -2.445243e-03
9.254257e+00 -2.514377e-01 -2.375635e-01 3.598083e-03 4.493210e-02 -4.755623e-02 -8.486609e-04
5.823396e+00 -5.723232e-01 8.167265e-01 2.326841e-01 -2.628608e-02 -1.842004e-02 -2.812161e-03
7.583906e+00 -5.204117e-01 -1.829937e-01 8.488668e-02 1.503188e-02 -4.274882e-02 -6.192527e-04
8.391152e+00 -3.434440e-01 -4.900158e-01 1.157462e-01 3.375115e-02 -2.365563e-02 -1.754171e-03
3.231776e+00 -5.796652e-02 -1.025866e-01 5.504434e-03 9.918623e-02 -5.604517e-02 5.875017e-03
4.639647e+00 -4.280747e-02 -7.198076e-02 2.522806e-03 9.355245e-02 -5.563631e-02 -9.770777e-04
4.210649e+00 -6.590911e-01 -7.266277e-01 -5.225516e-03 2.670473e-02 -2.422265e-02 3.606131e-03
6.089411e+00 4.550147e-02 -1.564621e-01 7.625015e-03 7.787413e-02 2.264694e-02 4.051318e-04
3.423596e+00 -6.690236e-01 3.266254e-01 -1.621979e-01 -1.681640e-02 -3.444488e-02 -3.614634e-03
3.095666e+00 -1.262110e-01 1.280651e-01 2.728601e-03 -6.435727e-02 -6.342553e-02 1.234052e-02
7.960513e+00 -9.267941e-01 -3.057603e-01 9.698302e-02 9.988041e-03 -3.027488e-02 -1.621676e-03
8.777361e+00 -3.528880e-01 -3.204170e-01 -7.053104e-02 3.562536e-02 -3.923563e-02 1.862362e-03
8.707982e+00 1.698230e-01 -8.148685e-01 -1.160336e-01 3.895555e-02 8.118550e-03 2.809093e-04
1.494755e+00 8.691159e-01 -2.969302e-01 9.353319e-02 1.184909e-02 3.468233e-02 -2.138768e-03
5.014641e+00 -5.524779e-01 4.826953e-01 -4.173400e-02 -2.811351e-02 -3.217784e-02 -4.748931e-04
3.145791e+00 -2.810619e-01 8.365152e-02 1.741534e-02 -1.851762e-02 -6.221761e-02 9.924029e-04
2.109300e+00 -2.106758e-01 -2.256244e-01 1.913830e-02 4.361261e-02 -4.072310e-02 -1.643071e-03
7.692618e+00 3.614247e-01 3.528943e-01 -4.031888e-02 -3.012753e-02 3.085579e-02 2.042308e-03
2.280840e+00 2.083058e-01 -7.087475e-02 2.178330e-02 2.731243e-02 8.027312e-02 -1.255375e-03
7.417170e+00 -3.473127e-01 4.870807e-01 -2.660711e-03 -3.823997e-02 -2.726699e-02 -2.493085e-03
5.457158e+00 -5.155630e-01 -4.594952e-01 -3.265573e-02 2.867096e-02 -3.216941e-02 2.100244e-03
8.351329e+00 -3.733218e-03 8.330871e-03 4.297417e-04 -3.709713e-01 -1.662391e-01 1.174814e-02
2.691388e+00 2.693295e-01 -2.055696e-02 1.414492e-02 5.301562e-03 6.945904e-02 2.075707e-03
6.488636e+00 -2.264517e-01 1.330874e-01 -4.633608e-03 -3.161579e-02 -5.379507e-02 -1.566962e-03
2.085571e+00 6.461061e-01 -7.044861e-01 -5.953127e-02 2.317384e-02 2.125345e-02 4.458114e-04
3.750014e+00 -3.563119e-01 -1.461338e-01 -9.972179e-03 2.301332e-02 -5.611243e-02 -4.995471e-03
7.321181e+00 5.350612e-01 4.782095e-01 -3.418508e-02 -2.414603e-02 2.701661e-02 -4.158898e-04
5.299140e+00 1.787166e-01 -7.762044e-01 -7.743463e-02 4.021691e-02 9.259711e-03 -4.572117e-04
5.754187e+00 1.228873e-02 2.129387e-02 3.218017e-03 -2.003300e-01 1.156108e-01 -1.998686e-02
1.484238e+00 -3.339936e-01 -5.174086e-01 1.671445e-03 3.632126e-02 -2.344581e-02 -7.555777e-04
3.498949e+00 -4.106728e-02 -2.612343e-03 -4.505541e-03 1.065386e-02 -1.674838e-01 -3.854076e-04
3.005118e+00 -4.389002e-02 -1.870603e-01 -8.922745e-03 8.048732e-02 -1.888477e-02 -2.528135e-03
4.171532e+00 -1.156314e-01 -8.505134e-03 -7.629629e-03 6.907275e-03 -9.390777e-02 6.359008e-04
4.666293e+00 2.332308e-01 -9.980843e-02 -9.514500e-04 2.823262e-02 6.597357e-02 -6.910189e-03
6.708596e+00 -1.674387e-01 2.358444e-01 1.612034e-02 -4.855869e-02 -3.447445e-02 4.219477e-05
8.101291e+00 6.814531e-01 4.763527e-01 9.125417e-02 -2.362680e-02 3.379965e-02 3.212744e-03
8.429010e+00 -2.810496e-01 -1.112166e-01 -5.421829e-02 2.193452e-02 -5.542956e-02 9.228410e-05
5.773043e+00 3.521386e-01 8.685452e-01 7.319949e-02 -3.364342e-02 1.364022e-02 6.406147e-04
5.995827e+00 -5.875704e-02 -2.745594e-01 -2.334594e-04 6.419594e-02 -1.373824e-02 1.951544e-07
9.769382e+00 2.029904e-01 7.755111e-02 4.145583e-02 -2.524586e-02 6.608116e-02 -3.784862e-03
4.372260e+00 -7.726115e-03 -2.889964e-01 -1.689631e-02 6.923944e-02 -1.851068e-03 3.997553e-03
7.263439e+00 -1.325523e-03 1.035894e-01 -6.149997e-03 -1.234671e-01 -1.579876e-03 -4.600093e-03
2.634931e+00 3.966550e-01 -1.029547e-01 3.608207e-04 1.294336e-02 4.986709e-02 -3.192584e-03
5.058881e+00 8.947707e-01 1.359322e-01 6.254949e-02 -6.103041e-03 4.017314e-02 8.332505e-05
9.938705e+00 -6.521574e-01 4.914534e-01 -4.212044e-02 -2.587352e-02 -3.433410e-02 -7.579593e-04
7.507943e+00 -2.925632e-01 -5.912510e-01 -2.902294e-02 4.360873e-02 -2.157850e-02 -1.131284e-03
7.368800e+00 -7.890154e-02 8.951865e-01 -8.168648e-02 -4.127696e-02 -3.638142e-03 -4.227382e-03
3.064192e+00 -1.771690e-01 3.388831e-02 3.257844e-03 -1.737523e-02 -9.083814e-02 4.258505e-03
8.628165e+00 -3.229681e-01 -8.603610e-01 3.940264e-02 3.661062e-02 -1.374314e-02 -5.261527e-04
4.782365e+00 3.302773e-02 -2.140167e-01 5.268238e-03 7.808823e-02 1.205082e-02 3.727612e-03
9.688665e+00 -5.528208e-02 8.336383e-01 -7.505138e-02 -3.792647e-02 -2.515064e-03 2.308160e-03
5.434595e+00 2.534911e-01 -2.448527e-01 3.442494e-02 4.296973e-02 4.448570e-02 4.093527e-03
6.916964e+00 1.130031e-01 1.535725e-01 -9.381390e-03 -6.345940e-02 4.669526e-02 -7.819859e-03
5.732027e+00 -2.061855e-02 -1.460879e-01 3.064800e-03 9.396662e-02 -1.326226e-02 -4.661438e-03
7.301488e-01 1.422814e-01 1.870506e-02 1.231503e-02 -1.313378e-02 9.990305e-02 5.688080e-03
5.096977e+00 -6.326026e-01 -6.041802e-01 6.724582e-02 2.667620e-02 -2.793113e-02 -3.237039e-03
7.793207e+00 7.657491e-01 -1.516079e-02 1.994966e-02 8.160561e-04 4.121777e-02 -6.997595e-04
8.044837e+00 8.491699e-02 -2.353542e-01 1.770828e-03 6.761030e-02 2.439414e-02 4.216288e-04
9.223065e+00 -1.640373e-02 7.618787e-02 -6.868901e-03 -1.165837e-01 -2.510122e-02 6.003843e-03
1.170604e+00 3.555444e-01 -7.125019e-01 -4.899377e-02 3.118939e-02 1.556376e-02 -7.919302e-04
6.917034e+00 5.258080e-01 1.032782e-01 -4.772923e-02 -8.485889e-03 4.320319e-02 8.327062e-04
7.248352e+00 -2.626209e-01 1.786238e-01 -4.181184e-03 -3.370274e-02 -4.955130e-02 2.320618e-03
2.094056e+00 6.221959e-01 -1.665603e-01 7.356668e-02 1.159251e-02 4.330452e-02 5.717878e-04
5.276939e+00 5.616538e-01 -1.686137e-01 -4.917391e-03 1.227131e-02 4.087585e-02 -7.110481e-04
5.990702e-01 -1.027049e-01 -3.927482e-01 -1.238915e-02 5.984222e-02 -1.564894e-02 3.805049e-03
4.879890e+00 5.687952e-01 -1.819513e-01 3.577804e-02 1.373801e-02 4.294616e-02 3.675145e-04
3.153951e+00 1.126093e-01 -1.659678e-01 -1.591502e-02 5.731937e-02 3.889123e-02 -5.872910e-03
1.013001e+00 5.389950e-01 1.897370e-01 -1.001899e-01 -1.508190e-02 4.284388e-02 1.055341e-03
3.957365e+00 -6.570463e-01 -5.378368e-01 -2.545999e-02 2.302874e-02 -2.813297e-02 -3.221845e-04
7.191462e+00 -1.460746e-01 -3.142180e-01 -4.094755e-02 6.121356e-02 -2.845715e-02 -6.891714e-03
9.409223e+00 -2.268329e-02 -5.807560e-02 -7.591597e-03 1.238670e-01 -4.838022e-02 -2.782243e-03
3.100376e+00 5.688965e-01 3.547482e-01 -5.128304e-02 -2.443523e-02 3.918588e-02 1.559321e-04
9.490570e+00 -6.849822e-01 6.384523e-01 1.485107e-01 -2.157279e-02 -2.314500e-02 1.719304e-03
8.782807e+00 -2.371484e-01 5.623256e-01 -6.695189e-02 -4.400266e-02 -1.855714e-02 -1.985311e-03
3.361715e+00 -7.430454e-02 -1.317157e-01 1.811651e-02 8.498266e-02 -4.794111e-02 -1.474349e-03
5.954202e+00 2.268145e-01 -5.365446e-02 3.688398e-02 1.749888e-02 7.397334e-02 1.113322e-03
4.276958e+00 9.262657e-02 9.493511e-02 1.385212e-02 -6.862639e-02 6.695761e-02 1.045743e-02
6.209235e+00 7.413763e-01 4.642571e-01 5.974316e-03 -1.788804e-02 2.856557e-02 -2.727956e-03
7.338030e+00 -1.695581e-01 8.716054e-01 -4.789148e-02 -3.834271e-02 -7.459015e-03 4.221761e-04
1.478813e+00 -4.475636e-01 -5.731169e-02 1.075214e-02 6.963073e-03 -5.437666e-02 1.336880e-03
2.091707e+00 3.177979e-01 -2.836095e-01 3.890258e-02 3.324384e-02 3.725131e-02 1.282514e-03
4.781299e+00 2.574414e-01 2.825075e-01 2.726052e-03 -4.160668e-02 3.791504e-02 -3.386952e-03
4.845050e+00 4.491429e-01 -6.047288e-02 1.247202e-02 7.901804e-03 5.868811e-02 4.234480e-03
1.184392e+00 -2.435473e-01 -2.698438e-01 -1.900481e-02 4.441363e-02 -4.008547e-02 -1.530715e-03
7.657196e+00 -5.660714e-01 -5.358871e-01 -8.244663e-02 2.757615e-02 -2.912940e-02 1.400563e-03
6.183033e+00 -3.224564e-02 5.462064e-02 -1.194822e-03 -1.059255e-01 -6.253381e-02 6.084491e-03
5.835922e+00 -1.862035e-01 3.342385e-02 2.141138e-03 -1.324765e-02 -7.380236e-02 1.570798e-03
4.760478e+00 -9.497382e-01 1.014346e-01 -1.348584e-01 -4.105279e-03 -3.843798e-02 -1.458575e-03
4.180388e+00 -5.437551e-01 5.037111e-01 -1.802075e-02 -3.035185e-02 -3.276476e-02 -1.628440e-03
7.063475e+00 6.204039e-02 -4.838016e-02 -5.059978e-03 7.452045e-02 9.556144e-02 -6.336525e-03
4.908937e+00 2.357403e-01 3.699325e-01 4.775083e-02 -4.525187e-02 2.883685e-02 -9.252023e-04
8.931412e+00 1.039065e-03 -4.018527e-03 2.808128e-04 5.393886e-01 1.394689e-01 -3.677644e-02
8.949147e+00 -7.884025e-02 4.142622e-01 2.340466e-02 -5.348006e-02 -1.017805e-02 -2.454156e-03
3.860939e+00 -3.914221e-01 6.545395e-01 -4.867630e-02 -3.082518e-02 -1.843381e-02 -3.070147e-05
7.057858e+00 -1.461924e-01 7.534192e-01 -5.841769e-02 -4.060954e-02 -7.879819e-03 -6.157286e-04
3.188056e+00 2.123697e-01 8.670061e-01 4.958387e-02 -3.180866e-02 7.791406e-03 3.608537e-03
8.707702e-01 -5.483923e-01 4.333243e-01 -5.545116e-02 -2.944382e-02 -3.726254e-02 -5.040513e-03
8.843636e+00 7.945170e-02 -1.506717e-01 5.521845e-03 6.593608e-02 3.476920e-02 -6.211452e-04
7.164454e+00 2.303207e-01 2.152737e-01 -2.649690e-02 -4.783452e-02 5.117800e-02 2.127603e-03
8.564248e+00 1.831195e-01 3.366198e-01 -7.234907e-03 -5.242879e-02 2.852101e-02 -8.955272e-04
8.599030e+00 9.910325e-02 -9.222347e-01 1.112942e-01 4.097657e-02 4.403338e-03 3.285252e-03
7.077103e+00 4.343587e-01 -1.246764e-01 3.657633e-02 1.485835e-02 5.176483e-02 2.538452e-03
2.847385e+00 1.219098e-01 -2.054151e-01 -1.038717e-03 6.898670e-02 4.094224e-02 -3.206657e-04
1.511528e+00 8.252275e-02 -8.339373e-01 -1.790732e-01 4.289688e-02 4.244886e-03 -1.107461e-03
7.750654e+00 2.542860e-01 -3.532471e-01 5.583108e-02 3.763837e-02 2.709410e-02 2.004860e-03
4.489901e+00 -8.227727e-02 -8.852507e-01 1.261729e-01 3.629142e-02 -3.373009e-03 -2.483339e-04
1.667804e+00 -9.073995e-01 -1.832073e-01 6.045481e-02 6.930680e-03 -3.432667e-02 5.144281e-04
8.263395e+00 4.453725e-01 2.307691e-01 -3.817657e-03 -2.216630e-02 4.277982e-02 -4.862995e-03
7.151958e+00 -3.173886e-01 -6.771102e-01 1.216788e-01 3.753096e-02 -1.759226e-02 7.166663e-03
8.380242e+00 4.915113e-01 6.317923e-01 4.142211e-02 -3.111790e-02 2.420859e-02 -8.399502e-04
7.683610e+00 4.789008e-01 5.115781e-01 4.729164e-02 -3.451290e-02 3.230838e-02 -1.879164e-03
8.645150e+00 7.107897e-01 -2.353975e-01 -1.642846e-03 1.149371e-02 3.470560e-02 4.765742e-04
2.430086e+00 1.812756e-01 -7.308920e-01 9.158476e-02 4.408497e-02 1.093394e-02 -3.437223e-03
4.421531e+00 2.556909e-01 -8.913332e-01 1.563276e-02 3.853040e-02 1.105296e-02 2.191848e-03
8.840563e+00 -8.426903e-01 -2.643070e-01 2.016864e-01 1.080527e-02 -3.445045e-02 2.937841e-04
4.459267e+00 4.669583e-01 -2.024257e-01 -1.871968e-02 1.776307e-02 4.097608e-02 6.345629e-04
3.287247e+00 -3.622431e-01 2.966983e-01 -5.570379e-04 -3.459886e-02 -4.224223e-02 -6.004729e-03
9.993183e+00 2.732304e-02 3.801320e-01 -8.440974e-03 -6.092179e-02 4.378923e-03 -7.078938e-04
9.593879e+00 8.387694e-01 4.478045e-01 2.033730e-02 -1.873713e-02 3.509596e-02 1.154101e-03
7.501733e+00 -1.577645e-01 7.537770e-02 -2.543445e-02 -4.092667e-02 -8.565899e-02 4.613657e-03
3.155503e+00 1.505232e-01 -5.096033e-01 -1.872162e-02 5.175019e-02 1.528562e-02 -2.706144e-03
8.979203e+00 -8.003134e-01 5.085660e-01 -1.544696e-01 -1.782753e-02 -2.805460e-02 6.478032e-04
2.215210e+00 2.350430e-01 -1.693660e-01 2.709186e-02 3.620176e-02 5.024014e-02 2.021886e-03
3.958716e+00 8.594923e-03 -3.653869e-01 1.850150e-02 5.705408e-02 1.342072e-03 -2.525309e-03
3.038645e+00 -1.289116e-01 6.800135e-01 -5.797493e-02 -3.713164e-02 -7.039120e-03 -7.900816e-04
6.393545e+00 2.100338e-01 -5.357999e-01 -5.404401e-03 3.981724e-02 1.560838e-02 3.216240e-03
5.290713e+00 2.758982e-01 7.122173e-01 1.203757e-01 -4.107619e-02 1.591206e-02 3.284292e-03
9.092673e+00 8.317474e-02 -3.974099e-02 8.630012e-03 4.356654e-02 9.118132e-02 1.407982e-03
7.442573e-01 1.781635e-03 -1.005196e-01 -2.721587e-02 1.216319e-01 2.155835e-03 1.158926e-02
1.324468e+00 2.287229e-01 1.734670e-01 4.057208e-02 -3.981595e-02 5.249885e-02 -7.722336e-03
1.579357e+00 4.007054e-01 -6.980169e-01 1.062053e-02 3.041286e-02 1.745889e-02 -1.593525e-03
6.026518e+00 -2.608357e-01 8.212527e-01 1.666517e-02 -3.466688e-02 -1.101045e-02 1.789659e-03
1.369381e+00 4.637732e-02 -6.416243e-01 -1.077181e-02 4.378918e-02 3.165131e-03 -1.090422e-03
6.585849e+00 5.646387e-01 -4.416853e-02 -4.517001e-03 3.899135e-03 4.984550e-02 -4.298674e-04
1.854239e+00 -2.532253e-01 6.951670e-01 -3.031648e-03 -3.551669e-02 -1.293750e-02 7.013711e-04
4.249810e+00 -2.291156e-01 -1.335678e-01 1.156508e-02 3.881497e-02 -6.658127e-02 -1.805798e-03
9.752579e+00 -6.912679e-01 3.737222e-02 3.478070e-02 -2.576848e-03 -4.766354e-02 -1.323325e-03
7.954510e+00 5.789055e-01 2.773732e-01 4.256464e-04 -2.045913e-02 4.270023e-02 -1.225966e-03
8.829783e+00 9.293935e-01 2.382823e-01 5.233665e-02 -8.180346e-03 3.190652e-02 6.664577e-04
8.295128e+00 -4.387685e-03 -4.113791e-01 -2.767885e-02 5.560150e-02 -5.930341e-04 2.453233e-03
8.578464e+00 -3.496292e-01 -3.189483e-01 -8.139960e-02 3.090861e-02 -3.388183e-02 -3.210034e-03
5.787141e+00 -7.495559e-01 -1.953062e-01 -2.844748e-02 1.121579e-02 -4.304453e-02 -3.518073e-04
8.025902e+00 6.783195e-01 3.672725e-01 -5.992265e-02 -1.723275e-02 3.182735e-02 5.928407e-04
7.260792e+00 -1.981321e-01 2.549942e-02 -5.757645e-03 -1.124886e-02 -8.740435e-02 6.781708e-05
3.221840e+00 -1.266834e-01 4.065656e-02 -2.070563e-02 -3.231222e-02 -1.006829e-01 2.192454e-03
3.066008e+00 6.349671e-02 6.413998e-03 -3.103354e-03 -1.556485e-02 1.540875e-01 -4.319261e-03
2.520207e+00 5.606525e-03 -5.759990e-02 -4.051166e-03 1.428567e-01 1.390505e-02 1.557980e-03
2.312502e+00 2.259377e-01 3.002482e-01 -2.860634e-02 -5.140275e-02 3.868074e-02 -6.719889e-03
9.110093e+00 -5.733257e-02 -6.332273e-02 -1.524202e-02 8.925812e-02 -8.081455e-02 3.602051e-03
5.393648e+00 2.828068e-01 -4.445934e-01 -1.173998e-02 4.443776e-02 2.826695e-02 7.191080e-04
7.789498e-01 -5.986602e-02 1.872127e-01 -7.656790e-03 -7.722822e-02 -2.469568e-02 -3.994298e-03
6.154568e+00 -1.241997e-01 -7.871194e-02 -6.771065e-03 4.878172e-02 -7.697277e-02 -1.792541e-03
3.400389e+00 6.403996e-02 2.774008e-01 1.809577e-02 -5.828373e-02 1.345522e-02 4.421989e-03
3.513926e+00 -9.035649e-02 -1.515871e-01 1.989688e-02 6.984172e-02 -4.163054e-02 6.860059e-03
8.876007e+00 -6.906829e-01 -5.137398e-01 6.294682e-02 2.079237e-02 -2.795370e-02 -1.216110e-03
6.223657e+00 -1.872481e-01 8.427188e-02 1.119103e-02 -2.915178e-02 -6.477387e-02 2.146177e-03
9.347174e+00 -1.902183e-01 -8.385271e-02 6.182655e-03 3.451255e-02 -7.829109e-02 -5.461743e-03
3.687000e+00 -1.424130e-01 -2.357867e-01 -1.648775e-02 6.272524e-02 -3.788548e-02 1.065748e-03
3.818620e+00 4.668806e-02 -7.143350e-01 8.950473e-02 4.480071e-02 2.928120e-03 1.428189e-03
7.284525e+00 -7.090825e-01 8.450007e-02 8.630067e-02 -4.423442e-03 -3.711932e-02 -1.699326e-03
2.160111e+00 -2.788604e-01 -2.128295e-01 5.204466e-03 3.651747e-02 -4.784710e-02 4.209699e-03
3.061520e+00 3.670295e-02 -8.015595e-02 -4.034530e-03 1.163388e-01 5.327086e-02 6.756442e-03
9.272760e+00 -8.791835e-02 9.235066e-01 7.124447e-02 -3.834147e-02 -3.650129e-03 2.822953e-03
1.352704e+00 -1.186154e-01 2.382441e-02 -8.267114e-03 -1.990242e-02 -9.908891e-02 -9.455598e-03
7.674860e+00 7.318246e-03 4.553485e-03 2.963427e-05 -2.074991e-01 3.334873e-01 5.550568e-03
6.962519e+00 -5.119302e-01 6.436103e-01 -9.420439e-02 -3.006790e-02 -2.391613e-02 -3.934077e-04
9.159160e+00 1.418108e-01 4.391722e-02 -3.491653e-03 -3.061706e-02 9.886393e-02 -1.034909e-03
1.604217e+00 1.060354e-01 2.264757e-01 1.844397e-02 -6.478491e-02 3.033215e-02 -7.190248e-03
7.960740e+00 -3.335855e-01 -1.429181e-01 1.686756e-02 2.366670e-02 -5.524049e-02 -2.754485e-03
4.995800e+00 5.114695e-01 2.737014e-01 -5.543236e-02 -2.010550e-02 3.757141e-02 -5.846243e-04
2.524459e+00 -2.178530e-01 -7.958323e-02 2.768662e-02 2.509986e-02 -6.870894e-02 1.171131e-04
6.026072e+00 6.642738e-01 -6.911011e-01 9.616311e-02 2.796200e-02 2.687656e-02 1.479869e-03
2.292011e+00 -7.930913e-01 3.862220e-02 1.041971e-01 -1.849186e-03 -3.797228e-02 3.221372e-04
5.480477e+00 -1.089165e-01 1.195284e-01 -1.090598e-02 -6.583709e-02 -5.999201e-02 -1.936439e-04
3.145519e+00 2.866445e-01 3.461390e-01 -6.512250e-03 -4.269648e-02 3.535780e-02 -5.475023e-03
5.260213e+00 1.854852e-01 7.161042e-02 4.339031e-02 -2.773548e-02 7.184040e-02 2.167047e-03
5.338275e+00 -5.257453e-01 2.333266e-02 4.999616e-02 -2.124999e-03 -4.788173e-02 5.264315e-04
4.150132e+00 2.273014e-01 -7.721205e-01 -6.099657e-02 3.508379e-02 1.032817e-02 -1.142106e-04
9.425415e+00 -8.975426e-02 8.688899e-01 1.324837e-01 -3.441030e-02 -3.554502e-03 -6.686345e-04
2.936383e+00 6.026739e-01 -4.225276e-01 -9.851165e-02 2.499704e-02 3.565463e-02 2.059201e-03
5.195212e+00 3.181632e-01 -2.151469e-01 -4.604737e-02 3.080668e-02 4.555748e-02 3.562082e-03
1.851813e+00 7.917756e-01 -1.258154e-01 8.825360e-02 6.225540e-03 3.917828e-02 -1.009328e-03
8.410210e+00 -4.252090e-02 -8.789688e-01 -4.448825e-02 3.599307e-02 -1.741197e-03 3.322392e-03
9.592870e+00 9.197687e-02 -3.973988e-01 -2.102103e-02 5.962842e-02 1.380084e-02 -2.583645e-03
1.035476e+00 -8.070792e-01 -5.045064e-01 1.530483e-02 1.708094e-02 -2.732506e-02 -8.835293e-04
5.897431e+00 -4.274059e-01 -1.843633e-01 -1.644834e-02 2.077057e-02 -4.815202e-02 -4.164817e-03
5.696432e+00 -1.087791e-02 -3.096274e-02 -5.236438e-03 2.019465e-01 -7.094834e-02 -9.553980e-03
1.257762e+00 3.101143e-01 6.465705e-01 1.208693e-02 -4.251232e-02 2.039017e-02 4.137849e-03
7.188304e+00 5.073183e-01 -7.865317e-01 -6.013379e-02 3.291474e-02 2.123023e-02 2.109900e-03
3.777669e+00 -3.813695e-01 5.201714e-01 1.591023e-02 -3.689510e-02 -2.705006e-02 -1.020975e-04
9.241565e+00 -2.201307e-01 -1.279278e-01 2.367310e-02 3.481005e-02 -5.989912e-02 2.439464e-03
9.534386e+00 4.809950e-01 -4.567064e-02 3.385866e-02 4.864538e-03 5.123244e-02 -3.319080e-03
2.948379e+00 -3.633401e-01 1.533475e-01 1.171732e-03 -2.200558e-02 -5.213983e-02 8.520591e-04
2.691345e+00 -6.153375e-02 4.822504e-02 -5.464318e-03 -8.497570e-02 -1.084265e-01 1.172891e-02
6.009196e+00 -2.894461e-01 -1.568897e-01 -5.541787e-03 2.568336e-02 -4.738327e-02 2.842854e-04
1.941607e+00 -1.092504e-01 -5.934052e-01 -9.028616e-02 4.349372e-02 -8.007522e-03 -1.974216e-03
3.671201e+00 -9.484935e-02 1.116182e-01 3.064039e-02 -6.145637e-02 -5.222355e-02 -2.830532e-03
9.829708e+00 7.616279e-02 -1.743536e-01 -1.235860e-02 7.356405e-02 3.213494e-02 -3.875041e-03
8.661035e+00 2.029202e-01 -8.144119e-01 -6.575067e-02 3.927599e-02 9.786067e-03 2.242512e-03
5.859484e+00 -7.276346e-01 3.773481e-03 4.118753e-02 -2.285514e-04 -4.407121e-02 8.443704e-04
2.030827e+00 -3.738628e-01 -8.077131e-02 2.653680e-03 1.211137e-02 -5.605940e-02 -1.580764e-03
6.052476e+00 7.093078e-01 1.146041e-02 -5.391045e-02 -6.257326e-04 3.872785e-02 8.945454e-05
9.613316e+00 9.034933e-02 1.057286e-01 7.558293e-03 -8.010145e-02 6.844992e-02 8.104685e-03
5.343074e+00 9.915698e-03 6.017106e-01 -3.512263e-02 -4.052188e-02 6.677673e-04 4.635926e-03
9.557522e+00 6.561797e-01 -1.687438e-01 6.252065e-02 1.001854e-02 3.895824e-02 -9.773201e-04
8.898864e+00 -5.770161e-03 3.387235e-01 3.785927e-02 -6.815201e-02 -1.160971e-03 5.397827e-03
9.180559e+00 8.721730e-01 2.389645e-01 -1.835485e-01 -1.052486e-02 3.841364e-02 1.842989e-03
2.473552e+00 -6.515916e-01 -5.156087e-01 5.646581e-02 2.107354e-02 -2.663132e-02 1.311700e-03
3.960020e+00 -2.010545e-01 3.000164e-01 4.781908e-02 -4.913638e-02 -3.292851e-02 -5.144828e-03
6.349988e+00 1.260456e-01 -3.237966e-01 -1.228646e-03 5.684443e-02 2.212806e-02 2.531184e-04
9.134536e+00 5.157914e-01 -5.828885e-01 5.165123e-02 3.005528e-02 2.659558e-02 -3.051621e-03
9.889369e+00 -3.788123e-01 8.753861e-01 2.730485e-02 -3.126476e-02 -1.352943e-02 -2.438500e-03
8.347360e+00 -1.016777e-01 -2.643316e-01 -2.128311e-02 6.900380e-02 -2.654298e-02 9.429702e-03
9.932154e+00 -5.963434e-01 -5.251911e-01 -8.314685e-02 2.365514e-02 -2.685991e-02 -3.738185e-04
7.797905e+00 -9.782775e-01 1.006282e-04 8.041812e-02 -3.709951e-06 -3.606704e-02 -3.263832e-03
7.632716e-01 -7.269818e-02 4.293800e-01 2.453736e-02 -4.789301e-02 -8.108750e-03 5.018014e-04
6.983836e+00 5.651416e-01 -4.902104e-03 -4.546682e-02 4.094038e-04 4.719834e-02 2.224053e-03
9.442757e+00 -6.956290e-01 5.954703e-01 -2.896572e-02 -2.248079e-02 -2.626209e-02 -6.317948e-04
6.045650e+00 1.133849e-01 -5.303316e-01 -2.248697e-02 4.363516e-02 9.329193e-03 -1.692935e-03
1.596708e+00 -5.656596e-01 1.742131e-03 -6.438881e-02 -1.516575e-04 -4.924230e-02 2.566987e-03
3.829378e+00 5.780816e-03 6.141140e-01 -2.878186e-03 -4.885670e-02 4.599009e-04 3.957071e-03
7.471708e-01 1.857648e-01 -4.044681e-01 6.755258e-02 5.180302e-02 2.379218e-02 9.443787e-04
8.604989e+00 -8.163168e-01 -2.154199e-01 4.842659e-02 1.032976e-02 -3.914383e-02 -1.472492e-03
4.053949e+00 -4.327423e-01 2.527689e-01 -2.343295e-02 -2.599082e-02 -4.449648e-02 9.065665e-04
9.296913e+00 2.879485e-01 -2.273824e-01 1.746901e-02 3.806114e-02 4.819920e-02 -2.536526e-04
7.515637e+00 -3.980896e-01 8.106523e-01 -9.258774e-02 -3.431668e-02 -1.685200e-02 8.453558e-04
1.289965e+00 4.585889e-02 8.769137e-02 -1.100282e-02 -9.208403e-02 4.815608e-02 2.415456e-03
4.377878e+00 8.740261e-02 5.652988e-01 5.679129e-03 -5.043220e-02 7.797480e-03 3.826331e-03
3.222710e+00 -1.084882e-01 5.693711e-02 1.730796e-02 -4.064412e-02 -7.744347e-02 -4.240260e-03
2.288632e+00 -3.415775e-01 -2.205005e-02 2.533668e-02 4.011633e-03 -6.214422e-02 9.463340e-04
1.435786e+00 -9.923079e-01 -1.022585e-02 4.033911e-02 3.547782e-04 -3.442737e-02 -1.914074e-03
5.760862e-01 4.093347e-01 4.427478e-01 2.734987e-02 -3.504182e-02 3.239730e-02 3.100645e-03
7.467694e+00 3.848994e-02 1.249449e-01 6.999215e-03 -8.507958e-02 2.620922e-02 4.495538e-03
8.944289e+00 -4.969159e-01 4.158449e-01 -4.684466e-02 -2.770502e-02 -3.310625e-02 -1.875857e-03
7.139294e+00 4.369915e-01 5.047653e-01 7.208910e-02 -3.464936e-02 2.999706e-02 2.026025e-03
9.389931e+00 -2.441161e-02 -3.874783e-02 3.656697e-03 1.445379e-01 -9.106062e-02 -3.995937e-03
3.348010e+00 -2.285149e-01 -7.130022e-01 -4.365543e-02 3.481724e-02 -1.115881e-02 -1.132789e-03
5.919344e+00 3.543438e-01 -2.513522e-01 7.593234e-02 3.381451e-02 4.767001e-02 6.134982e-03
7.043996e+00 -6.480369e-01 1.968492e-01 1.471889e-02 -1.314353e-02 -4.326911e-02 1.122381e-03
5.727440e+00 -3.691971e-02 -9.036590e-04 -3.951472e-04 4.260969e-03 -1.740853e-01 -1.381560e-02
5.967415e+00 3.014771e-01 -2.411712e-01 3.761505e-02 3.966084e-02 4.957822e-02 3.246979e-03
9.414042e+00 -7.402069e-01 1.051402e-01 4.932270e-02 -5.979597e-03 -4.209751e-02 -5.918092e-04
9.398811e+00 -2.146391e-01 7.646258e-01 5.782366e-02 -3.759547e-02 -1.055347e-02 -2.591718e-03
4.953117e+00 -9.484123e-02 -1.952842e-01 9.729712e-03 6.311388e-02 -3.065173e-02 4.609583e-03
2.651295e+00 -1.115267e-01 -5.907971e-02 6.599003e-03 4.197180e-02 -7.923158e-02 -3.431110e-03
5.393963e+00 -6.800329e-01 -4.177590e-01 -7.589425e-02 1.843638e-02 -3.001094e-02 4.099990e-05
6.804732e+00 -5.248864e-01 4.107800e-01 9.614730e-02 -2.708547e-02 -3.460926e-02 3.891108e-04
1.314037e+00 -6.592396e-01 -3.946735e-01 7.913079e-03 2.000954e-02 -3.342277e-02 2.587271e-04
2.039232e+00 -2.364377e-01 -4.676056e-01 -1.119429e-02 4.688799e-02 -2.370820e-02 2.004772e-03
1.791666e+00 8.280935e-02 1.085448e-02 -1.439740e-04 -1.589161e-02 1.212378e-01 4.625286e-03
4.352014e+00 6.200815e-01 4.447061e-01 7.775674e-03 -2.486580e-02 3.467194e-02 2.827993e-03
7.613020e+00 -2.852894e-02 8.126896e-01 -5.365306e-02 -4.389821e-02 -1.541018e-03 1.217709e-04
7.738930e+00 -4.263341e-01 7.116994e-01 -4.363002e-02 -3.747961e-02 -2.245166e-02 -1.727490e-04
5.790920e-01 9.245012e-01 1.001718e-03 -3.016947e-02 -4.145254e-05 3.825718e-02 7.821069e-04
6.297950e+00 -2.140597e-01 -3.266888e-02 -1.403045e-02 1.238597e-02 -8.115785e-02 3.459038e-03
4.062964e+00 3.690283e-02 -5.348047e-01 2.827544e-02 5.261075e-02 3.630271e-03 -6.510577e-04
5.404231e+00 -8.266991e-02 3.095831e-01 2.146489e-02 -5.293371e-02 -1.413522e-02 1.892687e-03
3.677742e+00 3.360086e-01 7.826800e-01 -8.631478e-03 -3.361834e-02 1.443253e-02 5.475596e-04
1.463231e+00 -2.176205e-02 2.217300e-01 1.778187e-02 -7.546409e-02 -7.406544e-03 -5.498013e-03
6.622507e+00 1.624694e-01 -3.284641e-01 -4.246430e-02 4.688532e-02 2.319107e-02 4.031936e-03
2.774442e+00 4.698156e-01 6.033643e-01 -4.783913e-03 -3.075534e-02 2.394795e-02 -5.620409e-04
2.182728e+00 -7.009217e-01 3.756069e-01 9.378587e-02 -1.796243e-02 -3.351978e-02 3.578171e-04
9.485586e+00 -4.844870e-01 1.229407e-01 4.012664e-02 -1.352827e-02 -5.331244e-02 -3.009889e-03
7.188183e+00 1.555632e-01 1.921538e-01 8.172518e-03 -5.405778e-02 4.376388e-02 -2.721943e-03
4.051723e+00 -8.711586e-02 -3.940639e-01 2.503968e-02 5.425859e-02 -1.199497e-02 -2.566918e-03
4.484661e+00 1.875738e-01 -6.312102e-01 -1.021408e-01 4.581378e-02 1.361427e-02 1.530776e-03
4.277575e+00 -1.929117e-01 2.110307e-01 -3.280887e-03 -4.755191e-02 -4.346913e-02 4.891173e-03
5.794453e+00 -2.534474e-01 3.661542e-01 2.490604e-02 -3.915700e-02 -2.710399e-02 -4.906287e-03
5.443120e+00 1.877397e-01 -7.251233e-01 -6.742429e-02 3.889952e-02 1.007137e-02 4.527544e-03
9.741885e+00 -1.375716e-02 -7.293174e-01 -1.041880e-01 4.365075e-02 -8.233865e-04 1.098069e-03
6.647397e+00 -1.306439e-01 1.996308e-01 2.979021e-02 -5.843336e-02 -3.824041e-02 -4.591529e-03
8.464361e+00 3.726879e-01 -1.676942e-01 -2.901853e-02 2.180825e-02 4.846721e-02 -2.983512e-04
9.693936e+00 2.489454e-01 -5.622440e-01 4.937987e-03 3.763502e-02 1.666370e-02 3.791226e-03
7.559410e-01 -8.980716e-01 -2.057307e-01 1.199348e-02 8.433287e-03 -3.681363e-02 1.337432e-03
4.725696e+00 4.690409e-01 -2.005149e-02 -5.541312e-02 2.188548e-03 5.119413e-02 -1.375057e-03
8.025677e+00 -5.699984e-01 -1.072175e-01 -3.330972e-02 9.375391e-03 -4.984221e-02 2.575047e-04
9.913278e+00 -2.942666e-03 -3.695695e-02 2.225082e-03 1.989818e-01 -1.584375e-02 -1.059967e-02
5.112528e+00 5.312927e-02 -3.516199e-02 1.045956e-02 8.059213e-02 1.217736e-01 3.523330e-03
4.892516e+00 -1.655975e-01 -2.073381e-01 1.119933e-02 5.408780e-02 -4.319903e-02 -5.515188e-04
1.894226e+00 5.150099e-01 -3.721503e-01 1.278009e-02 2.585948e-02 3.578632e-02 -2.667068e-03
8.871850e+00 -2.461263e-01 4.021995e-01 -8.401777e-03 -4.772018e-02 -2.920240e-02 -3.900189e-03
7.397288e+00 7.287894e-01 -5.651794e-01 2.415480e-03 2.169479e-02 2.797507e-02 1.004576e-03
8.191363e+00 -6.772454e-02 -1.257210e-01 4.489574e-03 7.972314e-02 -4.294600e-02 -6.429758e-04
1.393028e+00 -4.194538e-01 1.498312e-01 6.489584e-03 -1.715044e-02 -4.801280e-02 -2.787619e-04
6.993083e+00 -4.592067e-01 -3.653020e-02 8.904431e-02 3.969862e-03 -4.990357e-02 1.016540e-03
5.842309e+00 1.780915e-02 2.149396e-01 -9.503170e-03 -6.834889e-02 5.663153e-03 -3.478792e-03
1.001112e+00 -6.503521e-01 5.200923e-01 -1.034413e-01 -2.206298e-02 -2.758877e-02 1.509612e-03
8.070943e-01 -8.726707e-01 -4.247245e-01 1.083159e-01 1.596911e-02 -3.281132e-02 -3.320518e-03
1.167809e+00 -4.188980e-01 5.992608e-01 -1.676053e-01 -3.165216e-02 -2.212563e-02 4.521826e-03
7.505940e+00 -9.496040e-02 -2.365221e-01 -9.987144e-04 5.852382e-02 -2.349651e-02 -2.301231e-03
3.666472e+00 4.424995e-01 -8.548046e-01 5.777257e-02 3.399662e-02 1.759874e-02 -2.210289e-03
8.308880e+00 -7.531908e-02 2.699792e-02 7.417456e-03 -4.342155e-02 -1.211379e-01 -2.246625e-03
2.786243e+00 -3.598692e-01 -1.812793e-01 -5.199851e-02 2.208436e-02 -4.384107e-02 1.667054e-03
5.733328e+00 -6.256479e-01 5.155826e-01 -5.892317e-02 -2.318996e-02 -2.814050e-02 -5.027524e-04
3.868161e+00 -1.030815e-01 3.758569e-01 2.628744e-02 -5.803528e-02 -1.591660e-02 5.044084e-03
4.239130e+00 8.386656e-02 1.336033e-01 -6.248680e-03 -7.355741e-02 4.617405e-02 1.620304e-03
4.891320e+00 -3.458411e-01 -3.905402e-01 6.585262e-03 3.730247e-02 -3.303302e-02 -2.152534e-04
2.240640e+00 -4.546510e-01 5.668888e-01 -6.831288e-02 -3.113786e-02 -2.497291e-02 -1.671536e-04
3.206639e+00 7.879843e-01 3.405829e-01 -1.623079e-01 -1.473342e-02 3.408775e-02 9.673194e-04
