2.442304e+09 0.000000e+00 0.000000e+00 0.000000e+00 0.000000e+00 0.000000e+00 0.000000e+00
4.033291e+00 1.190174e-01 -7.249834e-01 -9.951587e-02 2.274204e-02 3.733462e-03 -8.991557e-04
4.864375e+00 4.241025e-01 -1.610401e-01 -3.011603e-02 1.313894e-02 3.460169e-02 -2.681005e-03
8.365283e+00 4.055801e-01 -3.239033e-01 6.434790e-03 2.026303e-02 2.537263e-02 3.098738e-03
6.110047e+00 -8.224923e-01 1.100949e-01 1.322388e-02 -3.025126e-03 -2.259998e-02 -1.345907e-04
8.279556e+00 -2.416686e-01 -1.730051e-01 5.771198e-03 2.448543e-02 -3.420339e-02 -2.304004e-03
8.299283e+00 -1.795830e-01 2.095471e-02 1.739620e-02 -6.072858e-03 -5.204472e-02 -4.925985e-03
6.821546e+00 -1.587930e-01 -8.959284e-01 -1.910306e-02 2.040178e-02 -3.615982e-03 3.723974e-04
8.347939e+00 2.816568e-02 -9.112861e-01 -3.997653e-03 2.607074e-02 8.057845e-04 3.713286e-05
5.092048e+00 3.741764e-01 1.979565e-01 -1.515027e-02 -1.771931e-02 3.349294e-02 2.464479e-03
2.614394e+00 -2.885961e-01 -5.956271e-01 -1.811276e-02 2.626771e-02 -1.272736e-02 -2.177490e-04
5.954878e+00 1.575116e-01 5.089529e-02 1.021629e-02 -1.659744e-02 5.136603e-02 5.689059e-04
1.311427e+00 9.101874e-01 -3.524772e-01 2.530026e-02 8.498089e-03 2.194426e-02 1.968952e-03
5.318428e+00 -6.816002e-01 5.231095e-01 1.485482e-01 -1.563122e-02 -2.036714e-02 -6.086057e-04
4.150593e+00 2.963279e-03 -4.099600e-02 5.471171e-03 9.927638e-02 7.175910e-03 -2.147427e-03
6.027131e+00 3.165500e-01 3.205591e-01 3.700496e-02 -2.207922e-02 2.180308e-02 1.485420e-03
3.093180e+00 4.407501e-01 1.156045e-01 3.845145e-02 -8.396951e-03 3.201394e-02 2.422006e-03
4.960578e+00 -9.534773e-01 -5.285116e-02 -9.250697e-02 1.130753e-03 -2.039969e-02 -1.018147e-03
1.687554e+00 -3.766583e-01 -1.246322e-01 -2.408170e-02 9.870224e-03 -2.982937e-02 1.444212e-03
6.716953e+00 -5.623401e-01 -5.893715e-01 1.292173e-01 1.958701e-02 -1.868866e-02 -1.477795e-03
1.131383e+00 3.092874e-01 -8.040649e-01 -1.034672e-01 2.483845e-02 9.554228e-03 -1.399482e-03
9.233589e+00 3.278316e-01 5.330014e-03 1.688251e-02 -6.861142e-04 4.220062e-02 8.847567e-04
7.179403e+00 2.032335e-01 -5.681727e-02 -9.709063e-03 1.149925e-02 4.113243e-02 -2.291951e-03
9.677129e+00 1.477131e-01 3.964199e-01 -1.967873e-02 -2.879541e-02 1.072968e-02 2.623293e-03
7.432959e+00 5.372059e-01 6.982914e-01 -2.083582e-02 -1.772617e-02 1.363700e-02 2.024010e-05
9.359122e-01 1.192229e-01 9.998985e-02 -2.804161e-02 -3.629683e-02 4.327854e-02 2.047123e-03
3.773988e+00 -3.453977e-01 2.473320e-01 -5.450927e-02 -1.836466e-02 -2.564614e-02 -2.270379e-03
5.763233e-01 3.228944e-02 -1.247933e-01 -1.517386e-02 5.945747e-02 1.538422e-02 -2.774949e-03
7.573908e+00 -2.191229e-01 5.751434e-01 -8.615185e-02 -2.929118e-02 -1.115960e-02 -2.617244e-03
7.424984e+00 1.078796e-01 2.156548e-01 4.285806e-02 -4.323874e-02 2.162984e-02 -9.836793e-04
7.046173e+00 -1.735296e-01 -1.827870e-01 -1.372820e-02 3.481810e-02 -3.305471e-02 2.040430e-04
5.634677e+00 -7.066901e-01 -8.189357e-02 -1.296590e-01 2.879362e-03 -2.484709e-02 3.638505e-04
9.742383e+00 -8.339669e-01 3.473360e-01 -7.349424e-02 -8.536816e-03 -2.049722e-02 -2.228111e-04
1.177501e+00 -6.570007e-01 -6.618950e-01 -3.414010e-02 1.836227e-02 -1.822649e-02 1.398099e-04
2.064764e+00 3.686955e-01 -8.730475e-02 -1.017473e-03 9.435050e-03 3.984503e-02 -5.369675e-04
6.024179e+00 1.200672e-01 -8.168533e-02 1.448650e-02 3.599601e-02 5.290964e-02 -3.409115e-03
8.663926e+00 -1.851120e-01 -9.574622e-01 2.240331e-01 2.301438e-02 -4.449510e-03 1.461779e-03
5.085351e+00 -2.144066e-02 3.356720e-02 -5.494832e-03 -9.095490e-02 -5.809640e-02 -6.356341e-03
3.991978e+00 -2.447912e-01 6.009328e-02 -5.067659e-03 -1.066645e-02 -4.345003e-02 -2.366069e-03
8.550677e+00 9.770531e-04 7.103563e-03 7.711580e-04 -2.322170e-01 3.194007e-02 7.026430e-03
2.687982e+00 -1.400069e-01 3.122776e-01 1.836069e-02 -3.854854e-02 -1.728290e-02 -5.077403e-04
8.325432e+00 -5.908416e-02 2.121531e-01 1.533300e-03 -4.289194e-02 -1.194531e-02 -8.495704e-04
5.405917e+00 2.029794e-01 -9.000096e-01 -1.831555e-01 2.379413e-02 5.366297e-03 -9.276255e-04
3.775700e+00 -9.443154e-01 -2.297742e-01 8.480961e-02 5.275440e-03 -2.168076e-02 -1.183088e-03
5.518990e+00 9.461533e-03 -1.048438e-02 -2.314598e-03 1.534945e-01 1.385197e-01 -4.423931e-03
1.827164e+00 -3.189854e-01 -3.695595e-01 -6.372424e-02 2.279562e-02 -1.967605e-02 9.311612e-04
2.715581e+00 -8.816837e-02 8.764741e-01 2.387854e-02 -2.156849e-02 -2.169669e-03 1.356781e-03
6.085764e+00 -1.949329e-01 2.927793e-01 4.503360e-02 -2.872046e-02 -1.912212e-02 3.043753e-03
3.156774e+00 -1.044201e-01 2.841061e-01 5.561006e-02 -3.328503e-02 -1.223355e-02 -1.631347e-03
5.966677e+00 4.913483e-01 6.417914e-01 1.673292e-02 -1.948948e-02 1.492093e-02 -2.467996e-03
2.946690e+00 3.539819e-01 -4.935593e-01 -1.728969e-02 2.094531e-02 1.502202e-02 9.829087e-04
5.622864e+00 -4.264677e-01 2.751068e-01 4.695132e-02 -1.604529e-02 -2.487324e-02 -1.848856e-04
3.562233e+00 -3.329441e-01 8.874910e-01 2.888262e-02 -2.359692e-02 -8.852434e-03 9.430145e-04
3.050037e+00 8.358498e-03 -9.255045e-02 -8.537834e-03 7.816745e-02 7.059527e-03 2.174584e-04
5.116505e+00 -8.043882e-02 2.131445e-02 -9.705287e-03 -2.238255e-02 -8.446972e-02 -7.485212e-04
8.452252e+00 5.547980e-01 8.042776e-01 -1.731079e-01 -2.077618e-02 1.433160e-02 -1.821807e-03
2.916331e+00 9.741694e-01 -1.331207e-01 -6.556291e-02 3.457432e-03 2.530128e-02 -1.370930e-03
9.794655e+00 4.780999e-01 -5.640797e-02 -5.105022e-02 3.682106e-03 3.120861e-02 1.859939e-03
4.513192e+00 1.977499e-01 4.423816e-01 -4.934169e-02 -2.690899e-02 1.202864e-02 9.912859e-05
3.572627e+00 -7.283967e-02 2.464492e-01 -1.382646e-05 -4.379953e-02 -1.294524e-02 -1.046812e-03
8.464073e+00 -6.283915e-02 -7.011965e-02 1.096460e-02 6.146060e-02 -5.507916e-02 -5.395602e-03
4.867634e+00 -6.058113e-02 -7.965920e-01 9.671270e-03 2.791866e-02 -2.123225e-03 -1.543616e-03
6.878752e+00 -2.598469e-01 1.974671e-01 9.615587e-03 -2.635385e-02 -3.467902e-02 3.383306e-03
1.083650e+00 -7.540951e-02 -7.359236e-01 -3.385956e-02 2.578957e-02 -2.642636e-03 -1.745357e-03
7.394214e-01 -7.534417e-01 -2.079506e-01 -6.841743e-03 6.203284e-03 -2.247559e-02 2.154092e-03
1.328713e+00 3.169526e-01 -4.239648e-02 -2.258439e-02 4.957613e-03 3.706271e-02 2.409680e-03
7.556581e+00 -7.780165e-01 -6.132913e-01 1.091935e-01 1.375539e-02 -1.744998e-02 -3.099090e-04
7.034862e+00 -2.320127e-01 -4.568514e-01 -1.070258e-01 2.643783e-02 -1.342650e-02 -9.240400e-04
7.039693e+00 2.294159e-01 4.640261e-02 -1.321116e-02 -9.392022e-03 4.643443e-02 1.921098e-03
9.542994e+00 -9.200043e-01 -1.531751e-01 -2.041310e-01 4.176041e-03 -2.508224e-02 1.835585e-03
9.173420e-01 4.367727e-01 3.263017e-01 -5.368730e-02 -2.048941e-02 2.742620e-02 -3.452460e-06
3.527998e+00 -6.219084e-02 -7.488388e-01 -3.525453e-02 2.710625e-02 -2.251166e-03 -1.427264e-03
9.821756e-01 7.256227e-01 -6.121498e-02 -9.639404e-02 2.172250e-03 2.574916e-02 -1.073883e-03
3.803789e+00 -1.421727e-01 -2.777585e-02 -1.468818e-02 1.241969e-02 -6.357108e-02 -1.133749e-03
8.373772e+00 -7.063009e-01 1.648144e-01 -1.071596e-01 -6.260078e-03 -2.682713e-02 4.939025e-04
9.533262e+00 2.787549e-01 3.067810e-01 8.455199e-02 -2.821418e-02 2.563666e-02 -2.891755e-04
6.247130e+00 5.976992e-01 5.129879e-01 -1.888485e-02 -1.539479e-02 1.793698e-02 1.926619e-03
8.611494e+00 1.139642e-01 -2.863825e-02 -7.607979e-03 1.590635e-02 6.329837e-02 -6.310229e-04
6.740925e+00 8.197352e-02 -1.944063e-01 2.068373e-02 4.103068e-02 1.730103e-02 2.144984e-03
8.057978e+00 -6.687082e-02 8.374182e-01 -3.522265e-02 -2.423937e-02 -1.935600e-03 -2.876516e-04
5.609413e+00 3.222932e-01 4.672742e-01 -8.116265e-02 -2.535304e-02 1.748676e-02 -1.180442e-03
4.647333e+00 1.859657e-01 -4.301483e-01 2.746312e-02 3.138031e-02 1.356663e-02 1.006153e-03
6.420437e+00 1.667031e-01 4.111587e-02 1.005546e-02 -1.281900e-02 5.197427e-02 -5.949962e-04
5.641084e-01 6.840957e-01 1.050625e-02 -9.148627e-02 -4.165137e-04 2.712055e-02 3.014473e-04
6.094748e-01 1.127533e-01 -5.229721e-01 -4.077573e-02 3.048720e-02 6.573071e-03 5.291588e-04
6.798218e+00 7.001256e-01 -3.427852e-01 -6.947201e-02 9.983965e-03 2.039187e-02 2.803275e-04
7.478084e+00 8.313330e-01 2.339575e-01 4.654150e-02 -7.333747e-03 2.605938e-02 -1.734396e-03
1.490666e+00 -4.101781e-01 -1.827133e-03 1.335046e-02 1.514177e-04 -3.399218e-02 -1.909266e-03
3.991649e+00 3.868141e-01 -2.192486e-01 -1.073021e-02 1.506645e-02 2.658131e-02 2.682181e-03
8.653901e+00 1.037496e-01 5.201831e-02 1.205140e-02 -2.610829e-02 5.207253e-02 6.646366e-04
2.525622e+00 7.511139e-01 5.025210e-01 1.492109e-01 -1.187238e-02 1.774555e-02 -4.628638e-04
4.510025e+00 -7.722174e-01 2.443851e-01 -2.910474e-02 -7.926941e-03 -2.504785e-02 1.593636e-03
7.149709e+00 -4.080597e-01 2.602857e-01 -7.787708e-03 -1.660784e-02 -2.603673e-02 1.282985e-03
2.365790e+00 3.630569e-02 4.734229e-01 2.949072e-03 -3.505911e-02 2.688601e-03 9.762941e-04
1.084164e+00 -9.584407e-01 2.289013e-01 -1.560725e-02 -4.621771e-03 -1.935198e-02 -4.727951e-05
1.615477e+00 -6.284088e-01 2.965345e-01 -5.718988e-02 -1.197176e-02 -2.537028e-02 -2.002672e-03
9.301526e+00 5.290372e-02 -1.130228e-01 3.354688e-03 6.379433e-02 2.986084e-02 -5.783000e-03
1.232152e+00 -7.526262e-02 1.629298e-01 -8.922012e-03 -4.923827e-02 -2.274477e-02 -2.839530e-03
1.172093e+00 -2.802106e-01 -9.122677e-01 -3.102517e-02 1.919427e-02 -5.895682e-03 -4.527580e-04
6.658540e+00 1.766576e-01 5.762844e-01 -7.232797e-02 -3.120604e-02 9.566079e-03 2.608897e-04
2.999948e+00 -8.395814e-01 -1.008885e-01 9.377464e-02 3.250254e-03 -2.704819e-02 -1.150999e-03
7.654639e+00 1.130381e-01 5.523779e-01 1.132092e-02 -3.018210e-02 6.176438e-03 -4.078583e-03
2.381449e+00 1.719396e-01 3.930970e-01 3.706954e-02 -2.933356e-02 1.283042e-02 6.683990e-04
4.886199e+00 -3.665019e-01 5.714279e-01 8.907846e-02 -2.454284e-02 -1.574127e-02 -1.701147e-03
9.458828e-01 4.291950e-01 6.930892e-02 -4.967028e-02 -4.766388e-03 2.951583e-02 7.149380e-05
2.464660e+00 -1.341655e-01 -6.831449e-01 -2.133773e-02 2.729340e-02 -5.360260e-03 -8.817079e-04
2.971309e+00 4.117878e-01 3.391274e-01 6.115877e-02 -1.715646e-02 2.083235e-02 6.150346e-04
3.977293e+00 8.568449e-01 4.528856e-01 1.302629e-02 -1.183366e-02 2.238890e-02 1.697390e-04
6.439702e+00 -8.132445e-01 -2.008678e-01 -8.159318e-02 6.289882e-03 -2.546556e-02 8.478676e-04
8.859165e+00 -3.226178e-01 -4.275339e-01 -1.647738e-02 2.466340e-02 -1.861104e-02 4.223236e-04
1.650845e+00 -3.663175e-01 2.294634e-02 -1.242532e-02 -2.173647e-03 -3.470030e-02 -1.897785e-03
7.645358e+00 7.813561e-02 -1.390770e-01 -1.093263e-03 4.933739e-02 2.771850e-02 -7.906651e-04
3.262313e+00 3.307902e-01 4.968747e-01 -7.169902e-03 -2.602689e-02 1.732719e-02 2.312452e-03
2.438312e+00 4.799606e-01 4.159235e-01 -1.417152e-01 -2.021527e-02 2.332769e-02 -3.297931e-04
7.724825e+00 -1.073517e-01 2.491036e-01 2.827533e-02 -3.785421e-02 -1.631335e-02 -3.096421e-03
8.497649e-01 3.924626e-01 -6.304370e-01 7.635148e-02 2.150302e-02 1.338616e-02 1.283448e-03
7.299109e+00 2.266010e-03 9.313779e-01 -4.178395e-02 -2.556756e-02 6.220498e-05 -1.293514e-03
9.354224e+00 2.232890e-01 -4.839240e-01 -6.182860e-02 2.977867e-02 1.374028e-02 2.205295e-04
7.149653e+00 -4.387855e-01 -2.366348e-01 -1.648852e-02 1.633962e-02 -3.029812e-02 2.268523e-05
6.104793e+00 3.615498e-03 2.000035e-02 2.146481e-03 -1.452199e-01 2.625165e-02 -2.862099e-03
8.748962e+00 -1.649398e-01 -6.575198e-02 2.490974e-02 2.120711e-02 -5.319835e-02 5.330319e-03
2.012427e+00 1.488911e-01 6.488219e-01 8.329398e-02 -2.563646e-02 5.883033e-03 2.424835e-04
9.918756e-01 5.631680e-01 3.618778e-01 -4.411160e-03 -1.676353e-02 2.608804e-02 1.292238e-03
2.528346e+00 -5.159532e-01 -8.334056e-01 -1.738740e-01 1.736974e-02 -1.075343e-02 7.386052e-05
7.734036e-01 -5.492602e-02 3.166660e-01 2.851475e-02 -4.179806e-02 -7.249914e-03 2.489527e-03
3.715612e+00 -1.898585e-01 9.465572e-01 1.719465e-02 -2.451294e-02 -4.916754e-03 -1.365125e-03
9.410800e-01 -4.226760e-01 1.100050e-01 1.492318e-02 -8.877144e-03 -3.410897e-02 -3.823862e-04
6.547282e+00 6.354229e-01 7.457130e-01 -1.596820e-02 -1.793425e-02 1.528179e-02 -8.159041e-04
9.776077e+00 6.176239e-01 3.095411e-01 4.921547e-02 -1.367090e-02 2.727740e-02 1.745379e-03
5.283727e+00 4.582148e-01 -1.849889e-01 -5.144995e-02 1.114215e-02 2.759895e-02 1.243068e-03
1.712563e+00 7.058429e-01 -5.583588e-01 1.004711e-01 1.331992e-02 1.683822e-02 7.226652e-04
5.707163e-01 8.958165e-01 -1.751531e-02 1.710002e-01 4.900040e-04 2.506114e-02 -1.631379e-03
4.191493e+00 2.165532e-02 -2.051594e-01 -2.772239e-02 4.311212e-02 4.550640e-03 1.134102e-03
2.294894e+00 5.397145e-01 3.037356e-01 -6.610864e-02 -1.548679e-02 2.751882e-02 -9.668005e-04
3.632748e+00 3.188639e-01 -7.475932e-01 1.022510e-01 2.290549e-02 9.769664e-03 3.185308e-04
4.531470e+00 2.917596e-01 -5.291420e-01 -3.988993e-04 2.760504e-02 1.522093e-02 -1.402326e-04
6.626089e+00 -1.574259e-01 1.872945e-01 1.582789e-02 -3.228298e-02 -2.713469e-02 2.688908e-03
8.961291e-01 3.053189e-01 4.105670e-01 4.561459e-02 -2.311180e-02 1.718713e-02 -3.673864e-04
8.393789e+00 -1.543859e-03 4.495550e-04 3.041576e-05 -1.622344e-01 -5.571443e-01 -2.133641e-02
4.685719e+00 -1.155205e-01 -2.750083e-01 -2.937452e-03 3.824043e-02 -1.606336e-02 -6.583174e-04
6.874278e+00 1.478218e-01 3.156009e-01 -5.775491e-02 -3.358042e-02 1.572846e-02 9.207059e-05
8.309073e+00 8.747493e-01 2.432530e-01 1.206661e-01 -6.026385e-03 2.167117e-02 -1.517957e-03
8.111845e-01 -5.511411e-01 3.822781e-01 7.216074e-02 -1.730572e-02 -2.495014e-02 -1.940882e-03
7.020359e+00 4.831242e-01 -5.767987e-02 -7.690223e-02 3.978646e-03 3.332498e-02 -1.971293e-03
1.831719e+00 -3.142666e-01 6.783719e-01 -2.945375e-04 -2.304394e-02 -1.067547e-02 2.033960e-04
5.191145e+00 -2.978372e-01 -3.724553e-01 -7.350259e-02 2.684860e-02 -2.146972e-02 -9.455842e-04
9.721866e+00 6.261983e-02 -1.063933e-02 -8.775894e-03 1.565959e-02 9.216751e-02 -1.030277e-03
8.819610e-01 -5.677569e-03 1.322694e-02 2.254307e-03 -1.778309e-01 -7.633267e-02 5.234298e-03
9.086240e-01 2.017699e-01 -5.579873e-01 -9.254322e-03 2.457127e-02 8.885047e-03 -1.079365e-03
9.575581e+00 1.226984e-01 1.283684e-01 -7.381185e-03 -3.527736e-02 3.371916e-02 2.758748e-03
8.209994e+00 -1.305395e-03 7.713695e-01 -2.248904e-02 -2.667685e-02 -4.514546e-05 -1.915790e-03
4.536010e+00 -5.704409e-01 5.515437e-01 -4.101281e-02 -1.847254e-02 -1.910545e-02 4.874757e-04
6.404707e+00 2.174370e-01 5.223586e-01 6.000042e-02 -2.476416e-02 1.030833e-02 -1.237545e-03
2.783345e+00 1.788147e-01 8.438952e-01 5.430801e-02 -2.427734e-02 5.144176e-03 1.423098e-03
3.172363e+00 -2.785033e-02 5.488377e-02 5.363129e-03 -8.603201e-02 -4.365625e-02 3.095583e-03
1.122990e+00 -4.227596e-02 1.048487e-01 6.018710e-03 -6.262147e-02 -2.524956e-02 -1.058717e-03
7.680578e+00 6.451766e-02 -6.936689e-01 1.227912e-01 2.904434e-02 2.701394e-03 5.823782e-04
4.387645e+00 -1.238834e-01 1.905426e-01 -5.614477e-02 -3.427134e-02 -2.228189e-02 -1.409914e-04
2.570125e+00 3.518418e-01 2.738928e-03 5.587368e-02 -2.872153e-04 3.689560e-02 -1.741760e-04
7.660051e+00 1.081190e-01 -1.923082e-01 -1.389945e-02 4.381596e-02 2.463409e-02 4.735547e-04
1.996631e+00 -4.770743e-01 -2.079931e-01 -3.087313e-02 1.277588e-02 -2.930408e-02 2.092741e-03
5.488849e+00 3.745615e-01 6.146255e-01 -6.710325e-02 -2.206344e-02 1.344577e-02 1.408223e-03
2.334512e+00 1.596246e-02 -3.702132e-01 5.697560e-02 4.063230e-02 1.751940e-03 1.639427e-03
5.363323e+00 1.318208e-01 -1.681878e-01 -5.540562e-03 4.091588e-02 3.206870e-02 2.647158e-03
8.494842e+00 5.477340e-01 1.581275e-01 -6.700927e-02 -9.260627e-03 3.207766e-02 1.736494e-03
2.788699e+00 7.662232e-01 -5.807228e-02 -2.536610e-02 1.887235e-03 2.490075e-02 2.297030e-03
5.502126e+00 2.700605e-01 7.279575e-01 6.897432e-02 -2.524484e-02 9.365429e-03 -2.004833e-03
7.611268e+00 1.813678e-01 -4.020382e-01 4.444118e-02 3.389411e-02 1.529034e-02 1.053131e-03
1.380073e+00 -1.668209e-01 -9.896092e-02 8.124023e-03 2.594982e-02 -4.374426e-02 -1.707242e-03
1.209111e+00 1.483921e-02 -3.737019e-02 5.669672e-03 9.359532e-02 3.716547e-02 7.081303e-04
2.140848e+00 -5.945832e-01 -3.508921e-01 1.078353e-01 1.288708e-02 -2.183703e-02 -6.742261e-04
1.701444e+00 -8.270386e-03 2.931395e-01 -1.988379e-02 -4.521622e-02 -1.275692e-03 -2.145563e-03
4.499049e+00 -1.760816e-01 5.979513e-01 7.019018e-03 -2.881508e-02 -8.485315e-03 3.777818e-03
2.199306e+00 1.937238e-01 1.879582e-01 -2.340684e-02 -3.043918e-02 3.137289e-02 -1.331277e-03
7.274428e+00 9.794513e-02 -2.137624e-01 -2.063782e-02 4.457418e-02 2.042372e-02 -1.610893e-03
9.548201e+00 -8.579345e-01 -9.685755e-02 1.009303e-01 2.487460e-03 -2.203316e-02 4.456555e-04
8.204901e+00 -3.136988e-01 5.363161e-01 4.488090e-02 -2.598496e-02 -1.519897e-02 -2.029818e-04
2.772078e+00 -2.951896e-01 -9.274385e-01 -1.139369e-01 2.018279e-02 -6.423875e-03 2.029288e-05
9.381469e+00 -2.539092e-01 -1.173229e-02 2.835807e-03 1.886207e-03 -4.082113e-02 -6.303951e-04
4.110385e+00 -8.167750e-01 -5.021171e-01 2.064792e-02 1.087209e-02 -1.768521e-02 5.190797e-04
4.220116e+00 -2.625690e-01 4.156478e-01 -2.102104e-02 -2.874121e-02 -1.815612e-02 -5.951544e-05
9.033825e+00 9.145158e-02 -5.155573e-01 5.856158e-02 2.880719e-02 5.109933e-03 -5.427387e-04
3.826010e+00 2.788373e-01 2.569204e-01 1.747785e-02 -2.379538e-02 2.582527e-02 1.516374e-04
8.415078e+00 -2.559972e-01 -2.395512e-01 -2.974381e-02 2.727323e-02 -2.914563e-02 -2.695406e-03
4.566417e+00 5.091288e-01 -5.597832e-01 -2.801235e-02 1.897066e-02 1.725401e-02 1.298996e-04
4.496141e+00 -2.708889e-01 1.068295e-01 2.089911e-02 -1.552879e-02 -3.937657e-02 1.108123e-03
4.420562e+00 8.987344e-03 -1.247156e-01 1.486769e-02 6.269869e-02 4.518238e-03 2.319122e-03
9.773403e+00 2.379903e-01 -8.267218e-01 -6.007756e-03 2.523848e-02 7.265458e-03 2.300095e-03
5.141620e+00 -8.978614e-01 2.597298e-01 1.090633e-01 -6.242032e-03 -2.157812e-02 -2.222855e-04
1.179106e+00 -2.298739e-01 6.133552e-01 6.819947e-02 -2.769568e-02 -1.037982e-02 6.212374e-04
7.541918e+00 1.953377e-01 -8.147476e-03 3.329916e-02 2.320812e-03 5.564203e-02 3.004822e-03
6.353987e+00 2.150913e-01 -3.971052e-01 -1.314361e-02 2.947949e-02 1.596751e-02 -6.578590e-04
8.312718e+00 -4.776398e-01 -8.674900e-01 1.322304e-01 2.141860e-02 -1.179308e-02 -1.247208e-03
1.735916e+00 -3.520135e-02 -4.913470e-02 -2.297272e-03 6.789240e-02 -4.863984e-02 -9.084680e-03
8.366719e+00 -5.263206e-02 3.424426e-02 5.299549e-03 -5.482804e-02 -8.426851e-02 6.894005e-03
3.015678e+00 -3.709115e-01 7.066884e-02 -1.146217e-02 -6.817915e-03 -3.578441e-02 -3.127114e-03
6.384184e+00 -9.260672e-02 4.959974e-01 -4.593938e-02 -2.833475e-02 -5.290327e-03 5.488180e-04
7.213471e+00 -1.841633e-02 1.506789e-01 -3.060881e-02 -5.711026e-02 -6.980150e-03 -4.934237e-03
9.685064e+00 -7.483821e-02 -1.737571e-01 2.312719e-02 4.228067e-02 -1.821054e-02 -1.180208e-03
9.745574e+00 -1.880693e-01 1.453816e-01 2.684738e-02 -3.128641e-02 -4.047289e-02 -1.836428e-03
8.213793e+00 -9.643986e-02 -9.469135e-02 1.709386e-03 4.480365e-02 -4.563097e-02 2.097750e-04
3.026182e+00 -4.637238e-01 5.620565e-01 -1.971436e-02 -1.887324e-02 -1.557134e-02 1.171622e-03
6.480929e+00 -4.749907e-02 -8.763613e-02 1.653359e-02 6.722505e-02 -3.643620e-02 4.217002e-03
5.114844e+00 -5.340552e-01 -2.070958e-01 -2.299895e-02 1.189244e-02 -3.066802e-02 6.070257e-04
5.387975e+00 3.585180e-01 -5.894668e-01 -1.693183e-02 2.160725e-02 1.314169e-02 5.166729e-06
7.255168e+00 3.273823e-02 1.219875e-01 -2.134076e-02 -6.479129e-02 1.738828e-02 9.651114e-04
4.608859e+00 -5.652268e-01 -7.266324e-02 -9.457380e-03 3.298959e-03 -2.566166e-02 1.524280e-04
6.344279e+00 -3.902468e-01 3.313947e-01 -5.130565e-02 -2.175092e-02 -2.561365e-02 1.977862e-03
7.758253e+00 -2.977476e-01 3.827847e-01 -1.520524e-02 -2.539361e-02 -1.975232e-02 5.498087e-04
2.770928e+00 -3.867767e-01 -1.603600e-01 -3.301789e-02 1.252844e-02 -3.021771e-02 9.241200e-04
9.463385e+00 1.036137e-01 7.894971e-02 -9.782759e-03 -3.316987e-02 4.353220e-02 2.993650e-03
6.378660e+00 6.308225e-03 1.169743e-01 8.352649e-03 -6.324196e-02 3.410530e-03 3.580598e-03
1.758306e+00 -1.638515e-01 6.725581e-01 -8.321191e-02 -2.946384e-02 -7.178107e-03 -3.843469e-05
4.491698e+00 4.283014e-02 -5.511159e-02 1.295193e-02 6.970433e-02 5.417093e-02 -5.742018e-04
5.886123e+00 -2.869573e-01 1.918123e-01 2.574637e-02 -1.959347e-02 -2.931245e-02 -2.119535e-03
7.181142e+00 6.556071e-01 1.694499e-01 4.829685e-02 -6.076968e-03 2.351198e-02 1.685488e-04
4.654462e+00 3.600138e-01 -3.133657e-01 -5.058308e-02 2.041283e-02 2.345152e-02 -3.123656e-03
5.042607e-01 -2.362603e-02 5.257254e-02 -9.461938e-04 -8.810738e-02 -3.959533e-02 -1.015438e-03
2.145435e+00 1.489868e-01 1.404036e-01 3.302376e-02 -3.790971e-02 4.022723e-02 -1.032650e-03
7.628648e-01 8.665695e-01 4.415244e-01 -1.229041e-02 -9.082534e-03 1.782607e-02 -3.227320e-04
4.710512e+00 5.064852e-01 -1.392482e-01 -5.957433e-04 7.827460e-03 2.847070e-02 1.333379e-03
5.307587e+00 4.585782e-01 4.496939e-01 7.690172e-02 -1.968306e-02 2.007192e-02 -6.301416e-04
3.648827e+00 -4.715364e-01 5.055313e-01 1.315263e-01 -2.051612e-02 -1.913650e-02 1.635908e-03
2.271283e+00 2.143920e-01 6.301599e-01 -7.126344e-02 -2.576225e-02 8.764788e-03 5.121978e-04
9.570841e+00 -2.162720e-01 2.727843e-01 -4.391571e-03 -3.310720e-02 -2.624844e-02 2.477690e-03
4.724751e+00 -3.699536e-01 9.132736e-01 4.607283e-02 -1.870030e-02 -7.575211e-03 1.330327e-03
8.339690e+00 -8.623001e-02 3.781892e-01 4.351468e-02 -3.319878e-02 -7.569576e-03 -3.494935e-04
1.068770e+00 -1.492167e-01 3.588775e-03 -2.037918e-02 -1.315612e-03 -5.470149e-02 3.488514e-03
9.852028e+00 2.978981e-01 -1.254052e-01 -5.993984e-02 1.372752e-02 3.260954e-02 3.874941e-05
8.814355e+00 -7.283188e-01 4.381418e-01 1.145784e-01 -1.378173e-02 -2.290923e-02 1.390183e-03
9.311973e+00 -5.550126e-01 -1.388126e-01 -8.843436e-02 7.744438e-03 -3.096450e-02 -4.910132e-04
5.190813e+00 2.405645e-02 -4.379679e-02 -5.923824e-03 9.476514e-02 5.205205e-02 1.475662e-03
1.213832e+00 7.028876e-01 4.131110e-01 -6.422225e-02 -1.121111e-02 1.907514e-02 -1.543953e-03
7.150236e+00 -6.044654e-01 3.820843e-01 -2.472859e-02 -1.583209e-02 -2.504669e-02 5.711852e-04
1.539805e+00 -1.700781e-01 -3.689730e-01 -2.688400e-02 3.559501e-02 -1.640752e-02 1.510652e-03
7.832180e+00 -2.093526e-01 6.117341e-01 6.797077e-02 -2.778027e-02 -9.507191e-03 6.797864e-04
2.763276e+00 -2.629162e-01 8.093440e-01 -3.426198e-02 -2.621994e-02 -8.517571e-03 -2.889347e-04
4.150611e+00 2.676730e-03 -5.741238e-03 -3.209618e-04 2.626697e-01 1.224641e-01 8.394888e-03
2.744688e+00 2.287045e-02 -2.068746e-01 -2.606011e-03 4.781931e-02 5.286533e-03 -1.720016e-03
4.549082e+00 2.774941e-02 -3.131232e-02 -8.575557e-05 8.261300e-02 7.321278e-02 -4.636731e-03
1.163602e+00 9.145926e-02 8.031674e-02 -3.596911e-03 -3.839519e-02 4.372184e-02 -3.018823e-03
1.747994e+00 -8.598370e-01 8.034434e-02 7.103111e-02 -2.541189e-03 -2.719555e-02 -2.318805e-03
5.321135e+00 -1.567355e-01 -1.797514e-02 -1.367216e-02 6.581847e-03 -5.739087e-02 3.152158e-04
5.112203e+00 3.137357e-01 1.965150e-01 1.615376e-02 -1.903975e-02 3.039692e-02 -1.448599e-03
2.421939e+00 4.625805e-02 -1.172296e-03 1.078553e-02 2.592076e-03 1.022817e-01 -7.329077e-04
5.025831e+00 1.275613e-01 -4.830340e-01 -3.713551e-02 2.718570e-02 7.179295e-03 -1.848375e-04
1.349412e+00 -8.541396e-01 1.854142e-01 2.842618e-03 -4.973994e-03 -2.291348e-02 5.702561e-06
1.040433e+00 -1.578397e-02 -3.142051e-03 -1.495697e-03 3.590970e-02 -1.803910e-01 1.473549e-02
1.031627e+00 3.050677e-01 -4.520843e-01 8.225005e-03 2.854714e-02 1.926369e-02 1.363907e-03
9.592707e+00 6.899556e-01 -4.017431e-01 -4.204687e-02 1.276287e-02 2.191902e-02 -1.977903e-03
6.573510e+00 4.280055e-01 -3.700021e-01 1.627108e-02 1.780496e-02 2.059616e-02 8.087119e-04
3.202369e+00 4.495781e-02 9.337494e-01 4.693372e-03 -2.339765e-02 1.126541e-03 2.532974e-03
2.596642e+00 7.012785e-02 3.105254e-01 -2.938895e-02 -3.927194e-02 8.869022e-03 -4.940476e-05
3.552948e+00 -3.145469e-01 -2.792582e-02 -3.278832e-03 3.883047e-03 -4.373733e-02 -3.185362e-03
1.241861e+00 -3.765423e-01 -6.043840e-01 1.934766e-02 2.531210e-02 -1.576991e-02 2.717966e-03
2.710121e+00 4.296092e-02 -2.655807e-01 2.249323e-02 4.067150e-02 6.579111e-03 -2.634574e-03
9.944837e+00 2.347672e-01 -2.170366e-01 1.236212e-04 2.582203e-02 2.793154e-02 2.517251e-04
1.533042e+00 -4.681718e-01 -4.323257e-01 1.688140e-02 1.692220e-02 -1.832530e-02 3.534664e-04
9.475756e+00 9.023284e-01 -3.189953e-01 -1.184051e-02 7.509236e-03 2.124106e-02 -1.395588e-03
6.433448e+00 3.776624e-01 -1.130945e-03 8.728985e-03 1.187173e-04 3.964389e-02 1.777532e-03
5.439152e+00 5.929439e-01 7.147026e-01 -4.054285e-02 -1.917517e-02 1.590844e-02 5.862951e-04
4.112316e+00 1.055855e-01 3.187923e-03 7.461415e-04 -1.937377e-03 6.416682e-02 1.199600e-03
7.153303e+00 3.021570e-01 -7.275226e-01 2.357043e-02 2.541886e-02 1.055704e-02 1.154953e-03
7.945691e+00 -7.379364e-01 2.302959e-01 2.774674e-02 -8.523612e-03 -2.731219e-02 -3.826329e-04
1.832380e+00 -1.316363e-02 -2.891803e-01 -1.666825e-02 3.896964e-02 -1.773916e-03 -3.280512e-03
3.084103e+00 4.970115e-01 7.190084e-02 1.169317e-02 -3.966042e-03 2.741509e-02 9.491517e-05
8.412058e+00 8.962081e-01 -1.882095e-01 7.066515e-03 4.492057e-03 2.139009e-02 -2.292864e-04
2.402669e+00 3.233493e-01 -5.865404e-01 1.075685e-01 2.198661e-02 1.212083e-02 1.436285e-04
6.728694e+00 3.842819e-01 -2.977582e-01 1.458542e-03 2.219003e-02 2.863809e-02 -2.082441e-03
6.078479e+00 -1.563559e-02 -1.282083e-02 1.890968e-03 8.956155e-02 -1.092244e-01 4.967778e-03
5.896693e+00 1.375101e-03 -2.912756e-01 -3.310329e-02 4.193032e-02 1.979514e-04 -3.021152e-03
3.448333e+00 1.626720e-01 -8.803275e-02 -3.565715e-02 2.590092e-02 4.786120e-02 3.046689e-03
7.540926e+00 2.140089e-01 -8.518333e-02 7.252017e-03 1.848155e-02 4.643181e-02 1.735887e-03
8.124960e+00 1.447841e-01 -9.434125e-02 4.659951e-03 2.729355e-02 4.188701e-02 -1.445293e-03
7.263769e+00 -5.010799e-01 4.357826e-01 -1.262242e-02 -1.940624e-02 -2.231405e-02 -1.830001e-03
4.079530e+00 4.434011e-01 1.949421e-01 -3.954142e-02 -1.317576e-02 2.996863e-02 8.689047e-04
4.816485e+00 4.183731e-02 -4.077063e-01 5.386181e-02 3.762825e-02 3.861271e-03 1.820127e-03
7.493934e+00 6.123366e-02 -5.729596e-02 5.080287e-04 5.301395e-02 5.665737e-02 -6.210510e-03
7.355798e+00 4.650402e-01 8.100371e-01 8.706404e-02 -2.217385e-02 1.272995e-02 -3.172143e-04
2.358711e+00 5.826970e-02 -3.331841e-01 -3.474712e-02 3.943787e-02 6.897187e-03 1.734875e-03
3.924242e+00 -1.103096e-01 -6.435247e-01 5.152778e-02 2.949135e-02 -5.055252e-03 -1.214812e-03
6.455223e+00 -9.903152e-01 -1.246379e-01 -9.411046e-02 3.033347e-03 -2.410157e-02 2.189919e-03
3.608664e+00 4.362424e-01 -8.187439e-01 1.314645e-01 2.318566e-02 1.235376e-02 1.202042e-04
9.933995e+00 8.631437e-01 2.175652e-01 4.952902e-02 -6.110379e-03 2.424163e-02 -8.155968e-04
1.043447e+00 9.424861e-02 -1.168850e-02 -3.087820e-03 8.330721e-03 6.717361e-02 -3.486450e-03
9.959219e+00 1.072848e-01 4.715245e-03 1.018019e-02 -3.178242e-03 7.231375e-02 5.927255e-03
6.475495e+00 1.089691e-01 -2.916521e-01 4.912123e-02 3.542697e-02 1.323647e-02 -2.685988e-04
2.977528e+00 -3.825054e-02 4.251543e-02 4.997333e-03 -6.275954e-02 -5.646389e-02 8.213312e-04
6.911602e+00 2.571530e-01 8.982166e-01 5.173968e-02 -2.175622e-02 6.228650e-03 -4.681845e-04
2.975041e+00 1.381976e-01 1.754425e-01 1.071342e-02 -3.283511e-02 2.586451e-02 -1.099160e-03
3.215758e+00 -9.460168e-02 -3.112598e-01 2.039442e-02 3.464894e-02 -1.053091e-02 -3.509121e-03
2.958835e+00 1.002441e-01 -7.694938e-01 8.599415e-02 2.721851e-02 3.545832e-03 -9.506211e-04
3.452841e+00 7.255785e-01 2.064959e-01 1.107986e-02 -6.340035e-03 2.227741e-02 -2.345523e-04
3.100961e+00 3.027666e-01 2.414949e-02 1.875980e-02 -3.596859e-03 4.509449e-02 4.755387e-03
3.984121e+00 5.774572e-01 3.847469e-01 -2.694277e-02 -1.627119e-02 2.442103e-02 3.416549e-03
1.647751e+00 -2.616167e-01 -3.871432e-01 -1.884010e-02 2.604712e-02 -1.760166e-02 1.092353e-03
1.335229e+00 -4.831021e-01 -2.260758e-01 2.796995e-02 1.386046e-02 -2.961846e-02 1.166466e-03
4.828951e+00 8.568477e-02 -4.934182e-02 -8.410867e-03 3.603073e-02 6.256933e-02 -7.785822e-03
3.239878e+00 -6.367786e-02 -2.727477e-02 -3.860942e-04 3.010592e-02 -7.028771e-02 3.846250e-03
6.515463e+00 1.041968e-01 7.663296e-01 7.610329e-02 -2.354279e-02 3.201081e-03 1.547443e-03
2.379784e+00 -6.964508e-01 3.335574e-01 2.653668e-02 -1.021901e-02 -2.133678e-02 4.408627e-05
5.763005e+00 -6.721370e-01 -1.085528e-01 -2.752471e-03 3.863488e-03 -2.392194e-02 1.399464e-03
2.495124e+00 -5.311478e-01 3.545439e-01 1.021851e-01 -1.754759e-02 -2.628833e-02 -2.035174e-03
2.905922e+00 4.942063e-01 7.214172e-01 -1.635453e-01 -1.958560e-02 1.341710e-02 2.135559e-04
7.166667e+00 -1.786882e-01 -1.597554e-01 -2.231575e-02 2.831209e-02 -3.166739e-02 9.049345e-04
6.936545e+00 -1.785168e-02 1.369707e-01 2.563971e-02 -5.652452e-02 -7.366959e-03 -2.107231e-03
5.422126e+00 1.791335e-01 9.332040e-01 1.021994e-01 -2.340709e-02 4.493117e-03 1.025443e-03
6.825899e+00 -4.896521e-01 1.294233e-01 -4.978028e-02 -7.943806e-03 -3.005411e-02 2.360034e-04
4.922398e+00 -4.402707e-01 -3.810661e-01 -3.379770e-02 2.157196e-02 -2.492350e-02 7.572033e-04
6.760618e+00 -3.878352e-01 9.191649e-02 8.467296e-03 -7.580326e-03 -3.198465e-02 6.311529e-04
2.577747e+00 3.783046e-01 -1.165725e-02 -3.670589e-02 1.101801e-03 3.575598e-02 -1.202321e-03
9.754540e+00 4.129147e-01 5.033700e-01 1.534842e-01 -2.382874e-02 1.954673e-02 1.181361e-03
1.777538e+00 -9.108876e-02 2.646430e-01 -2.140297e-02 -3.786628e-02 -1.303338e-02 2.304894e-03
4.766768e+00 -4.078646e-01 1.693403e-01 -5.374548e-02 -1.346048e-02 -3.242025e-02 1.502440e-03
2.661097e+00 -2.176415e-01 -4.278144e-01 2.740995e-02 3.074866e-02 -1.564273e-02 1.451592e-04
2.429211e+00 9.526504e-03 2.890376e-01 -2.496051e-02 -4.414514e-02 1.454997e-03 -2.293746e-04
3.290040e+00 6.928702e-03 9.430378e-03 4.873425e-04 -1.878889e-01 1.380460e-01 2.491387e-02
7.406508e+00 -4.419499e-01 3.163239e-02 -5.231228e-02 -2.604564e-03 -3.638949e-02 8.525620e-04
7.350276e+00 6.997149e-01 4.474361e-01 1.860400e-02 -1.410783e-02 2.206227e-02 4.608231e-04
4.796961e+00 -3.375105e-01 4.727017e-02 -3.492690e-03 -4.832375e-03 -3.450331e-02 1.947840e-03
1.854387e+00 4.613222e-01 -1.109217e-01 4.532353e-03 8.485433e-03 3.529082e-02 -1.390481e-03
4.677688e+00 4.301418e-01 -6.608602e-01 6.028171e-02 2.171402e-02 1.413326e-02 3.126695e-03
7.317829e+00 7.646231e-01 4.646679e-01 1.045865e-03 -1.306624e-02 2.150083e-02 -1.940972e-05
7.237141e+00 -6.578716e-01 5.620885e-01 7.911162e-02 -1.621925e-02 -1.898311e-02 -5.304093e-04
1.222639e+00 4.580727e-01 6.606886e-01 4.543680e-02 -1.895727e-02 1.314357e-02 2.264440e-04
3.023704e+00 -6.146525e-01 -1.153619e-01 -7.998355e-02 5.758522e-03 -3.068162e-02 1.219644e-03
8.470666e+00 1.348789e-01 -6.067336e-02 1.371520e-02 2.699933e-02 6.002040e-02 -9.973126e-04
7.701659e+00 3.658928e-03 -2.248620e-01 2.555683e-03 4.906750e-02 7.984207e-04 3.811437e-03
3.812095e+00 3.849039e-01 -3.537867e-01 -5.292869e-02 2.311295e-02 2.514584e-02 7.618171e-04
6.242650e+00 -2.571431e-01 2.413569e-01 -1.156440e-02 -2.492719e-02 -2.655757e-02 -1.016887e-03
9.403854e+00 2.659290e-01 -6.576878e-02 3.282345e-02 9.146472e-03 3.698278e-02 9.778523e-05
8.313696e-01 6.606943e-01 3.921686e-02 6.629341e-02 -1.728576e-03 2.912167e-02 -1.623617e-03
3.267787e+00 -2.410079e-01 -6.264618e-01 7.942760e-03 2.501710e-02 -9.624403e-03 -1.199355e-03
1.471287e+00 -2.464346e-02 -1.854354e-01 -3.913361e-04 5.753487e-02 -7.646103e-03 1.307271e-03
3.727132e+00 -2.607327e-01 -8.933089e-03 2.809072e-03 1.316586e-03 -3.842757e-02 2.989307e-03
6.886939e+00 1.384906e-01 -6.155637e-01 -4.669297e-03 2.568607e-02 5.778895e-03 -5.795749e-04
1.618431e+00 -2.310037e-03 1.337815e-02 -6.754217e-04 -1.850552e-01 -3.195393e-02 -6.084137e-03
4.790742e+00 4.634434e-02 -5.035372e-01 1.018846e-02 3.438120e-02 3.164362e-03 1.195918e-03
8.730404e+00 -3.469540e-01 5.039878e-02 -1.566376e-02 -6.063864e-03 -4.174470e-02 -3.703690e-04
6.022992e+00 1.286790e-02 3.672150e-03 1.614304e-03 -4.828893e-02 1.692134e-01 -1.080674e-02
4.754658e+00 -7.916154e-01 3.556388e-01 -5.125048e-02 -9.891502e-03 -2.201747e-02 -1.087808e-03
2.178360e+00 1.201564e-01 -2.275441e-01 -1.118720e-02 4.303215e-02 2.272346e-02 1.432586e-03
7.549552e+00 -3.048734e-01 6.475158e-01 -3.297255e-02 -2.587337e-02 -1.218210e-02 -9.818210e-04
4.207628e+00 -2.656312e-01 -6.753345e-01 5.050477e-02 2.684027e-02 -1.055716e-02 -1.086965e-03
9.605588e+00 -8.639278e-02 1.592755e-01 1.173274e-02 -4.203185e-02 -2.279853e-02 4.632853e-05
4.381440e+00 7.768278e-02 -8.285201e-03 -1.042439e-02 9.507520e-03 8.914336e-02 -7.607158e-03
1.657709e+00 1.974142e-02 -4.133548e-02 -5.672803e-03 1.037653e-01 4.955732e-02 1.090521e-02
6.903899e+00 8.587696e-03 -3.015840e-02 2.260380e-03 1.273245e-01 3.625603e-02 3.603367e-03
4.677330e+00 4.453538e-02 1.490385e-01 7.471576e-03 -5.251833e-02 1.569342e-02 3.168672e-04
4.930054e+00 1.671453e-02 -2.724969e-02 2.075656e-03 1.088603e-01 6.677318e-02 -2.698893e-03
7.698520e+00 4.566230e-01 -1.624985e-03 1.453617e-02 1.191497e-04 3.348124e-02 2.234022e-03
9.690416e+00 -2.373738e-01 -3.803848e-02 -1.829167e-02 6.638003e-03 -4.142352e-02 -2.203508e-03
1.351052e+00 -7.229358e-01 5.885089e-02 -6.447921e-02 -2.383262e-03 -2.927646e-02 1.891705e-03
5.937020e+00 3.115948e-01 -6.852710e-01 2.727786e-02 2.667333e-02 1.212844e-02 7.029723e-04
3.382416e+00 -2.540112e-01 3.057655e-01 -4.050021e-03 -2.807322e-02 -2.332151e-02 9.521357e-04
4.349420e+00 -2.998123e-02 1.710669e-03 -3.321503e-03 -7.203785e-03 -1.262537e-01 -7.051561e-03
3.190936e+00 2.047719e-01 1.495193e-02 2.584082e-02 -4.001044e-03 5.479568e-02 9.956251e-04
2.391883e+00 -3.552268e-01 -8.196213e-01 1.531966e-02 2.019955e-02 -8.754558e-03 1.295627e-03
8.072092e+00 1.658235e-01 -8.364618e-01 2.754781e-02 2.570211e-02 5.095288e-03 9.335495e-04
5.986323e+00 -1.110850e-02 -1.301199e-02 1.144528e-03 1.154492e-01 -9.856039e-02 5.830075e-03
7.287869e+00 -5.075582e-01 4.800411e-01 -2.039218e-03 -2.082035e-02 -2.201382e-02 -1.973408e-03
2.044893e+00 -3.240661e-01 -7.448492e-02 2.364121e-02 9.721832e-03 -4.229737e-02 -2.225087e-03
9.952322e+00 2.341297e-01 -7.072943e-01 1.500649e-02 2.619511e-02 8.671150e-03 -3.653603e-04
8.707632e+00 -2.844349e-01 -1.278922e-01 -9.730810e-03 1.612367e-02 -3.585939e-02 2.367220e-03
4.517628e+00 6.184008e-01 4.633234e-01 -6.493314e-02 -1.550508e-02 2.069473e-02 -1.759044e-03
2.421161e+00 -4.068731e-02 -4.203352e-01 -3.507303e-02 3.496921e-02 -3.384925e-03 1.440649e-04
9.580684e+00 -1.442598e-01 -2.634641e-02 6.348725e-03 1.018267e-02 -5.575524e-02 -1.656270e-03
6.526881e+00 -2.449453e-01 -2.551862e-01 -3.426740e-02 2.827749e-02 -2.714269e-02 -1.646507e-03
9.995613e+00 -6.432073e-01 6.890281e-01 1.600764e-01 -1.605121e-02 -1.498380e-02 -1.836981e-04
2.181678e+00 5.948077e-02 -4.098613e-01 4.854848e-02 3.148776e-02 4.569635e-03 1.668325e-03
9.111383e+00 -7.561281e-02 -3.379328e-02 6.848052e-03 3.424351e-02 -7.662020e-02 -4.189396e-03
9.187849e+00 -1.899328e-01 6.293854e-01 9.876726e-03 -2.558439e-02 -7.720731e-03 -7.195929e-04
6.826158e+00 5.111118e-01 4.120530e-01 3.562757e-02 -1.837704e-02 2.279494e-02 -1.770294e-03
6.507164e+00 -1.394982e-01 -2.157855e-01 2.153786e-02 3.463066e-02 -2.238758e-02 -1.957970e-03
9.650327e+00 -9.047517e-01 -2.823335e-01 4.883046e-02 6.698257e-03 -2.146490e-02 1.446170e-03
1.736188e+00 2.440778e-01 6.006544e-01 -3.514010e-03 -2.854001e-02 1.159732e-02 -1.670098e-03
5.514264e+00 -5.028676e-02 -2.729085e-01 -3.328730e-02 3.726213e-02 -6.866008e-03 -2.688756e-03
7.137216e+00 -1.453903e-01 4.956067e-01 5.885315e-03 -2.808369e-02 -8.238581e-03 -1.036824e-03
5.965546e+00 -5.257930e-01 -2.845352e-01 -3.175715e-02 1.419135e-02 -2.622422e-02 -5.420658e-04
7.533662e+00 -4.412208e-01 -2.744601e-01 6.133310e-02 1.828696e-02 -2.939802e-02 1.178276e-03
1.951172e+00 -2.355266e-01 9.421241e-01 3.684705e-02 -2.355710e-02 -5.889165e-03 -2.028312e-03
4.577082e+00 2.287875e-01 -3.328969e-01 1.617077e-02 3.205592e-02 2.203082e-02 -2.046127e-03
5.868741e+00 8.977171e-01 3.295939e-01 9.962483e-03 -8.881893e-03 2.419167e-02 -1.024068e-03
4.373127e+00 -5.582770e-01 1.825405e-02 4.933861e-02 -9.598363e-04 -2.935538e-02 5.562751e-04
2.572024e+00 6.219303e-01 1.326431e-01 -2.069284e-02 -6.477583e-03 3.037176e-02 1.744060e-03
4.215305e+00 3.279658e-01 -8.507566e-01 -2.627122e-03 2.003850e-02 7.724821e-03 -4.418435e-04
8.243923e+00 1.072325e-02 -2.301445e-02 1.477522e-03 1.171034e-01 5.456267e-02 6.919165e-03
7.405604e-01 -1.228123e-01 7.660754e-01 1.895997e-01 -2.462198e-02 -3.947240e-03 -5.451434e-04
4.327049e+00 3.583013e-01 -8.190916e-01 1.297847e-01 2.422070e-02 1.059504e-02 -1.419303e-03
8.195244e+00 7.815725e-01 1.693461e-01 -9.798042e-03 -4.973305e-03 2.295298e-02 -9.264995e-05
9.049698e+00 -7.285390e-01 -6.840364e-01 8.564236e-02 1.723637e-02 -1.835775e-02 7.741111e-04
6.553932e+00 6.645043e-01 6.910451e-01 -1.979581e-01 -1.625144e-02 1.562727e-02 2.200734e-03
5.726347e+00 3.428238e-01 1.085305e-01 8.783899e-03 -1.138293e-02 3.595615e-02 3.083507e-03
3.787525e+00 -5.167597e-01 7.889303e-01 3.648522e-02 -2.190385e-02 -1.434731e-02 6.279320e-04
6.516333e+00 1.979574e-01 5.684791e-01 4.085998e-02 -2.754169e-02 9.590645e-03 1.466687e-03
7.305716e+00 5.473770e-01 -2.991469e-02 -3.542107e-02 1.597536e-03 2.923161e-02 -2.641594e-03
8.463289e+00 8.765087e-01 1.122886e-01 -8.731422e-02 -2.812898e-03 2.195707e-02 4.193970e-04
4.478937e+00 8.477558e-02 -7.260368e-01 1.488588e-01 2.596427e-02 3.031714e-03 5.971969e-04
8.131731e+00 1.160242e-01 -6.429494e-01 3.568861e-02 2.487092e-02 4.488113e-03 3.044475e-04
6.109278e+00 -7.768999e-02 -4.690720e-02 5.910904e-03 3.617124e-02 -5.990858e-02 -3.999115e-03
9.415287e+00 -7.253649e-01 1.293616e-01 1.247259e-02 -4.199713e-03 -2.354890e-02 8.249133e-04
2.307650e+00 1.971320e-01 -5.941350e-01 -1.026365e-01 2.764786e-02 9.173465e-03 -1.182114e-03
5.395264e+00 -1.346084e-01 9.364176e-01 -1.354546e-02 -2.589402e-02 -3.722221e-03 -4.246547e-04
6.316505e+00 1.545116e-01 -2.108561e-01 -3.992244e-03 3.916458e-02 2.869911e-02 -1.898112e-04
4.719128e+00 -5.545513e-01 7.035850e-02 -9.003011e-03 -4.104076e-03 -3.234748e-02 1.549960e-03
7.042546e-01 6.773768e-01 -3.390663e-02 -9.063877e-02 1.528930e-03 3.054451e-02 -2.467573e-04
6.121895e+00 1.367812e-01 -6.316170e-01 1.012159e-02 2.509122e-02 5.433686e-03 -1.889036e-05
4.829884e+00 4.968391e-01 3.033247e-01 3.781272e-02 -1.356570e-02 2.222031e-02 3.459387e-04
4.538089e+00 -2.985044e-01 3.088413e-01 -3.034073e-02 -2.171039e-02 -2.098375e-02 7.745666e-04
5.384383e+00 1.258238e-01 -8.947875e-01 1.109729e-01 2.623353e-02 3.688923e-03 -4.434731e-04
1.252728e+00 6.451895e-01 -3.858875e-01 -1.126041e-02 1.433872e-02 2.397380e-02 -5.707386e-04
2.963020e+00 8.627530e-01 3.280963e-01 1.230960e-02 -7.989777e-03 2.100970e-02 -7.490533e-04
3.279340e+00 7.729664e-01 2.058735e-01 1.522136e-02 -6.098241e-03 2.289626e-02 9.560767e-04
8.081748e+00 7.052168e-01 5.718533e-01 6.918279e-02 -1.513776e-02 1.866808e-02 -3.681230e-04
8.162729e+00 -5.199596e-01 3.789438e-01 6.668819e-03 -1.854250e-02 -2.544269e-02 -1.266612e-03
6.693151e+00 9.600084e-01 -1.032465e-02 1.890611e-02 2.672547e-04 2.484992e-02 -8.606519e-04
4.289883e+00 4.468468e-01 -7.827653e-01 -1.436034e-01 2.064769e-02 1.178687e-02 1.923726e-04
9.986383e+00 -2.757610e-01 -5.283238e-02 -4.338568e-03 7.422933e-03 -3.874433e-02 3.150223e-03
5.494097e+00 5.288622e-01 9.746087e-02 1.711138e-02 -6.164026e-03 3.344851e-02 -4.369724e-05
9.376586e+00 -4.791052e-01 5.771461e-01 1.554219e-02 -1.985589e-02 -1.648293e-02 -1.137381e-03
3.867585e+00 -4.831841e-01 -5.264995e-01 4.999953e-02 2.168789e-02 -1.990362e-02 1.674933e-05
1.421602e+00 -3.304737e-01 -8.430972e-01 -4.712380e-02 2.382209e-02 -9.337682e-03 1.048986e-03
7.616127e+00 2.716136e-01 1.090922e-01 7.349680e-02 -1.324895e-02 3.298675e-02 -1.604988e-03
3.896060e+00 3.949930e-01 -8.132577e-02 4.487636e-02 7.439166e-03 3.613146e-02 -8.815035e-04
4.415848e+00 -2.285870e-01 1.841405e-02 2.043250e-03 -3.438660e-03 -4.268659e-02 3.894886e-03
5.003523e+00 -1.616934e-01 4.940776e-01 8.088079e-03 -2.817937e-02 -9.222071e-03 -1.733355e-03
6.260922e+00 -7.011079e-01 -6.357654e-01 -1.181987e-01 1.450224e-02 -1.599275e-02 1.600792e-03
9.229073e-01 -4.559281e-01 5.113599e-01 3.294596e-02 -2.191946e-02 -1.954337e-02 5.360531e-04
8.128532e+00 -1.876090e-03 -9.522388e-03 1.022470e-03 2.177817e-01 -4.290710e-02 1.471563e-02
8.694022e+00 3.496474e-01 3.044055e-01 3.280054e-02 -2.276101e-02 2.614384e-02 -9.764026e-04
3.636161e+00 -2.455684e-01 4.131442e-01 -1.214742e-02 -2.444052e-02 -1.452718e-02 2.402329e-04
1.995444e+00 2.679312e-01 7.500278e-01 -7.756554e-02 -2.667410e-02 9.528743e-03 -9.645965e-04
7.976499e+00 1.348973e-01 -8.607996e-03 -7.224846e-03 4.123781e-03 6.462444e-02 4.540771e-03
5.217294e+00 3.116674e-01 -5.297086e-01 1.730029e-01 2.345521e-02 1.380046e-02 2.265385e-03
7.356534e+00 -8.514930e-01 -1.449255e-01 4.604145e-02 3.815280e-03 -2.241624e-02 1.091281e-04
9.340400e+00 -6.092939e-01 6.313017e-01 -7.839469e-02 -1.582725e-02 -1.527550e-02 -5.545380e-04
6.177922e+00 -5.385591e-01 4.614587e-01 1.055624e-01 -1.512559e-02 -1.765277e-02 1.229048e-03
2.224390e+00 4.100795e-02 4.175998e-01 -1.758720e-02 -3.863613e-02 3.794035e-03 -2.174883e-03
7.887298e+00 -4.294050e-01 3.389720e-01 -1.333297e-02 -1.920339e-02 -2.432659e-02 1.205395e-03
3.232302e+00 -8.772638e-02 -8.471855e-01 -8.911597e-02 2.527419e-02 -2.617152e-03 8.498903e-04
5.234667e+00 -2.908168e-01 7.665323e-01 3.618486e-02 -2.317936e-02 -8.794081e-03 -3.150411e-04
3.409537e+00 -6.530138e-01 -6.336334e-01 3.438964e-02 1.477756e-02 -1.522955e-02 1.587168e-03
3.728707e+00 5.593178e-01 -6.114671e-01 -1.444957e-01 1.895498e-02 1.733839e-02 -1.934558e-03
3.573402e+00 1.663020e-01 1.296840e-02 -1.952038e-02 -3.981523e-03 5.105759e-02 9.098386e-04
1.705544e+00 1.339967e-01 -8.133635e-01 8.054651e-02 2.643161e-02 4.354446e-03 1.892886e-04
9.499188e+00 -1.941884e-02 1.216554e-02 -1.906270e-03 -7.259610e-02 -1.158791e-01 -4.055257e-03
4.048185e+00 -5.497734e-01 -4.991870e-01 -9.894836e-02 1.807585e-02 -1.990761e-02 6.268094e-04
9.871851e+00 -2.777569e-01 1.128750e-01 2.717418e-02 -1.593434e-02 -3.921039e-02 4.379518e-03
3.760975e+00 -4.760655e-02 3.975674e-02 -3.387201e-03 -5.179821e-02 -6.202556e-02 4.820256e-03
1.768706e+00 1.863759e-01 -5.311959e-01 -4.487293e-02 3.055517e-02 1.072062e-02 1.525318e-03
5.161585e+00 -4.712206e-01 -7.081362e-02 2.081936e-02 4.376053e-03 -2.911991e-02 2.087093e-05
3.182253e+00 -3.244002e-02 4.425516e-01 -1.805268e-02 -3.354189e-02 -2.458696e-03 9.840067e-04
9.781241e+00 -1.199045e-01 -4.595601e-01 2.941781e-02 2.963890e-02 -7.733131e-03 5.433358e-04
8.479317e+00 1.184929e-01 8.520350e-01 -5.532441e-02 -2.398472e-02 3.335567e-03 -2.199593e-03
5.497510e+00 -3.781962e-01 2.324575e-02 4.721439e-02 -2.062398e-03 -3.355414e-02 4.816368e-04
8.537041e+00 -2.464431e-01 4.549606e-01 -1.170261e-01 -2.982269e-02 -1.615436e-02 8.513602e-04
9.744490e+00 3.958346e-01 9.137803e-01 -7.885739e-02 -2.210701e-02 9.576391e-03 9.503249e-04
6.137574e+00 -3.088413e-01 3.607839e-01 1.308336e-02 -2.289206e-02 -1.959626e-02 -3.798143e-04
8.602331e+00 1.707608e-02 2.232613e-02 -1.389556e-03 -9.277776e-02 7.096081e-02 -1.041514e-04
2.108637e+00 3.572290e-01 7.993693e-01 5.016777e-02 -2.319102e-02 1.036380e-02 4.001768e-04
7.858510e+00 -9.834830e-02 -1.212128e-01 -5.496807e-04 4.631618e-02 -3.757950e-02 -3.710728e-03
4.540159e+00 1.449195e-01 9.565209e-01 -1.324161e-01 -2.167720e-02 3.284245e-03 -1.299057e-03
5.603394e+00 2.258255e-01 1.460055e-02 2.889008e-03 -3.294877e-03 5.096157e-02 5.835457e-04
5.678209e+00 8.135886e-02 2.780269e-02 6.955011e-03 -2.739016e-02 8.015168e-02 -4.037072e-03
5.196484e+00 1.541516e-01 -1.753225e-01 1.295443e-02 3.366902e-02 2.960336e-02 -2.820736e-03
6.459687e+00 7.544979e-01 2.062122e-01 -5.617620e-02 -7.139566e-03 2.612254e-02 7.655753e-04
8.188982e+00 1.695158e-01 -1.711883e-01 1.832861e-02 3.574478e-02 3.539556e-02 -8.742319e-04
3.366291e+00 -4.673499e-01 -1.563350e-01 -1.667411e-02 1.144922e-02 -3.422643e-02 3.383411e-03
9.429203e+00 -4.938803e-01 -8.592904e-02 -3.279091e-04 4.767366e-03 -2.740061e-02 4.524148e-04
7.869944e+00 -2.707900e-02 -5.516375e-01 -3.800296e-02 2.701640e-02 -1.326192e-03 -5.696411e-05
1.311234e+00 3.799460e-01 3.115778e-01 4.140125e-02 -1.954124e-02 2.382908e-02 -4.423973e-04
2.186723e+00 1.921879e-01 -2.228927e-01 -6.606897e-03 3.536245e-02 3.049106e-02 -3.860637e-03
3.196591e+00 7.424145e-01 -1.325334e-01 1.033303e-01 4.712360e-03 2.639730e-02 1.065942e-03
5.881675e+00 1.846170e-01 -8.252163e-02 -1.086870e-02 2.219122e-02 4.964610e-02 2.669269e-03
1.705719e+00 2.007399e-01 1.156292e-01 -7.781606e-03 -2.294948e-02 3.984181e-02 4.321218e-04
6.362385e+00 -9.896425e-03 -9.925779e-03 -4.436982e-04 1.416754e-01 -1.412564e-01 -1.519628e-02
4.032742e+00 -2.913239e-02 5.279147e-02 8.727033e-03 -8.130374e-02 -4.486658e-02 -2.340341e-03
6.017796e+00 -1.746292e-01 6.663156e-01 9.292804e-02 -2.579248e-02 -6.759739e-03 -3.373963e-04
3.557459e+00 3.886095e-01 -1.449996e-01 -4.357998e-02 1.157035e-02 3.100939e-02 -9.498311e-04
9.765760e-01 2.757415e-01 3.041087e-01 2.051380e-02 -2.644897e-02 2.398181e-02 2.898893e-03
1.102804e+00 4.152995e-02 5.665623e-03 -7.134031e-03 -1.440040e-02 1.055573e-01 -1.030919e-03
7.430079e+00 5.468169e-02 -2.717577e-01 2.323263e-03 4.134894e-02 8.320019e-03 -4.948397e-04
3.513912e+00 -2.633748e-01 -6.094299e-01 -6.610470e-02 2.232934e-02 -9.649978e-03 -1.766102e-04
3.204412e+00 4.841885e-02 -7.388764e-01 1.164254e-01 2.822920e-02 1.849870e-03 1.115878e-03
5.792492e+00 -1.671049e-02 4.871773e-03 6.862286e-04 -5.355092e-02 -1.836830e-01 -8.900502e-03
3.536522e+00 -1.022652e-01 -2.068296e-01 1.079705e-02 4.529643e-02 -2.239644e-02 -2.077842e-03
5.577471e+00 -2.447191e-01 3.215003e-01 5.947862e-02 -2.979445e-02 -2.267890e-02 -1.017562e-03
9.205098e+00 -5.613447e-02 -8.004188e-02 -5.666754e-03 5.692113e-02 -3.991957e-02 -2.665395e-03
7.374877e+00 5.120479e-01 2.464000e-02 -1.092843e-02 -1.573106e-03 3.269098e-02 1.957587e-03
7.872181e+00 2.073232e-01 1.006899e-01 7.743787e-03 -1.860214e-02 3.830229e-02 7.498184e-04
3.244300e+00 1.973646e-01 3.164230e-01 2.139055e-02 -3.049188e-02 1.901890e-02 6.682468e-04
5.135189e+00 -5.752416e-01 3.000987e-01 -3.167361e-02 -1.324534e-02 -2.538921e-02 1.334145e-04
1.750033e+00 -1.295696e-02 -5.080704e-03 -1.054681e-03 6.583422e-02 -1.678923e-01 -9.034499e-04
9.677841e+00 -2.468988e-02 -4.445054e-02 -4.708967e-03 8.801963e-02 -4.889016e-02 -7.508352e-04
3.043051e+00 8.902185e-01 9.007338e-02 -2.460189e-02 -2.680316e-03 2.649026e-02 -3.011618e-05
6.112265e+00 -9.421502e-04 8.427909e-02 -1.867642e-02 -7.290787e-02 -8.150321e-04 -4.484107e-03
1.629417e+00 -1.760774e-01 4.800564e-01 9.725974e-03 -2.905941e-02 -1.065855e-02 -6.195308e-05
7.512808e+00 -7.868782e-01 -3.017726e-02 1.051924e-02 8.431355e-04 -2.198493e-02 4.856648e-04
5.576861e+00 -6.207671e-02 1.521277e-01 2.532830e-03 -4.647713e-02 -1.896529e-02 7.655418e-04
8.868185e+00 -1.254847e-01 9.232954e-01 1.345991e-01 -2.587111e-02 -3.516132e-03 2.508632e-03
9.688610e+00 -8.376315e-01 3.202957e-01 1.588244e-02 -9.121111e-03 -2.385336e-02 -2.756012e-03
7.168759e+00 7.373599e-01 6.046581e-01 1.243830e-01 -1.642171e-02 2.002572e-02 -5.979850e-04
9.935261e+00 -6.799443e-01 5.826336e-01 6.481505e-02 -1.370707e-02 -1.599640e-02 7.022817e-04
3.723130e+00 2.307248e-01 8.976149e-01 -3.704602e-02 -2.012765e-02 5.173655e-03 3.748402e-04
7.126679e+00 8.095736e-01 1.805025e-01 3.562317e-02 -5.735685e-03 2.572518e-02 1.156115e-03
6.349338e+00 -1.616287e-02 -5.153824e-03 4.995168e-05 5.451626e-02 -1.709681e-01 -4.394621e-03
2.080413e+00 -3.498122e-01 3.343723e-01 -1.988692e-02 -2.525374e-02 -2.641985e-02 -1.760003e-03
3.546577e+00 1.643276e-01 -8.181571e-02 1.024284e-02 2.262548e-02 4.544347e-02 3.938289e-04
2.853100e+00 -1.868408e-01 -2.428314e-01 -4.408891e-02 3.571243e-02 -2.747808e-02 -1.001914e-05
9.049622e+00 -1.350078e-02 3.768054e-02 -3.920939e-03 -9.659792e-02 -3.461063e-02 5.924827e-03
7.481106e+00 -3.637505e-01 -2.507694e-01 3.048783e-02 2.106278e-02 -3.055236e-02 1.827368e-04
1.419814e+00 -5.937475e-01 -3.421062e-01 3.042884e-02 1.194804e-02 -2.073660e-02 -3.901397e-04
9.517055e+00 6.434555e-01 -1.760173e-03 7.751538e-03 7.769235e-05 2.840151e-02 2.301577e-03
3.608562e+00 1.518707e-01 1.908262e-01 -1.902079e-03 -3.766099e-02 2.997284e-02 2.462768e-03
3.996078e+00 1.183556e-01 3.493433e-01 7.246009e-03 -3.860633e-02 1.307961e-02 -1.175315e-03
7.615933e+00 -3.063478e-02 6.502333e-01 -1.130740e-01 -2.710477e-02 -1.277001e-03 -1.637493e-04
2.313245e+00 1.475357e-03 -1.110653e-02 5.950200e-06 2.138932e-01 2.841291e-02 5.194799e-04
7.422455e+00 -2.962930e-01 -9.048812e-02 -2.222938e-02 1.107144e-02 -3.625218e-02 1.173814e-03
5.603212e+00 -2.504662e-01 6.797362e-01 -1.022732e-02 -2.648107e-02 -9.757629e-03 2.450117e-03
5.875791e+00 -2.474485e-02 8.096828e-02 -9.656489e-04 -7.779280e-02 -2.377439e-02 -8.366356e-03
2.443469e+00 1.034436e-01 3.470068e-01 8.068685e-03 -3.443487e-02 1.026512e-02 -2.640129e-03
5.320108e+00 -6.821008e-01 1.766497e-01 -6.304851e-02 -6.970556e-03 -2.691553e-02 -1.224305e-04
6.266754e+00 -1.446712e-01 7.511608e-02 4.811889e-04 -2.463504e-02 -4.744631e-02 -3.314766e-03
3.765953e+00 -3.112155e-01 -2.622303e-01 5.983120e-02 2.123741e-02 -2.520461e-02 -4.292652e-03
5.285710e+00 -2.108488e-01 1.483278e-01 -2.053416e-02 -2.376954e-02 -3.378852e-02 -2.142942e-03
2.936115e+00 -7.035909e-02 1.317209e-01 -1.361784e-02 -5.146603e-02 -2.749072e-02 2.041352e-03
3.648729e+00 7.928617e-01 -4.551705e-02 -1.163495e-01 1.585311e-03 2.761453e-02 -3.949169e-04
8.745081e-01 1.199810e-01 -6.743532e-01 -3.607274e-02 2.382719e-02 4.239335e-03 -2.742008e-04
6.697439e+00 -1.892214e-01 -7.129446e-02 -2.113910e-02 1.816082e-02 -4.820033e-02 4.859874e-03
2.014873e+00 5.411197e-02 7.216632e-02 -1.225194e-02 -6.665583e-02 4.998007e-02 -7.696041e-04
6.537897e+00 3.591185e-01 4.619066e-01 -3.181474e-02 -2.230594e-02 1.734220e-02 4.789913e-04
1.561774e+00 -5.331845e-02 2.273473e-01 -1.995460e-03 -4.687861e-02 -1.099417e-02 -2.967318e-03
1.729781e+00 -9.062137e-02 2.180147e-01 2.500709e-02 -4.591296e-02 -1.908447e-02 -6.301113e-04
4.183460e+00 -3.217773e-01 1.483164e-01 -4.872287e-02 -1.735679e-02 -3.765612e-02 2.282266e-05
7.038436e+00 -3.589906e-01 -1.664362e-01 -1.961691e-02 1.509176e-02 -3.255181e-02 -1.490669e-03
5.466373e+00 -7.055220e-01 -6.429810e-01 6.932278e-02 1.400873e-02 -1.537133e-02 1.266961e-03
3.101165e+00 5.506930e-02 8.906378e-02 -3.811931e-03 -6.336832e-02 3.918146e-02 -3.658727e-03
9.223920e-01 5.727384e-01 8.087680e-01 9.592121e-02 -1.782387e-02 1.262218e-02 3.204777e-04
9.445925e-01 -7.587281e-02 2.196509e-01 -1.689615e-02 -4.844749e-02 -1.673495e-02 1.566685e-03
1.958734e+00 5.757357e-02 2.646432e-01 -3.316061e-02 -4.190340e-02 9.116154e-03 2.137464e-03
7.406717e+00 -8.094372e-02 -1.352826e-01 -2.470829e-02 4.678461e-02 -2.799267e-02 -1.177182e-04
3.621095e+00 -3.366103e-01 -9.160098e-01 1.380311e-01 2.202148e-02 -8.092335e-03 4.920104e-04
3.146108e+00 -2.049429e-02 8.196638e-01 5.846995e-02 -2.392548e-02 -5.982155e-04 1.145304e-03
3.349354e+00 1.952800e-01 -1.372648e-01 -6.095686e-03 2.300455e-02 3.272745e-02 4.805397e-03
6.993478e+00 8.010324e-01 -4.501930e-01 -2.477241e-02 1.034305e-02 1.840348e-02 -6.916238e-04
9.638687e+00 -7.009652e-02 5.004445e-01 7.579847e-03 -2.976007e-02 -4.168449e-03 -3.104139e-03
2.493468e+00 -1.875857e-01 3.767765e-02 -2.300464e-03 -8.797564e-03 -4.380042e-02 5.671780e-04
5.155723e-01 -6.945338e-02 2.447959e-01 6.225274e-03 -4.160989e-02 -1.180554e-02 -4.594126e-04
1.365719e+00 3.771527e-01 4.225523e-01 -1.444383e-01 -2.394041e-02 2.136822e-02 -1.385098e-03
1.114114e+00 1.455722e-02 -7.460419e-02 8.966979e-03 7.700802e-02 1.502627e-02 9.380113e-04
3.139175e+00 -3.635179e-01 -4.683078e-02 4.341780e-03 5.130927e-03 -3.982816e-02 -7.088573e-04
3.193937e+00 2.293178e-01 5.537338e-01 -9.408317e-03 -2.387398e-02 9.886932e-03 1.162512e-03
4.846170e+00 4.690046e-01 1.598671e-01 -2.137062e-02 -9.913334e-03 2.908291e-02 6.612784e-04
4.584811e+00 -6.361231e-02 1.929501e-01 -2.290905e-03 -4.582324e-02 -1.510713e-02 1.388698e-04
1.383442e+00 4.383852e-01 -1.133185e-01 -1.232091e-02 8.280521e-03 3.203411e-02 1.613240e-03
8.256016e+00 1.458281e-01 5.410428e-01 4.793609e-02 -3.194790e-02 8.610969e-03 -8.949806e-04
3.885302e+00 -2.647855e-01 -2.237517e-01 -5.078422e-02 2.578762e-02 -3.051681e-02 -2.272415e-04
6.150080e+00 -7.603187e-01 3.499079e-01 1.345985e-01 -1.020040e-02 -2.216455e-02 -8.699371e-04
8.995106e+00 -1.188764e-02 2.682877e-01 2.796724e-02 -4.314807e-02 -1.911860e-03 -7.246009e-04
9.472986e+00 5.503146e-02 -3.476955e-01 -4.078642e-02 3.696412e-02 5.850491e-03 6.024656e-04
8.078518e+00 5.400148e-01 2.582544e-01 1.217556e-02 -1.328860e-02 2.778672e-02 5.449731e-04
8.750779e+00 -1.007836e-01 -8.750655e-01 1.476915e-01 2.377023e-02 -2.737679e-03 7.695273e-05
7.075034e+00 7.477197e-01 1.113595e-01 -1.065648e-01 -4.227740e-03 2.838701e-02 5.178777e-04
7.449856e+00 3.036044e-01 -6.757386e-01 -7.367749e-02 2.077059e-02 9.332072e-03 -2.909784e-04
4.730852e+00 4.523661e-02 -1.450459e-01 -1.578636e-05 4.991716e-02 1.556806e-02 -3.158849e-03
4.160024e+00 -2.794770e-01 -3.240370e-01 -3.247455e-02 2.305345e-02 -1.988325e-02 8.412133e-05
6.576178e+00 -4.097088e-01 -5.415012e-01 -1.960979e-02 2.399521e-02 -1.815517e-02 2.508033e-03
4.021922e+00 -7.771002e-01 -5.207656e-01 6.296310e-02 1.430501e-02 -2.134632e-02 -1.861058e-03
3.809564e+00 -1.300429e-01 -9.050902e-01 5.770100e-03 2.321842e-02 -3.336011e-03 -9.798370e-04
3.268521e+00 -3.378589e-01 1.972460e-01 2.656560e-02 -1.906182e-02 -3.265063e-02 -1.256280e-03
4.013057e+00 5.921146e-01 -3.719618e-02 -1.187169e-02 1.715858e-03 2.731422e-02 3.689275e-04
5.284690e+00 -7.881531e-01 7.012298e-02 2.788678e-02 -1.961213e-03 -2.204322e-02 1.890088e-03
9.256560e+00 -4.085264e-01 -2.921148e-03 5.263345e-02 2.186593e-04 -3.057978e-02 -1.187111e-03
5.284946e+00 8.391347e-01 3.518126e-01 -9.855982e-02 -9.984891e-03 2.381571e-02 1.321725e-03
6.235687e-01 -5.689179e-02 2.459864e-01 -2.728382e-02 -4.260172e-02 -9.852936e-03 1.211743e-03
9.667012e+00 5.830555e-03 -9.225892e-02 -5.812792e-03 6.746281e-02 4.263497e-03 -6.613844e-04
8.766344e+00 5.745600e-01 -6.018294e-02 -7.427515e-02 3.441764e-03 3.285815e-02 -1.714793e-03
1.223463e+00 -8.460372e-01 1.354578e-01 -1.843368e-01 -3.920905e-03 -2.448904e-02 1.486679e-03
5.755318e+00 -5.041168e-01 -3.425346e-01 3.158529e-02 1.819529e-02 -2.677846e-02 7.811755e-04
8.428665e+00 -1.858148e-01 8.262943e-01 -9.276787e-02 -2.151279e-02 -4.837737e-03 1.253289e-03
5.466388e+00 -6.873939e-02 9.948991e-03 -3.305902e-03 -1.293068e-02 -8.934046e-02 -2.686156e-03
7.924629e-01 -8.587772e-01 -4.302519e-01 -3.325483e-02 1.028907e-02 -2.053685e-02 1.024010e-03
4.434817e+00 -3.000247e-01 7.763601e-01 -6.986154e-02 -2.035663e-02 -7.866829e-03 -3.311111e-04
5.160837e+00 -3.967947e-01 8.771645e-01 6.713803e-02 -2.018948e-02 -9.132927e-03 8.504910e-04
8.910803e+00 -1.512999e-01 -6.374454e-01 1.505886e-02 2.745600e-02 -6.516778e-03 2.988003e-05
7.281601e+00 -1.361350e-01 2.609749e-01 -2.802760e-03 -4.107164e-02 -2.142462e-02 9.877074e-04
4.429220e+00 5.483610e-02 9.951885e-01 -2.964810e-02 -2.193133e-02 1.208443e-03 -1.402562e-03
8.874769e+00 -7.981090e-01 3.256631e-01 3.316452e-02 -8.424203e-03 -2.064536e-02 -4.587539e-04
7.560406e+00 -1.631285e-01 1.609934e-01 3.404303e-03 -3.490002e-02 -3.536286e-02 -1.619445e-03
7.927080e+00 7.484274e-02 -1.905428e-01 -2.358019e-02 4.818197e-02 1.892525e-02 1.077155e-03
1.682881e+00 4.612412e-01 -1.624661e-01 1.179373e-02 9.968526e-03 2.830063e-02 2.646683e-03
7.733125e+00 4.024368e-02 -2.184481e-01 -1.637817e-02 4.806402e-02 8.854612e-03 -1.244899e-03
1.543434e+00 -1.108719e-02 -8.300101e-01 8.933547e-02 2.526448e-02 -3.374804e-04 -7.843100e-04
9.204083e+00 5.482484e-01 -7.542889e-01 4.276534e-02 1.707723e-02 1.241244e-02 -7.960595e-04
8.285396e+00 9.880132e-01 -1.107041e-01 -1.714050e-01 2.697828e-03 2.407760e-02 3.229205e-03
5.828408e+00 -2.676534e-01 -1.158849e-02 -2.934452e-02 1.643635e-03 -3.796219e-02 -2.285455e-03
4.078422e+00 -2.518507e-02 -6.735235e-03 -2.147060e-03 3.939715e-02 -1.473178e-01 1.457510e-03
2.673720e+00 -2.036864e-01 -5.574052e-01 8.617968e-03 2.566677e-02 -9.379122e-03 -2.369079e-03
9.794046e+00 -1.125315e-01 -3.752245e-01 6.243307e-02 3.553822e-02 -1.065807e-02 4.374829e-03
4.619512e+00 5.682031e-02 -6.316950e-02 2.984502e-03 5.791727e-02 5.209598e-02 -9.795685e-04
9.174935e+00 -7.347848e-02 3.570471e-02 3.548304e-03 -3.854918e-02 -7.933226e-02 7.587050e-03
6.609798e+00 -1.228093e-01 -3.266848e-01 -1.803430e-02 3.956117e-02 -1.487207e-02 1.800942e-03
4.844504e+00 -6.313077e-01 5.350799e-01 -1.855702e-01 -1.780380e-02 -2.100560e-02 1.191987e-03
1.408018e+00 4.054403e-01 -5.275437e-01 -2.137791e-02 2.342834e-02 1.800570e-02 -3.659708e-03
3.374603e+00 -8.430636e-02 -4.318774e-01 2.397521e-02 3.184890e-02 -6.217192e-03 1.236449e-03
9.254482e+00 -1.343298e-02 2.408480e-01 9.109340e-03 -4.565589e-02 -2.546397e-03 -1.716749e-03
6.793251e+00 -5.339741e-02 2.705903e-01 -1.501171e-02 -4.062614e-02 -8.017031e-03 -1.921545e-04
1.207255e+00 -3.544370e-01 -6.204353e-01 -5.910291e-02 2.192070e-02 -1.252267e-02 -1.538656e-03
1.957115e+00 -6.281401e-01 7.477485e-01 -2.958929e-02 -1.547040e-02 -1.299578e-02 -8.340245e-04
3.423066e+00 -4.637395e-02 1.082231e-01 -7.324064e-03 -5.440668e-02 -2.331345e-02 -3.954451e-04
8.813266e+00 -8.424785e-05 -4.171834e-02 3.891081e-03 1.109595e-01 -2.240765e-04 5.223967e-03
8.184928e+00 -1.849766e-01 6.890524e-02 -1.047618e-02 -1.798069e-02 -4.826928e-02 3.613727e-03
3.611316e+00 3.893136e-01 -3.248667e-01 4.905005e-02 1.883456e-02 2.257095e-02 5.733863e-04
4.061500e+00 -1.244195e-01 -7.232607e-01 -9.363032e-02 2.396587e-02 -4.122748e-03 -4.749937e-04
1.139854e+00 -5.689112e-01 -7.835482e-01 -3.951933e-02 1.841378e-02 -1.336970e-02 1.955388e-03
6.104240e+00 4.464138e-01 5.021362e-01 1.086808e-02 -2.048409e-02 1.821096e-02 -2.303265e-03
7.028991e+00 -4.362078e-01 2.436869e-01 2.827315e-02 -1.506381e-02 -2.696472e-02 -1.351272e-03
4.137887e+00 4.187939e-01 3.528573e-01 2.284813e-02 -2.187644e-02 2.596438e-02 8.736657e-04
9.059029e+00 -5.115916e-02 -1.879367e-01 -1.566138e-03 4.713971e-02 -1.283213e-02 4.088033e-03
1.012093e+00 4.284401e-01 8.975123e-01 -1.932269e-01 -1.778338e-02 8.489148e-03 5.173885e-04
7.962641e+00 -1.851566e-01 -8.562023e-01 1.205037e-01 2.317545e-02 -5.011769e-03 8.040043e-04
1.002078e+00 3.193336e-01 5.986102e-01 -1.371425e-02 -2.427349e-02 1.294889e-02 -5.807397e-04
5.797967e+00 -6.120602e-01 -5.871672e-01 6.511509e-03 1.814670e-02 -1.891603e-02 -2.648638e-04
6.668760e+00 6.281766e-01 -2.757484e-01 4.372239e-03 1.134816e-02 2.585201e-02 1.131247e-03
3.924891e+00 -4.054145e-02 -1.191314e-01 -2.298436e-02 6.463706e-02 -2.199655e-02 -3.597134e-04
6.273581e+00 3.175130e-01 -4.891233e-01 -8.875762e-02 2.728160e-02 1.770977e-02 7.712861e-04
4.293912e+00 -1.786638e-01 3.753526e-01 -6.250721e-02 -3.065722e-02 -1.459251e-02 -7.150001e-04
3.917410e+00 7.440801e-01 6.878461e-02 -7.413909e-03 -2.450538e-03 2.650878e-02 1.349923e-03
7.546975e+00 1.809216e-02 6.412639e-04 -9.121008e-04 -6.433157e-03 1.815005e-01 -2.588554e-03
9.883394e+00 7.531473e-01 3.168518e-01 4.982950e-02 -8.725430e-03 2.074009e-02 4.931814e-04
2.763941e+00 2.418390e-02 1.007413e-01 1.662774e-02 -7.350386e-02 1.764530e-02 -4.048093e-04
9.944855e+00 4.453098e-02 -2.474018e-01 2.554399e-02 4.328673e-02 7.791375e-03 1.104063e-03
2.969737e+00 6.405826e-01 5.678350e-01 4.742248e-02 -1.632039e-02 1.841125e-02 1.154572e-03
6.030604e+00 -4.378551e-02 5.335512e-01 -6.469424e-03 -2.985697e-02 -2.450192e-03 3.750564e-04
7.990720e+00 -7.714172e-01 -4.958928e-01 1.481724e-03 1.192029e-02 -1.854336e-02 2.461007e-04
9.537531e+00 -5.536751e-01 -7.464519e-01 -5.781786e-02 1.781452e-02 -1.321379e-02 -8.054130e-04
4.195296e+00 -5.921632e-01 -6.152876e-01 -1.023763e-01 1.631757e-02 -1.570430e-02 1.719296e-03
5.993745e+00 -1.376978e-01 1.895063e-02 -5.201558e-03 -8.534740e-03 -6.201456e-02 -5.134247e-03
3.821334e+00 2.303269e-01 -5.082890e-01 -1.243816e-02 2.980130e-02 1.350421e-02 9.042419e-04
2.132551e+00 -4.112650e-01 6.657195e-02 -1.341308e-02 -5.593160e-03 -3.455315e-02 1.465893e-05
2.425560e+00 -7.565627e-04 3.067972e-03 3.652650e-04 -3.809532e-01 -9.394317e-02 3.701521e-02
1.443532e+00 -1.219802e-01 -7.416855e-01 -5.055724e-02 2.383772e-02 -3.920435e-03 8.770386e-05
3.460103e+00 -6.658637e-02 -2.081302e-01 -1.569349e-03 4.165547e-02 -1.332668e-02 3.287202e-04
6.603177e+00 -2.378383e-03 5.222123e-01 3.350737e-02 -3.397059e-02 -1.547169e-04 -4.534577e-04
2.217208e+00 -5.133846e-01 1.005442e-01 -2.194463e-02 -6.353596e-03 -3.244183e-02 1.406941e-03
5.274349e+00 4.066126e-01 5.701825e-01 -3.178404e-02 -1.961118e-02 1.398527e-02 4.168089e-05
4.585767e+00 -3.051356e-01 1.077069e-02 3.165443e-02 -1.384396e-03 -3.922018e-02 -8.505606e-04
3.290830e+00 -2.725883e-02 1.254301e-01 -9.015909e-03 -6.506241e-02 -1.413955e-02 4.817504e-04
6.301016e+00 -4.262254e-01 1.692932e-01 -5.182915e-02 -1.104991e-02 -2.782009e-02 1.049407e-03
8.946655e+00 -5.257591e-01 1.263478e-01 -6.957112e-02 -7.531089e-03 -3.133841e-02 9.207566e-05
9.381536e-01 -4.154883e-01 1.412428e-01 -1.228755e-02 -1.104579e-02 -3.249297e-02 1.419701e-03
5.162663e+00 -3.050415e-03 1.040640e-01 1.292100e-03 -6.762805e-02 -1.982373e-03 1.147993e-03
6.395807e-01 2.545194e-01 6.523934e-01 7.935922e-02 -2.271978e-02 8.863708e-03 -7.106011e-05
2.091458e+00 2.737811e-01 -2.204087e-02 -2.216578e-03 3.704054e-03 4.600999e-02 7.126923e-05
5.513130e+00 -4.539094e-01 -1.540827e-01 -4.484003e-03 1.052095e-02 -3.099348e-02 -1.706755e-04
9.850288e+00 2.242251e-01 -5.017073e-01 -6.819672e-02 2.980528e-02 1.332070e-02 -2.502074e-03
3.401365e+00 -1.799302e-02 -3.384192e-02 -3.783168e-04 1.066989e-01 -5.672946e-02 -3.681942e-03
9.115962e+00 -5.989904e-04 -1.043556e-01 1.177894e-02 7.344948e-02 -4.215925e-04 -1.631934e-03
1.822091e+00 -3.410715e-02 -8.159183e-01 1.069052e-01 2.238183e-02 -9.356089e-04 -9.790439e-05
4.542895e+00 2.377844e-01 -6.556119e-02 -7.582438e-03 1.358075e-02 4.925613e-02 -2.871028e-03
9.638225e+00 5.520507e-02 4.525790e-01 -1.846188e-02 -3.131525e-02 3.819798e-03 3.002599e-03
2.331936e+00 3.869942e-01 -2.739659e-01 -2.693116e-02 1.723194e-02 2.434121e-02 9.199181e-04
6.324433e+00 -2.669243e-01 -9.206716e-01 -2.676395e-02 2.295310e-02 -6.654643e-03 7.313061e-04
8.423177e+00 7.376940e-01 -1.073027e-01 4.978406e-02 3.433576e-03 2.360545e-02 4.910685e-04
6.776708e+00 6.881756e-02 -4.534321e-02 -1.828369e-03 3.909835e-02 5.933970e-02 3.677365e-04
4.364849e+00 -8.435810e-02 4.637252e-01 -2.445138e-02 -3.232549e-02 -5.880460e-03 1.687437e-03
9.808759e+00 -1.377051e-01 2.049338e-01 8.393754e-03 -4.114272e-02 -2.764581e-02 2.056422e-05
1.600370e+00 -6.053213e-02 -3.648008e-01 4.121054e-02 3.559401e-02 -5.906185e-03 -6.134229e-04
8.667925e+00 1.274596e-01 -5.370745e-01 -2.119411e-03 3.061808e-02 7.266344e-03 2.077993e-03
8.464429e+00 -1.976785e-01 -7.133151e-01 1.851968e-01 2.280730e-02 -6.320507e-03 8.748576e-04
7.013189e+00 -6.422064e-01 8.257318e-02 5.021979e-02 -3.936512e-03 -3.061591e-02 -1.555926e-03
7.975820e+00 2.170504e-01 1.839873e-01 -2.084259e-02 -2.597479e-02 3.064256e-02 9.253566e-04
6.372950e+00 7.965142e-02 -3.703321e-01 -1.423270e-02 4.014490e-02 8.634410e-03 2.108630e-03
7.476554e+00 -7.196452e-01 -3.667512e-01 1.203026e-03 1.255265e-02 -2.463101e-02 -1.974082e-03
9.348330e+00 5.800006e-01 -5.490842e-01 -7.622016e-04 1.561840e-02 1.649780e-02 -3.384375e-04
8.786185e+00 2.280735e-02 -1.827599e-01 2.994301e-03 4.822444e-02 6.018125e-03 1.946553e-03
6.687729e+00 9.099235e-01 -3.717563e-01 1.459545e-01 9.226818e-03 2.258388e-02 4.427604e-04
7.386115e+00 3.537005e-01 -1.431718e-01 1.009733e-02 1.375357e-02 3.397767e-02 9.583694e-04
2.650301e+00 -2.113799e-02 3.510100e-01 -2.423038e-02 -4.130994e-02 -2.487704e-03 4.894680e-03
5.258541e+00 3.498651e-01 -5.039072e-01 -3.960204e-02 2.461042e-02 1.708713e-02 1.365123e-03
2.562968e+00 -5.312699e-01 2.083738e-01 -1.373563e-02 -1.057894e-02 -2.697207e-02 1.873172e-03
2.783048e+00 -1.284092e-01 9.542299e-01 3.016116e-02 -2.445127e-02 -3.290367e-03 -1.570529e-03
1.114572e+00 3.305811e-02 2.863403e-01 1.490328e-02 -4.127813e-02 4.765578e-03 4.522803e-03
6.622945e-01 -7.694985e-02 8.957312e-01 -6.279539e-03 -2.491485e-02 -2.140367e-03 7.492897e-04
5.302316e+00 -6.237630e-02 -3.769404e-02 8.332787e-03 4.165171e-02 -6.892546e-02 -1.504749e-03
3.652348e+00 3.622855e-01 -5.042800e-01 -1.139643e-01 2.277636e-02 1.636303e-02 1.292463e-03
2.912468e+00 -3.138079e-02 -4.357757e-02 3.553648e-03 8.294450e-02 -5.972946e-02 2.283817e-03
4.282825e+00 9.279282e-01 -3.268464e-01 7.261260e-02 7.386723e-03 2.097116e-02 -1.070481e-03
2.571076e+00 8.685119e-02 7.419891e-01 4.517301e-02 -2.873487e-02 3.363469e-03 -4.499795e-04
5.977943e+00 -9.801234e-03 1.009950e-02 3.723722e-04 -1.443527e-01 -1.400895e-01 5.127205e-03
7.029314e+00 7.019246e-01 4.769047e-02 -3.341718e-02 -1.852212e-03 2.726149e-02 -2.133481e-03
5.427463e+00 8.789183e-02 -6.952757e-01 1.159866e-02 2.880874e-02 3.641797e-03 9.913958e-04
6.705020e+00 1.463872e-01 7.361663e-01 9.176322e-02 -2.729094e-02 5.426822e-03 7.352931e-04
5.917477e+00 1.252370e-01 -8.729781e-01 8.904041e-02 2.123908e-02 3.046948e-03 -1.634634e-05
9.460322e+00 2.351065e-01 1.397272e-01 -1.042916e-02 -2.263284e-02 3.808226e-02 -3.667813e-04
3.756239e+00 8.474161e-03 -2.779033e-01 -5.458011e-02 4.770680e-02 1.454733e-03 3.056110e-03
1.940176e+00 6.503397e-01 5.264453e-01 -1.761217e-02 -1.529666e-02 1.889659e-02 -7.164352e-04
1.696211e+00 -4.713896e-01 -4.026189e-02 -7.194608e-02 2.757741e-03 -3.228786e-02 -2.047767e-03
8.437547e+00 4.391034e-01 6.628810e-01 3.178979e-03 -2.244765e-02 1.486969e-02 1.112279e-03
7.273672e-01 6.697168e-01 2.706351e-01 8.950563e-02 -9.184084e-03 2.272705e-02 3.925879e-05
7.106509e+00 -6.072924e-01 6.074561e-01 -2.260635e-02 -1.608554e-02 -1.608121e-02 9.853813e-04
