1.812095e+09 0.000000e+00 0.000000e+00 0.000000e+00 0.000000e+00 0.000000e+00 0.000000e+00
8.698306e+00 3.543197e-01 -5.726753e-01 -1.478735e-01 1.954870e-02 1.209497e-02 -1.294015e-03
2.681083e+00 -4.591995e-02 -2.500771e-01 2.846727e-02 3.493756e-02 -6.415345e-03 1.873866e-03
7.102598e-01 4.128496e-01 8.671258e-01 -1.739706e-02 -1.992278e-02 9.485491e-03 4.918687e-04
5.934230e-01 4.618083e-01 -6.470808e-01 -2.129103e-02 1.576195e-02 1.124898e-02 1.274323e-03
1.996012e+00 -2.177335e-01 -3.509333e-02 -1.425766e-02 5.820726e-03 -3.611419e-02 8.656616e-04
6.718938e+00 3.551810e-01 -3.817699e-01 -9.778792e-02 2.200374e-02 2.047126e-02 -1.453271e-03
4.719021e+00 3.320384e-01 6.252358e-01 9.307510e-02 -2.133821e-02 1.133189e-02 -1.723680e-03
9.613860e+00 5.806552e-02 4.734303e-01 -1.082126e-02 -2.900015e-02 3.556825e-03 9.586242e-04
3.868463e+00 1.300791e-02 -5.620305e-01 1.174021e-03 2.545571e-02 5.891597e-04 -1.706485e-04
4.276319e+00 4.005858e-01 2.010526e-01 -8.702674e-02 -1.151452e-02 2.294202e-02 -1.967700e-05
2.616836e+00 1.614300e-01 2.986235e-01 1.499141e-02 -3.152107e-02 1.703967e-02 3.478525e-04
9.735886e-01 -2.843659e-01 1.535781e-01 2.021814e-02 -1.818885e-02 -3.367857e-02 2.792933e-03
4.121014e+00 -2.590939e-01 8.798827e-01 2.214426e-02 -1.984222e-02 -5.842822e-03 7.153419e-04
1.899681e+00 -7.750208e-01 -2.331167e-01 -1.079252e-02 6.225086e-03 -2.069595e-02 8.183612e-05
1.516405e+00 1.335986e-01 7.806011e-02 -6.704365e-03 -2.463719e-02 4.216614e-02 -1.910163e-04
5.987088e+00 -6.359250e-02 -1.935289e-01 -1.130602e-02 3.626461e-02 -1.191634e-02 -3.079970e-04
8.564238e+00 -6.929585e-01 -1.354022e-01 3.216388e-02 4.766077e-03 -2.439172e-02 -4.205674e-04
5.252920e+00 5.740533e-01 -4.766602e-01 -6.788105e-03 1.559694e-02 1.878377e-02 9.427346e-04
7.601167e+00 1.761628e-01 -2.235649e-01 2.088936e-04 2.885683e-02 2.273836e-02 3.806382e-04
5.841463e+00 -7.890276e-01 -3.865305e-01 1.629440e-02 8.927578e-03 -1.822393e-02 1.146419e-03
7.072426e+00 3.065393e-01 -4.291001e-01 -3.986642e-04 2.117277e-02 1.512535e-02 1.472725e-03
6.323537e+00 2.341106e-02 -6.952508e-01 -7.603780e-02 2.519106e-02 8.482541e-04 -1.811963e-03
2.162413e+00 1.895495e-02 1.121657e-01 -4.648832e-03 -6.219171e-02 1.050981e-02 1.079652e-03
5.940224e+00 -9.227426e-04 2.492405e-01 2.748374e-02 -3.838367e-02 -1.421047e-04 -1.516537e-04
8.923820e-01 3.197007e-01 4.887487e-01 -6.437781e-02 -1.837795e-02 1.202140e-02 2.466851e-05
4.748544e+00 1.939679e-02 -1.628307e-02 -1.983990e-03 8.235857e-02 9.810756e-02 -6.638570e-03
1.207460e+00 -4.502377e-01 2.740951e-01 -4.916211e-02 -1.244108e-02 -2.043614e-02 1.088591e-03
2.603937e+00 -9.179899e-01 -3.124914e-02 -3.437044e-02 6.835914e-04 -2.008151e-02 -1.062612e-03
2.800176e+00 -2.775533e-01 1.193446e-01 4.863220e-02 -1.475939e-02 -3.432514e-02 -2.035736e-04
3.406740e+00 5.914279e-02 -1.624217e-01 9.379022e-03 4.368589e-02 1.590739e-02 3.522987e-03
5.186815e+00 -2.103033e-01 -7.717014e-01 -1.582664e-01 1.942422e-02 -5.293469e-03 9.647397e-05
9.110084e+00 -1.129463e-01 -7.367021e-01 1.891552e-02 2.051751e-02 -3.145611e-03 7.407796e-04
9.879910e+00 4.647722e-01 7.081718e-02 2.595192e-03 -4.797594e-03 3.148655e-02 -6.844541e-04
3.217252e+00 -4.878903e-01 6.931623e-04 2.082953e-02 -3.790967e-05 -2.668316e-02 7.278093e-04
4.344262e+00 -6.906466e-02 6.226295e-04 2.424739e-03 -7.010883e-04 -7.776763e-02 6.355003e-03
9.152436e+00 -1.699345e-02 -6.763093e-03 1.055784e-04 4.882521e-02 -1.226818e-01 4.580844e-03
4.034075e+00 -3.921169e-02 1.724353e-02 -7.733746e-03 -3.999118e-02 -9.093972e-02 -3.090361e-03
8.096612e+00 1.349901e-01 2.755130e-01 -7.300408e-04 -3.507952e-02 1.718754e-02 -1.159920e-03
2.345409e+00 3.954135e-01 3.311854e-01 -1.972999e-02 -1.920294e-02 2.292704e-02 8.933285e-04
7.145241e+00 9.669547e-01 -2.726923e-02 3.488119e-02 5.015347e-04 1.778420e-02 2.027287e-04
4.637113e+00 -4.450497e-02 -7.072183e-02 1.879523e-02 5.011010e-02 -3.153408e-02 3.330421e-03
6.598617e+00 5.173120e-01 2.156257e-01 -9.831615e-03 -1.025108e-02 2.459358e-02 -1.303703e-03
2.982852e+00 1.394419e-02 3.312507e-01 -4.356689e-02 -3.588741e-02 1.510701e-03 2.468235e-03
8.091670e+00 8.506794e-02 -7.590840e-02 8.439971e-03 3.884627e-02 4.353368e-02 4.795076e-03
1.672514e+00 8.553947e-01 1.411791e-01 -9.542019e-03 -3.795111e-03 2.299433e-02 1.035048e-03
8.269461e+00 -2.119846e-01 1.192265e-01 2.929463e-02 -2.043462e-02 -3.633273e-02 -8.979044e-04
5.915263e+00 -2.327430e-01 -2.504832e-02 -1.960765e-02 3.889178e-03 -3.613731e-02 1.467519e-03
1.235381e+00 1.568184e-01 -3.653778e-02 -6.962141e-03 1.233215e-02 5.292898e-02 3.147380e-03
7.691566e-01 -1.600247e-02 -2.751352e-02 -6.033753e-03 9.520970e-02 -5.537605e-02 4.273705e-03
4.559899e+00 -1.282434e-02 -1.246994e-01 -1.661146e-02 5.478828e-02 -5.634536e-03 -6.071471e-04
4.339816e+00 -6.539708e-01 3.116287e-02 5.923106e-02 -1.012470e-03 -2.124727e-02 6.964347e-04
7.350030e+00 3.690074e-01 -5.292918e-01 5.973106e-03 2.106770e-02 1.468781e-02 -2.168536e-03
6.573014e+00 1.744027e-01 6.094967e-01 9.576685e-03 -2.272352e-02 6.502157e-03 2.311928e-03
6.375696e+00 4.596483e-02 2.387497e-01 -3.265833e-02 -4.141235e-02 7.972834e-03 4.406226e-04
6.158172e+00 7.967735e-01 5.165697e-01 -1.210117e-02 -1.185186e-02 1.828068e-02 -1.235898e-03
1.712849e+00 -4.344684e-01 5.825632e-02 2.552180e-02 -3.711845e-03 -2.768247e-02 1.013649e-03
5.870303e+00 -1.945497e-01 6.905770e-01 -9.720283e-04 -2.068787e-02 -5.828196e-03 -2.153180e-04
8.237986e+00 -2.171180e-01 -6.562845e-01 3.786016e-03 2.255016e-02 -7.460247e-03 2.292953e-04
7.324360e+00 2.032803e-01 2.937484e-01 -1.272367e-02 -2.825203e-02 1.955101e-02 3.949114e-03
9.629882e+00 1.946810e-01 -6.374385e-01 -4.268732e-02 2.301398e-02 7.028733e-03 -2.310087e-03
3.109404e+00 8.734809e-01 -2.044083e-01 6.673506e-02 5.148611e-03 2.200112e-02 1.875728e-03
6.023603e-01 6.162055e-01 -2.476464e-01 8.415663e-02 7.739518e-03 1.925783e-02 -1.216328e-03
6.631749e+00 -1.720594e-01 -7.325493e-01 -1.305704e-01 2.040234e-02 -4.792053e-03 1.233133e-04
5.402670e+00 4.595204e-01 -5.786691e-01 -3.262690e-03 1.881817e-02 1.494349e-02 1.933537e-03
9.221018e+00 -5.791624e-01 7.616076e-01 5.094077e-02 -1.772773e-02 -1.348100e-02 1.453391e-04
8.866022e+00 -7.406218e-01 -2.539892e-01 9.693861e-02 6.727041e-03 -1.961577e-02 -7.861906e-04
8.308763e+00 1.450545e-01 2.140821e-01 2.881021e-02 -3.208784e-02 2.174158e-02 -9.607946e-04
6.186711e+00 -4.280263e-01 -8.722027e-01 1.282766e-01 1.847399e-02 -9.065957e-03 -3.335511e-04
1.097574e+00 6.938748e-01 3.456522e-01 -1.334887e-01 -1.032908e-02 2.073497e-02 -1.240240e-03
5.935161e+00 -1.345083e-01 -2.371984e-01 -4.415178e-02 3.215853e-02 -1.823617e-02 -1.351460e-03
5.597838e+00 3.933450e-01 8.463299e-01 -5.617191e-03 -2.036041e-02 9.462819e-03 1.521000e-03
2.934838e+00 9.066884e-01 -3.625594e-01 -9.337448e-02 8.116174e-03 2.029693e-02 -8.324345e-05
2.663223e+00 3.050816e-01 -5.902151e-01 8.100033e-02 2.160582e-02 1.116803e-02 1.488863e-04
8.441415e+00 3.345587e-01 2.143682e-01 -1.918406e-02 -1.566242e-02 2.444392e-02 4.922280e-04
5.069632e+00 -7.807640e-01 1.054202e-01 -4.082826e-02 -3.094377e-03 -2.291761e-02 2.013259e-03
8.032398e+00 -1.210458e-01 3.259059e-01 -3.868668e-02 -2.895374e-02 -1.075380e-02 -4.069674e-03
1.011679e+00 8.471632e-01 -4.335992e-01 2.060768e-02 8.767002e-03 1.712891e-02 -8.822070e-04
1.813682e+00 -2.575491e-02 -1.709119e-03 -9.090237e-04 6.938528e-03 -1.045575e-01 -4.008202e-03
9.905306e+00 -2.802921e-01 -1.331770e-01 3.475688e-02 1.403337e-02 -2.953546e-02 2.025015e-03
2.484447e+00 2.400900e-01 8.887039e-01 -3.693742e-02 -2.032355e-02 5.490561e-03 7.233264e-04
4.620874e+00 5.727000e-01 2.330759e-01 -6.485298e-02 -9.085474e-03 2.232428e-02 -1.772504e-03
6.977805e+00 7.755092e-01 -4.585976e-01 -4.026441e-02 1.089115e-02 1.841743e-02 -3.231455e-04
6.716314e+00 3.764045e-01 8.461587e-01 -5.272493e-02 -1.868334e-02 8.311081e-03 -1.495875e-04
4.779491e+00 1.969651e-02 3.736217e-01 4.265860e-02 -3.526968e-02 1.859340e-03 4.773641e-04
5.562062e+00 -6.751124e-02 2.969005e-01 -1.435317e-02 -3.091627e-02 -7.029950e-03 7.726500e-04
8.706667e+00 -2.758447e-02 1.367298e-01 -1.517530e-02 -4.893183e-02 -9.871719e-03 2.996913e-03
6.552736e+00 3.005635e-01 2.855397e-02 -3.139233e-02 -3.225022e-03 3.394708e-02 -3.682393e-03
6.606955e+00 1.827427e-01 9.978612e-02 4.721599e-02 -2.066873e-02 3.785156e-02 -2.625628e-03
4.568735e+00 -1.206050e-02 2.241520e-02 -1.787918e-03 -9.364550e-02 -5.038597e-02 -8.621115e-04
5.024436e+00 7.599523e-01 3.127098e-01 -5.973376e-02 -7.949207e-03 1.931829e-02 -1.706905e-04
9.395958e+00 -6.998593e-02 -1.274313e-01 1.905892e-02 4.671371e-02 -2.565541e-02 7.557791e-04
7.378761e+00 1.547958e-01 2.367648e-01 8.878025e-03 -2.659937e-02 1.739056e-02 -3.501729e-03
8.562282e+00 -1.645066e-01 2.970503e-01 -7.518558e-03 -3.122455e-02 -1.729217e-02 1.028196e-04
2.203378e+00 5.591991e-01 -4.188343e-01 -6.832129e-02 1.267179e-02 1.691851e-02 -2.553490e-04
1.164926e+00 -4.923831e-01 -4.898596e-01 1.174399e-01 1.575075e-02 -1.583189e-02 -9.467228e-04
6.393873e+00 6.054584e-01 -4.016258e-01 7.471596e-02 1.318742e-02 1.988028e-02 1.463839e-03
8.842599e+00 -3.448945e-01 -4.979604e-01 -1.606021e-02 2.053989e-02 -1.422622e-02 -9.148284e-04
2.558710e+00 -2.154963e-01 9.414218e-02 2.319058e-02 -1.627646e-02 -3.725767e-02 2.888769e-03
2.920032e+00 6.245166e-02 8.745371e-01 7.279971e-02 -2.017003e-02 1.440364e-03 -2.641331e-04
2.289069e+00 -6.509077e-01 5.040268e-01 -2.942589e-02 -1.245666e-02 -1.608671e-02 -2.362025e-04
3.860786e+00 7.799578e-01 1.993505e-02 -6.919111e-02 -5.880585e-04 2.300776e-02 -4.832783e-04
7.327814e+00 -3.686298e-01 -5.165630e-01 2.274014e-02 1.735735e-02 -1.238655e-02 3.566756e-04
6.311638e+00 1.728698e-01 5.760277e-01 -1.515758e-01 -2.542029e-02 7.628799e-03 -1.198193e-03
9.397135e+00 3.352143e-01 -5.089570e-01 4.344970e-02 2.092476e-02 1.378167e-02 9.058504e-04
3.359627e+00 -1.960467e-01 -8.406073e-01 1.416972e-01 1.986495e-02 -4.632908e-03 -6.074833e-04
7.111270e+00 -9.861551e-02 1.864942e-01 -9.117297e-03 -4.189209e-02 -2.215195e-02 2.848115e-03
8.342385e+00 2.189359e-01 -1.115003e-01 -4.687373e-03 2.004098e-02 3.935139e-02 1.564124e-03
9.731952e+00 -5.817424e-01 -3.386560e-01 9.816449e-02 1.334415e-02 -2.292254e-02 2.090769e-04
7.397303e+00 6.654251e-01 -1.521217e-01 5.877392e-02 4.970477e-03 2.174234e-02 -1.554561e-04
8.846542e+00 -7.182675e-02 5.330884e-02 7.916436e-03 -3.443507e-02 -4.639680e-02 1.004352e-03
4.989350e+00 -4.902228e-01 -3.037148e-01 -1.594803e-03 1.225225e-02 -1.977623e-02 -4.555703e-04
6.605714e+00 -2.781989e-01 7.432853e-01 3.962804e-02 -1.820334e-02 -6.813196e-03 7.926874e-04
1.596420e+00 -8.484166e-01 -4.161240e-02 1.245677e-01 9.276416e-04 -1.891327e-02 -5.069812e-04
5.299245e+00 -1.093270e-01 -1.094504e-01 -2.238536e-03 3.035654e-02 -3.032231e-02 1.327948e-03
1.254185e+00 4.016917e-01 -5.194966e-01 -1.971587e-03 1.891339e-02 1.462445e-02 -9.331294e-04
9.959885e+00 9.492838e-03 4.958727e-04 1.159492e-03 -1.145451e-02 2.192817e-01 -4.810463e-03
5.567984e+00 -2.534955e-01 -8.085494e-01 6.954363e-02 2.119870e-02 -6.646194e-03 1.364182e-03
9.741566e-01 -4.489565e-02 -1.797503e-02 3.699861e-03 3.046034e-02 -7.607981e-02 -5.472452e-03
4.644560e+00 2.799026e-01 7.662414e-01 2.350238e-01 -2.157483e-02 7.881133e-03 2.841204e-04
4.759610e+00 -3.951839e-01 -1.384587e-02 5.899260e-02 1.171896e-03 -3.344785e-02 1.136304e-03
4.044174e+00 8.632419e-01 4.304382e-01 -1.893213e-01 -9.058882e-03 1.816755e-02 2.986488e-03
4.853613e+00 -6.644468e-01 2.747438e-01 6.456868e-02 -8.378966e-03 -2.026389e-02 3.260952e-04
3.924071e+00 -1.125631e-01 -2.125076e-01 -2.772499e-03 3.318699e-02 -1.757881e-02 1.069876e-03
5.969284e+00 -7.061664e-02 1.526056e-01 1.104338e-02 -4.506976e-02 -2.085557e-02 -8.116635e-04
4.599256e+00 -1.290754e-02 -4.527977e-01 1.600962e-02 3.055614e-02 -8.710394e-04 1.618251e-03
4.317780e+00 6.702497e-01 1.557106e-01 3.222264e-02 -4.973562e-03 2.140848e-02 -6.924580e-04
6.275021e+00 -2.975385e-01 8.072127e-01 4.671792e-02 -1.955236e-02 -7.206999e-03 1.380020e-03
5.750023e+00 -5.221767e-01 5.913892e-01 -8.347280e-03 -1.536434e-02 -1.356619e-02 1.245110e-03
9.831014e-01 -1.336855e-01 5.230801e-01 5.804363e-02 -2.437790e-02 -6.230353e-03 1.904102e-03
5.352635e+00 -5.601882e-02 -5.520831e-01 7.657235e-02 2.368751e-02 -2.403526e-03 7.046693e-05
4.718078e+00 -4.111169e-02 -3.666475e-02 4.584316e-03 6.082713e-02 -6.820465e-02 -3.609050e-03
5.036350e-01 -2.541357e-01 -1.002134e-02 -1.351524e-02 1.373066e-03 -3.482022e-02 -2.157191e-03
2.779447e+00 3.024482e-02 5.462727e-01 8.246720e-02 -2.876900e-02 1.592818e-03 1.128413e-03
2.181853e+00 -2.811096e-01 -1.108185e-01 2.729675e-03 1.414275e-02 -3.587542e-02 1.626617e-03
9.031702e+00 2.338017e-01 -9.361534e-01 1.166461e-01 1.851481e-02 4.624022e-03 -6.022617e-04
3.458576e+00 7.853381e-01 8.937248e-02 1.158892e-01 -2.476111e-03 2.175820e-02 4.476961e-05
7.761928e+00 8.254071e-01 3.504981e-01 2.724610e-02 -8.561424e-03 2.016176e-02 1.323959e-04
9.092386e+00 8.527662e-01 2.465427e-01 2.201845e-02 -6.450897e-03 2.231300e-02 1.188451e-03
2.067426e+00 6.576817e-02 -2.724250e-02 6.924048e-03 2.831903e-02 6.836711e-02 -2.205301e-04
3.182229e+00 -7.637919e-01 -6.273587e-01 -1.241867e-02 1.121117e-02 -1.364929e-02 5.588955e-04
6.118622e+00 1.122372e-01 6.247403e-01 6.220782e-02 -2.121287e-02 3.810980e-03 -1.175126e-03
7.859732e+00 -5.795009e-01 7.220378e-01 1.732578e-02 -1.511433e-02 -1.213062e-02 8.982777e-04
4.064855e+00 2.070389e-02 -3.423082e-02 -1.629172e-03 8.203569e-02 4.961781e-02 -1.031415e-02
8.543956e+00 2.613151e-01 -3.113115e-01 3.172439e-02 2.365448e-02 1.985558e-02 2.121460e-03
9.956246e+00 2.668918e-01 -2.385629e-01 2.573407e-03 2.088134e-02 2.336096e-02 8.872458e-04
1.055445e+00 6.024619e-01 -3.327661e-01 -8.440620e-02 1.252718e-02 2.268004e-02 5.055715e-04
5.865295e-01 -2.419045e-01 3.372215e-01 6.598092e-03 -2.567943e-02 -1.842104e-02 2.873847e-05
4.367162e+00 8.808191e-02 5.101915e-01 -4.908370e-02 -2.485838e-02 4.291670e-03 1.093297e-03
7.176098e+00 4.205807e-01 -5.513990e-01 1.023524e-01 1.614051e-02 1.231121e-02 6.721612e-05
1.085637e+00 -4.162772e-01 3.966072e-01 9.082828e-02 -1.679949e-02 -1.763268e-02 4.253280e-05
1.354140e+00 -3.990403e-01 2.095087e-01 -1.918141e-02 -1.250151e-02 -2.381097e-02 -1.676775e-03
5.388185e+00 6.321072e-01 1.638515e-01 9.094962e-02 -5.395097e-03 2.081324e-02 -6.518785e-04
3.155864e+00 -4.254021e-02 -6.620448e-03 6.735549e-03 1.336955e-02 -8.590711e-02 4.658212e-04
2.537958e+00 -1.182587e-02 -7.479447e-03 2.459409e-03 8.633901e-02 -1.365119e-01 -2.390148e-03
3.360482e+00 -4.566514e-01 2.085067e-01 4.800868e-02 -1.227747e-02 -2.688894e-02 1.873558e-04
4.689358e+00 4.337921e-01 7.506226e-01 -2.955341e-02 -1.957162e-02 1.131063e-02 1.569766e-03
5.285388e+00 -4.704149e-02 -4.098618e-02 -5.507867e-03 4.677750e-02 -5.368842e-02 4.103218e-03
3.675099e+00 -2.486276e-01 3.736111e-01 -6.268258e-02 -2.542521e-02 -1.691975e-02 3.003745e-04
8.427062e+00 6.266924e-01 1.555634e-03 6.774956e-02 -6.583786e-05 2.652300e-02 -6.421890e-04
8.851534e+00 -2.692500e-01 -5.419037e-01 2.619425e-02 2.371135e-02 -1.178121e-02 -1.788138e-03
6.425359e+00 -6.764384e-01 -5.037700e-01 -3.116004e-02 1.398744e-02 -1.878167e-02 -9.279032e-05
7.702804e+00 -8.004915e-02 5.268127e-02 3.740505e-03 -3.633784e-02 -5.521533e-02 6.467456e-04
2.290234e+00 1.009875e-01 -2.206769e-01 5.631159e-02 3.266817e-02 1.494981e-02 -8.879867e-04
8.267108e+00 -1.195860e-01 2.019884e-01 -4.879391e-02 -3.835366e-02 -2.270705e-02 2.318751e-03
7.860010e+00 2.923933e-02 3.533043e-01 -1.682338e-02 -3.337191e-02 2.761846e-03 -4.649278e-04
1.771706e+00 1.555269e-01 6.997985e-01 -6.078849e-02 -2.229958e-02 4.955976e-03 1.649261e-03
9.883442e+00 -8.436081e-01 -1.256647e-02 -1.123868e-01 3.285046e-04 -2.205307e-02 -3.871375e-04
4.122768e+00 -3.409094e-01 -5.652065e-01 4.736705e-02 1.818629e-02 -1.096923e-02 1.238680e-03
8.669511e+00 -2.836039e-01 3.068075e-01 -3.565837e-03 -2.464562e-02 -2.278169e-02 -1.604914e-03
5.138364e+00 6.479245e-01 -2.127549e-01 -1.978942e-02 6.738843e-03 2.052250e-02 1.331185e-03
4.427561e+00 5.365374e-01 2.202606e-01 -5.972901e-02 -1.045354e-02 2.546399e-02 -1.038171e-03
6.001949e+00 -1.951252e-02 2.678378e-03 1.719771e-03 -1.636555e-02 -1.192263e-01 5.314870e-03
5.928734e+00 7.402968e-02 6.966774e-01 3.127847e-02 -2.406164e-02 2.556816e-03 8.590363e-04
7.571349e+00 2.297872e-01 5.494820e-01 1.165656e-02 -2.363682e-02 9.884649e-03 4.411220e-04
9.218025e+00 6.993360e-02 -5.881202e-01 6.536882e-02 2.640925e-02 3.140333e-03 -7.532542e-04
8.849920e+00 6.951458e-01 3.920167e-01 -1.165601e-02 -1.131662e-02 2.006726e-02 -7.855993e-04
6.716627e+00 -3.733826e-02 -3.474385e-02 -3.579839e-03 6.448493e-02 -6.930018e-02 3.723132e-03
2.885474e+00 6.919485e-01 3.868390e-01 -1.168090e-01 -1.166182e-02 2.085979e-02 -2.484694e-03
5.703017e-01 2.428152e-01 3.654642e-01 1.716564e-02 -2.375432e-02 1.578242e-02 -8.970908e-04
4.979205e+00 -5.605712e-02 3.372462e-01 -4.692041e-02 -3.543864e-02 -5.890616e-03 -2.168985e-03
4.963097e+00 -6.543477e-02 -1.488789e-01 1.707351e-02 4.579682e-02 -2.012847e-02 2.048625e-03
2.965417e+00 3.033627e-01 -1.805781e-01 -1.640045e-02 1.596608e-02 2.682226e-02 -1.524807e-03
5.390142e+00 7.093150e-02 8.419120e-02 1.692716e-02 -4.820467e-02 4.061267e-02 5.363636e-03
3.638059e+00 1.155430e-01 -5.805927e-01 -1.170348e-01 2.318084e-02 4.613189e-03 -4.845216e-04
1.551024e+00 -3.105734e-01 -2.444830e-01 -6.849509e-02 1.868828e-02 -2.374023e-02 2.225070e-03
6.416277e+00 8.191721e-01 5.358423e-01 1.962047e-01 -1.120106e-02 1.712369e-02 -4.448732e-04
7.163154e+00 -2.945768e-01 7.913327e-01 -8.602110e-02 -2.204096e-02 -8.204836e-03 1.433907e-03
4.429884e+00 -7.155357e-01 -6.049604e-01 -5.203458e-03 1.246500e-02 -1.474336e-02 -4.046110e-04
9.465080e-01 -4.649086e-02 3.784654e-01 1.096382e-02 -3.025157e-02 -3.716117e-03 2.492199e-03
8.878470e+00 6.708367e-03 9.929159e-01 7.372295e-03 -2.157636e-02 1.457749e-04 3.291131e-04
5.548506e+00 2.379718e-01 4.827814e-02 1.068031e-02 -6.989781e-03 3.445391e-02 2.602472e-05
3.909038e+00 3.191491e-01 -3.540730e-01 -1.341870e-02 2.258236e-02 2.035495e-02 1.283529e-03
7.972433e+00 -2.749277e-01 1.980083e-01 1.155146e-02 -1.726192e-02 -2.396759e-02 -2.306933e-03
1.465031e+00 -9.945265e-01 -1.992128e-02 -3.430215e-02 3.987651e-04 -1.990748e-02 1.235002e-03
8.432019e+00 3.399628e-01 -8.712983e-01 -8.082796e-02 1.868381e-02 7.290038e-03 3.169989e-04
8.729095e+00 -5.931872e-01 2.873492e-01 -6.968117e-02 -1.049752e-02 -2.167047e-02 -9.706673e-04
3.868727e+00 5.349332e-01 8.409326e-01 1.918535e-03 -1.726075e-02 1.097989e-02 -3.602352e-04
5.496796e+00 3.133214e-01 7.501839e-01 -8.636927e-02 -1.977986e-02 8.261246e-03 -1.212932e-03
9.675722e+00 -2.108706e-02 4.969880e-01 -5.555592e-02 -2.516581e-02 -1.067778e-03 -1.811443e-03
7.302490e+00 1.274903e-01 3.052022e-01 -2.468448e-02 -3.119813e-02 1.303221e-02 1.182724e-03
6.174152e+00 -6.810215e-01 1.009664e-01 3.503546e-03 -3.073888e-03 -2.073348e-02 1.228064e-03
1.720305e+00 3.966813e-01 7.016495e-01 3.448595e-03 -1.857109e-02 1.049927e-02 -9.251534e-04
5.522584e+00 6.227132e-01 -6.803539e-01 -6.438791e-03 1.381269e-02 1.264245e-02 3.320977e-04
2.902376e+00 -1.604108e-01 -9.162382e-02 -5.051926e-03 2.360509e-02 -4.132672e-02 1.027231e-03
8.591547e+00 -1.926985e-01 1.757113e-01 -3.440963e-02 -2.273871e-02 -2.493702e-02 2.777571e-03
1.575968e+00 1.159287e-01 -2.251778e-01 3.917878e-02 3.712869e-02 1.911502e-02 2.705683e-03
8.618394e+00 -3.772622e-01 -5.744037e-02 7.371327e-02 4.254161e-03 -2.794088e-02 -1.123791e-03
9.735921e+00 4.021770e-01 -5.609132e-01 -9.275667e-02 1.842455e-02 1.321048e-02 1.406781e-03
8.889772e+00 -8.979381e-02 -3.521904e-01 -3.082189e-02 3.037782e-02 -7.745073e-03 -1.408473e-03
5.608552e+00 -2.868101e-01 -1.898224e-01 5.036111e-02 1.646217e-02 -2.487333e-02 -1.541917e-03
8.664586e+00 3.471605e-01 6.186664e-02 2.166658e-02 -6.141189e-03 3.446087e-02 -2.006898e-03
9.883179e-01 1.902330e-01 3.771263e-01 -3.837712e-02 -2.800407e-02 1.412603e-02 -9.179115e-04
5.504790e+00 -1.683939e-01 6.461548e-01 6.627047e-02 -2.198683e-02 -5.729971e-03 -2.046861e-03
2.736663e+00 5.862313e-01 5.814865e-01 4.498292e-02 -1.461459e-02 1.473385e-02 -3.004476e-04
4.913587e+00 1.212882e-01 1.544257e-01 9.748274e-04 -3.140647e-02 2.466711e-02 -1.849130e-03
7.564808e+00 -3.671487e-01 7.888726e-01 -1.324006e-01 -1.726983e-02 -8.037541e-03 4.550335e-04
5.387893e-01 -2.209470e-01 8.054425e-01 6.641602e-02 -2.130422e-02 -5.844122e-03 5.970694e-04
2.823784e+00 3.203315e-01 -2.017771e-01 -2.021188e-02 1.858383e-02 2.950278e-02 -2.162451e-03
8.120188e+00 4.802980e-01 6.064217e-01 2.129695e-02 -1.843209e-02 1.459858e-02 6.432627e-04
3.122593e+00 4.821273e-01 -1.773803e-01 5.221158e-02 9.251605e-03 2.514626e-02 -5.450245e-04
5.578367e+00 4.177492e-02 4.642348e-01 1.545715e-02 -2.575191e-02 2.317327e-03 1.460300e-03
5.953333e+00 -3.365282e-01 -4.119802e-01 -8.943386e-02 2.172339e-02 -1.774487e-02 -1.989727e-03
8.480150e+00 1.319134e-01 -9.890634e-01 -3.886185e-02 2.021306e-02 2.695856e-03 -8.650509e-04
5.779028e+00 -6.024222e-02 2.879848e-01 -2.960428e-02 -3.839257e-02 -8.031165e-03 4.046107e-03
1.375352e+00 -8.237589e-01 5.548263e-01 -8.684240e-02 -1.081598e-02 -1.605865e-02 -1.155831e-03
1.175481e+00 4.651852e-01 -2.500311e-01 -1.895484e-03 1.283891e-02 2.388692e-02 -3.424118e-04
7.985488e+00 -3.465617e-01 -6.210959e-01 1.024107e-01 2.085313e-02 -1.163572e-02 -2.171387e-03
9.796278e+00 8.057047e-01 4.325850e-01 -6.214491e-02 -8.541257e-03 1.590839e-02 3.168079e-04
3.060241e+00 -5.033768e-01 2.109480e-01 -5.569759e-02 -9.228680e-03 -2.202203e-02 7.161957e-04
3.954090e+00 -5.915519e-01 -2.361770e-01 5.410331e-02 8.257426e-03 -2.068235e-02 -1.489432e-04
4.083816e+00 5.123113e-01 2.470104e-01 6.089605e-03 -1.197620e-02 2.483921e-02 -3.009266e-03
4.140810e+00 -3.940831e-01 -5.271285e-01 -9.327155e-02 1.818810e-02 -1.359749e-02 -1.054255e-03
9.199334e+00 -2.185033e-01 3.617108e-01 1.588859e-02 -2.464098e-02 -1.488519e-02 1.129585e-03
7.576245e+00 9.082414e-01 1.313700e-02 1.035630e-02 -3.297355e-04 2.279663e-02 -2.848432e-04
4.443450e+00 -1.441849e-01 6.833765e-01 1.223394e-03 -2.281254e-02 -4.813195e-03 1.720235e-04
2.630775e+00 -1.258790e-01 4.249729e-01 -1.938320e-02 -2.699633e-02 -7.996444e-03 1.538346e-04
2.315214e+00 1.765104e-01 -2.410951e-01 2.687073e-02 3.049351e-02 2.232489e-02 1.781323e-03
7.620085e-01 -3.887305e-03 -5.168574e-02 6.204785e-03 8.941560e-02 -6.724984e-03 8.874363e-04
7.035989e-01 4.853226e-01 4.548043e-01 1.046669e-02 -1.677235e-02 1.789781e-02 4.934936e-04
7.266998e+00 -2.786966e-01 -4.418169e-01 3.365516e-02 2.545853e-02 -1.605916e-02 -1.243083e-03
6.078118e+00 -3.803898e-01 -2.693503e-01 2.388085e-02 1.769212e-02 -2.498568e-02 9.962554e-04
6.294075e+00 2.819106e-03 -2.514218e-01 2.385216e-02 3.698737e-02 4.147266e-04 7.093120e-04
9.295309e+00 -2.029540e-01 -4.749082e-01 -4.065865e-02 2.448834e-02 -1.046519e-02 -3.220395e-03
2.830799e+00 4.614649e-02 -1.715152e-01 -2.354871e-02 4.911567e-02 1.321467e-02 -2.089735e-03
8.258432e+00 -6.513079e-02 5.703094e-01 1.053710e-01 -2.267383e-02 -2.589409e-03 -1.746169e-04
9.715850e-01 1.135899e-01 -6.012450e-02 1.958310e-03 2.450528e-02 4.629646e-02 -4.715837e-03
9.231509e+00 3.947243e-01 1.510806e-01 -4.436754e-02 -1.140272e-02 2.979160e-02 -1.460847e-03
3.274893e+00 -1.209330e-02 9.561227e-03 2.206673e-04 -9.781156e-02 -1.237147e-01 2.237113e-03
5.127260e+00 2.508240e-01 -3.716583e-02 4.772942e-03 4.898766e-03 3.306069e-02 1.241324e-03
7.279981e+00 -7.575015e-01 -1.337129e-01 -1.305226e-03 3.355871e-03 -1.901146e-02 -3.882431e-05
7.405316e-01 3.966471e-01 2.032843e-01 5.379166e-02 -1.464051e-02 2.856648e-02 4.421463e-04
5.761777e+00 -5.143778e-02 -8.182811e-02 -8.890256e-03 5.957518e-02 -3.744941e-02 -5.919727e-04
3.959547e+00 4.333159e-02 -5.529657e-01 -8.660828e-04 2.791939e-02 2.187824e-03 -1.973876e-03
2.342977e+00 3.028172e-01 3.477254e-01 2.642029e-02 -2.268507e-02 1.975533e-02 1.242049e-03
2.805946e+00 9.440887e-01 2.269459e-01 1.762560e-02 -4.472991e-03 1.860752e-02 -7.054198e-04
8.282752e+00 -6.416323e-01 -3.695631e-01 -2.455771e-02 1.112339e-02 -1.931234e-02 -5.259142e-04
1.152096e+00 3.705101e-01 -4.746883e-01 -3.081491e-02 1.758683e-02 1.372711e-02 -8.938233e-04
6.620579e+00 3.876214e-01 -7.642450e-01 -3.472957e-02 1.779813e-02 9.027128e-03 -6.686141e-04
5.493087e+00 -2.772939e-01 4.246015e-01 -1.674725e-02 -2.440090e-02 -1.593546e-02 -2.033359e-04
3.975629e+00 2.052739e-02 -1.960724e-04 -3.794222e-03 1.215770e-03 1.272825e-01 1.139144e-02
2.864330e+00 1.081247e-02 -4.147540e-01 -6.864708e-03 2.675370e-02 6.974581e-04 9.467337e-04
8.508306e+00 -5.346161e-01 -2.368447e-01 2.392124e-02 9.838508e-03 -2.220790e-02 6.471523e-06
3.837668e+00 6.333103e-01 2.792582e-01 4.232445e-02 -1.058273e-02 2.399984e-02 4.419614e-04
7.492773e+00 4.105728e-01 -9.306279e-02 1.876261e-02 6.114331e-03 2.697510e-02 -6.459598e-04
6.384182e+00 -4.687353e-01 -6.791247e-01 1.044813e-01 1.541921e-02 -1.064242e-02 -2.595679e-04
1.321157e+00 3.593955e-01 -2.263761e-01 -5.608292e-03 1.792048e-02 2.845061e-02 -2.810347e-03
6.570173e+00 6.244011e-01 3.059250e-01 -2.905385e-02 -1.151836e-02 2.350927e-02 3.344421e-04
3.163305e+00 -4.488102e-01 -2.040095e-01 6.981325e-02 1.240288e-02 -2.728569e-02 7.964908e-05
6.212260e+00 -4.113385e-01 5.696472e-02 9.069188e-02 -3.962783e-03 -2.861499e-02 -2.534758e-03
4.908726e+00 2.249733e-01 -6.732070e-01 -5.314894e-02 2.433832e-02 8.133417e-03 1.828449e-03
7.628425e+00 -7.475385e-01 -6.433780e-02 -4.227696e-02 1.907546e-03 -2.216371e-02 -3.106124e-04
2.743595e+00 -3.213518e-01 5.390508e-01 7.200794e-02 -2.340372e-02 -1.395199e-02 1.315222e-03
8.469011e-01 -2.568490e-01 1.480908e-01 -2.312697e-02 -1.947193e-02 -3.377217e-02 7.743684e-04
9.578741e+00 1.892542e-01 -7.893440e-01 1.549378e-02 1.980554e-02 4.748604e-03 -1.518803e-03
6.959424e+00 2.200642e-01 5.063518e-02 -5.612043e-03 -9.226282e-03 4.009809e-02 1.458366e-04
6.221268e+00 8.129644e-01 -2.391759e-01 -1.610614e-01 6.273612e-03 2.132416e-02 2.924215e-03
3.510692e+00 3.444619e-01 -4.490864e-01 -1.855632e-02 2.212123e-02 1.696761e-02 -1.539371e-03
8.137195e+00 -8.204748e-01 -3.825915e-01 9.701567e-02 9.008521e-03 -1.931894e-02 2.349596e-03
8.213714e+00 -7.649549e-04 -6.814505e-03 -2.970895e-06 2.534617e-01 -2.845207e-02 -1.215087e-02
8.321064e+00 6.620623e-01 -3.232589e-01 -5.867711e-03 9.360547e-03 1.917122e-02 -3.397527e-04
7.416334e+00 -4.457793e-01 -2.158915e-01 -7.320181e-02 1.163260e-02 -2.401934e-02 1.073598e-03
4.807028e+00 -4.386010e-02 1.913731e-01 8.377783e-03 -3.888093e-02 -8.910979e-03 1.721436e-03
7.609224e+00 1.124563e-01 9.653886e-01 -1.107471e-01 -1.944827e-02 2.265493e-03 3.416104e-04
6.637447e+00 1.459754e-01 -1.023286e-01 2.326020e-04 2.493578e-02 3.557178e-02 9.836653e-04
8.238456e+00 3.345013e-01 -1.325670e-01 -2.186658e-02 1.170254e-02 2.952857e-02 1.187425e-03
1.694783e+00 4.392333e-01 6.943275e-01 1.406850e-01 -1.657753e-02 1.048699e-02 1.853522e-04
9.399208e+00 -7.864745e-01 -2.048729e-01 -1.851131e-02 6.121134e-03 -2.349806e-02 1.261757e-03
4.624187e+00 -4.324355e-01 -5.084362e-01 -7.049359e-02 1.944781e-02 -1.654077e-02 -3.623721e-03
9.524194e+00 -7.225159e-01 1.291440e-01 4.266664e-03 -4.161115e-03 -2.328000e-02 -9.054181e-06
3.002233e+00 -3.133282e-01 -9.787155e-02 -5.338325e-03 1.027537e-02 -3.289581e-02 3.774203e-04
7.440335e+00 -2.437706e-01 4.534421e-01 1.592312e-02 -2.306948e-02 -1.240216e-02 2.289730e-05
6.314153e+00 5.608180e-01 1.840793e-01 -1.934346e-02 -8.366288e-03 2.548883e-02 8.850248e-04
7.110800e-01 -7.937213e-01 -6.052718e-02 -1.885196e-02 1.793010e-03 -2.351257e-02 1.875418e-03
4.012989e+00 -4.628419e-01 -5.529221e-01 6.578216e-03 1.725168e-02 -1.444109e-02 4.351771e-04
9.302849e-01 4.870703e-01 2.531561e-01 -1.543326e-01 -1.054151e-02 2.028178e-02 1.351090e-03
9.179908e+00 9.606038e-02 1.263715e-01 -3.140013e-02 -4.115182e-02 3.128126e-02 1.379017e-03
8.954049e+00 -3.130302e-01 -6.165484e-02 1.983539e-02 7.075525e-03 -3.592343e-02 4.396384e-04
7.979857e+00 5.646474e-01 -2.997053e-01 1.209650e-02 1.126797e-02 2.122895e-02 -1.389026e-03
8.553892e+00 -2.922767e-01 -5.781047e-02 -1.120986e-02 7.713025e-03 -3.899531e-02 1.392644e-03
9.752342e+00 -1.452126e-01 4.642730e-02 -1.128968e-02 -1.704298e-02 -5.330605e-02 -1.184927e-04
7.364496e+00 -9.170544e-01 2.798796e-01 -6.019321e-02 -5.164226e-03 -1.692112e-02 -6.539850e-04
6.287884e+00 -1.432732e-02 7.578971e-01 7.851174e-02 -2.022366e-02 -3.823089e-04 -1.161723e-03
9.313049e-01 1.991444e-01 -3.579281e-01 3.142048e-02 2.556483e-02 1.422379e-02 8.781346e-04
5.890322e+00 5.957560e-01 5.383482e-02 2.256146e-02 -2.069061e-03 2.289699e-02 3.345605e-03
4.972488e+00 -9.061531e-01 -7.039652e-02 -7.160973e-02 1.639954e-03 -2.110971e-02 -7.825154e-04
3.791925e+00 1.528506e-01 -4.113830e-01 7.849895e-02 2.724426e-02 1.012269e-02 -1.417282e-03
9.948264e+00 -7.557633e-01 -3.514452e-01 -1.761092e-01 9.886227e-03 -2.125978e-02 8.533928e-04
1.582422e+00 -2.963308e-01 2.724134e-02 -3.911791e-02 -3.638527e-03 -3.957983e-02 8.614725e-04
5.357084e+00 8.315458e-01 -5.008329e-01 8.013656e-02 1.020712e-02 1.694715e-02 1.260395e-03
7.846067e-01 2.573237e-01 3.655355e-01 1.386707e-02 -2.541097e-02 1.788840e-02 1.404796e-03
3.210737e+00 -2.419205e-01 -2.361878e-01 -5.977932e-02 2.085319e-02 -2.135934e-02 -3.178432e-03
9.518044e+00 -2.943009e-01 -7.094326e-02 -5.259549e-02 7.161778e-03 -2.970991e-02 -1.273676e-03
4.521006e+00 -6.944329e-01 4.666207e-02 -1.142563e-01 -1.351672e-03 -2.011582e-02 2.035557e-03
3.760322e+00 1.865655e-01 9.039962e-01 5.038784e-02 -1.811434e-02 3.738413e-03 -2.396125e-04
1.677046e+00 2.283643e-01 -8.769592e-01 1.926307e-02 1.838207e-02 4.786777e-03 1.489354e-03
5.335294e+00 4.428619e-01 -1.926424e-01 -5.189059e-02 1.178314e-02 2.708802e-02 -1.691914e-03
6.425690e+00 3.146073e-02 -3.866051e-01 3.407508e-02 3.489014e-02 2.839251e-03 -1.480023e-03
4.364770e+00 1.927496e-01 -3.107942e-01 -2.258189e-02 2.776754e-02 1.722099e-02 2.391482e-03
1.322872e+00 -4.858652e-02 1.978697e-02 -5.187909e-04 -3.388234e-02 -8.319744e-02 8.719081e-04
8.589298e+00 -6.726288e-02 3.191635e-01 1.930013e-02 -3.459466e-02 -7.290736e-03 -1.111578e-03
2.097940e+00 3.549242e-01 -1.764295e-01 -4.571260e-02 1.367418e-02 2.750842e-02 7.553806e-04
7.842953e-01 -2.299283e-01 -9.197807e-02 1.906374e-03 1.475544e-02 -3.688590e-02 3.054382e-03
8.902798e+00 6.666469e-02 -3.533382e-01 -2.192236e-02 3.261917e-02 6.154293e-03 5.933336e-04
1.622145e+00 1.332638e-01 -5.953421e-01 -6.677791e-02 2.151656e-02 4.816352e-03 1.994873e-03
9.856581e+00 8.552380e-01 2.726402e-01 -7.160962e-02 -6.686972e-03 2.097619e-02 1.453199e-04
6.878736e+00 5.564444e-01 -1.578852e-01 2.285981e-02 6.092437e-03 2.147195e-02 1.169656e-03
9.735851e+00 -2.348781e-01 1.975709e-01 2.618059e-02 -2.118029e-02 -2.517976e-02 2.429489e-03
7.707696e+00 -2.623511e-01 -8.679092e-02 -5.752381e-02 1.247499e-02 -3.770933e-02 2.768565e-04
4.682388e+00 -1.398949e-02 7.196933e-03 -9.425290e-04 -7.449974e-02 -1.448135e-01 1.398744e-02
5.814633e+00 2.450708e-01 -6.686526e-03 3.490607e-03 1.101015e-03 4.035378e-02 -1.505278e-03
7.454984e+00 -7.585835e-02 9.673639e-02 2.303314e-03 -4.611388e-02 -3.616140e-02 1.626705e-03
5.194264e+00 6.787655e-01 4.400940e-01 9.361795e-03 -1.190102e-02 1.835518e-02 -1.289670e-03
7.437873e-01 -4.494369e-01 -1.705092e-01 -5.293750e-02 8.736034e-03 -2.302688e-02 7.744169e-06
1.607692e+00 7.426646e-01 -5.649581e-01 -3.975267e-03 1.309645e-02 1.721591e-02 1.045374e-03
8.341432e+00 1.483039e-01 4.252868e-01 -1.139546e-02 -2.428138e-02 8.467282e-03 2.812281e-04
4.660275e+00 -2.329057e-01 -5.127660e-01 1.643305e-02 2.063500e-02 -9.372712e-03 1.113763e-04
4.928965e+00 5.051745e-01 -6.913546e-01 -9.539025e-02 1.848937e-02 1.351023e-02 8.318173e-04
8.071802e+00 -4.696825e-01 1.746088e-01 9.579483e-02 -9.739874e-03 -2.619942e-02 -1.436635e-03
5.077829e+00 -1.807631e-01 7.307293e-01 4.135042e-02 -2.293756e-02 -5.674145e-03 -2.486184e-04
7.306300e+00 -2.929018e-01 2.167710e-01 -2.373147e-02 -1.686752e-02 -2.279147e-02 -1.764960e-04
3.946167e+00 3.366690e-01 -1.607653e-01 -2.103723e-02 1.325633e-02 2.776093e-02 6.900516e-04
4.232162e+00 1.370965e-01 7.564051e-02 -4.361608e-03 -2.191191e-02 3.971478e-02 -6.675085e-04
6.001980e+00 -6.597237e-01 1.599887e-01 -4.019031e-02 -5.702360e-03 -2.351405e-02 -1.330386e-03
8.655103e+00 1.217276e-01 2.859114e-02 -2.988079e-03 -1.161253e-02 4.944067e-02 -1.490784e-03
5.389217e+00 -2.721479e-01 2.794605e-01 -3.859919e-02 -2.076378e-02 -2.022047e-02 -3.609045e-03
9.732091e+00 -1.775858e-01 4.891146e-01 3.131711e-02 -2.372301e-02 -8.613256e-03 1.387351e-03
1.359428e+00 5.262864e-01 8.208923e-02 -9.525782e-02 -3.703040e-03 2.374075e-02 5.934640e-04
5.522031e+00 7.461457e-02 -3.641567e-01 2.869653e-02 2.777318e-02 5.690638e-03 -5.272436e-04
8.515279e-01 -3.109953e-01 -1.029760e-01 -2.374029e-02 1.053625e-02 -3.182027e-02 -1.627606e-03
8.622791e-01 1.243821e-02 -4.345759e-02 6.900958e-03 9.196970e-02 2.632310e-02 1.714729e-03
9.661695e+00 7.382717e-01 -6.111044e-01 4.997091e-02 1.170858e-02 1.414507e-02 7.937845e-04
1.306565e+00 5.085862e-01 5.316836e-02 1.644581e-02 -2.914294e-03 2.787691e-02 -6.460367e-04
7.141709e+00 -2.701013e-01 2.324805e-01 2.803131e-02 -2.220280e-02 -2.579573e-02 1.124308e-03
8.820501e+00 4.317421e-02 -2.445976e-01 -4.666786e-03 3.409040e-02 6.017335e-03 5.112407e-04
6.322275e+00 -2.385297e-01 -2.583917e-01 -1.044245e-02 2.139231e-02 -1.974793e-02 3.164931e-03
4.455681e+00 -6.789178e-01 2.841627e-01 6.748088e-02 -8.866933e-03 -2.118476e-02 -3.338618e-04
6.238878e-01 -4.609238e-01 -9.588789e-02 2.027237e-02 5.513893e-03 -2.650475e-02 -9.106879e-04
7.310227e+00 6.098487e-02 3.029424e-01 -5.781240e-03 -2.982987e-02 6.005005e-03 -4.295626e-04
2.067336e+00 -8.099916e-02 -1.884616e-01 -1.060570e-04 3.998109e-02 -1.718353e-02 2.854056e-03
7.485861e-01 -8.394472e-04 9.185993e-03 -6.478971e-04 -2.006093e-01 -1.833236e-02 1.046176e-02
8.707320e+00 -1.775421e-04 2.569171e-01 -1.603430e-02 -3.621436e-02 -2.502588e-05 3.904703e-03
5.838323e+00 9.314731e-01 1.161209e-01 1.219309e-01 -2.375401e-03 1.905446e-02 -1.302412e-03
5.600241e+00 -2.893990e-01 -6.178468e-02 1.408273e-02 6.735832e-03 -3.155059e-02 -2.176547e-03
6.972514e+00 -5.958209e-01 -6.062765e-01 2.011949e-01 1.465794e-02 -1.440516e-02 1.359060e-03
8.703518e+00 1.122088e-01 5.464616e-01 -9.357179e-02 -2.329556e-02 4.783439e-03 -5.093271e-04
7.886132e+00 -9.324987e-02 8.183859e-03 7.472931e-03 -5.768495e-03 -6.572833e-02 1.833940e-03
8.412613e+00 5.701976e-02 3.070924e-01 5.267874e-02 -3.643341e-02 6.764819e-03 2.763815e-03
2.254051e+00 -1.974498e-02 4.498673e-01 -5.656327e-03 -2.805571e-02 -1.231384e-03 -6.485519e-04
1.382561e+00 3.206179e-01 -7.887486e-02 -1.351466e-02 7.514675e-03 3.054635e-02 -2.259509e-03
8.685945e+00 -4.362526e-02 -1.268228e-01 -4.965309e-04 5.630778e-02 -1.936908e-02 -1.398715e-03
8.059856e+00 -3.901948e-01 8.244801e-02 6.734119e-02 -6.388912e-03 -3.023627e-02 2.114326e-03
7.089852e+00 9.066765e-02 1.577105e-01 -9.756621e-03 -3.838787e-02 2.206916e-02 3.807563e-03
8.721231e-01 1.411044e-02 -1.442181e-03 -1.816426e-04 1.503386e-02 1.470927e-01 4.637859e-03
5.975733e+00 -2.947060e-01 -3.484361e-02 -5.588386e-02 4.133422e-03 -3.496034e-02 8.902271e-04
8.403144e+00 4.351701e-01 6.187210e-02 3.253432e-02 -3.658696e-03 2.573301e-02 -2.060496e-05
7.289378e+00 7.856065e-02 1.507575e-01 -4.004209e-02 -4.173619e-02 2.174898e-02 -3.090613e-03
8.350666e+00 -4.870480e-02 6.174369e-03 6.656121e-03 -9.750112e-03 -7.691106e-02 -7.129105e-03
2.296412e+00 2.405537e-01 1.380105e-01 8.611986e-03 -1.645132e-02 2.867482e-02 2.911292e-04
8.618492e+00 2.212360e-01 -1.144461e-01 2.120915e-03 1.685937e-02 3.259089e-02 -1.258759e-03
9.099135e+00 -6.975812e-01 2.029917e-01 -5.646469e-02 -6.114300e-03 -2.101180e-02 -9.545133e-04
5.583861e+00 -2.702617e-02 -5.911606e-01 2.165252e-02 2.530561e-02 -1.156900e-03 2.669097e-04
9.719623e+00 2.838940e-03 8.808288e-03 -1.230489e-03 -2.002742e-01 6.454905e-02 -1.345635e-02
1.019606e+00 2.970249e-01 6.528034e-03 -4.583626e-02 -8.779446e-04 3.994640e-02 1.420890e-03
6.826040e+00 3.245840e-02 -4.489048e-01 1.236446e-02 2.803243e-02 2.026906e-03 -3.521116e-03
2.629220e+00 -5.437078e-01 5.758956e-01 -1.067978e-01 -1.758174e-02 -1.659907e-02 -1.800917e-03
1.365638e+00 1.101047e-01 -1.520552e-02 1.450560e-02 8.458507e-03 6.124890e-02 -4.396791e-03
5.468647e+00 -8.500793e-01 -1.734516e-01 1.715354e-02 4.494622e-03 -2.202796e-02 2.332479e-03
7.593319e+00 -3.807787e-03 1.402532e-02 -3.555753e-03 -1.355372e-01 -3.679749e-02 -3.152156e-03
2.737458e+00 1.381375e-02 -7.207507e-02 -1.658478e-02 6.724132e-02 1.288732e-02 1.219470e-03
1.358829e+00 -8.266860e-03 6.229736e-02 -3.344467e-03 -8.417603e-02 -1.117016e-02 -7.375293e-03
6.850082e+00 -3.983867e-01 1.815919e-01 2.914056e-02 -1.157889e-02 -2.540242e-02 1.506679e-03
7.650182e-01 3.282910e-01 -5.818542e-01 4.897301e-03 2.165922e-02 1.222046e-02 1.104149e-03
2.897404e+00 -2.347510e-02 -2.063648e-01 -2.106484e-02 4.051201e-02 -4.608457e-03 -1.665530e-03
2.352608e+00 4.590477e-01 -8.585413e-01 4.781067e-02 1.653896e-02 8.843108e-03 1.778080e-04
3.156011e+00 -6.546293e-03 -1.999724e-01 1.751623e-02 4.672759e-02 -1.529673e-03 -1.657743e-03
7.721823e+00 -3.653420e-01 5.827980e-01 9.734975e-02 -1.737885e-02 -1.089438e-02 7.628068e-04
4.768251e+00 1.185768e-01 -5.777726e-01 5.531407e-03 2.194915e-02 4.504643e-03 -1.274746e-04
5.395069e+00 -3.191957e-01 -3.245620e-01 -4.629925e-02 2.087322e-02 -2.052810e-02 -3.270282e-04
4.121507e+00 -7.891481e-02 -1.070586e-02 6.533759e-03 8.067099e-03 -5.946404e-02 3.248035e-03
7.353195e+00 -2.159015e-01 -1.846467e-01 -1.611509e-02 2.658241e-02 -3.108197e-02 -1.620881e-03
8.271078e+00 -1.850905e-01 1.983435e-01 -9.790197e-03 -3.029838e-02 -2.827389e-02 -3.355019e-03
5.659746e+00 4.479777e-01 -3.888735e-01 -3.115929e-02 1.811019e-02 2.086272e-02 -1.009984e-03
4.011381e+00 -2.967939e-03 2.844769e-02 -3.661398e-03 -1.195907e-01 -1.247686e-02 2.033695e-03
8.680639e+00 1.999009e-01 4.276188e-01 -2.253738e-02 -2.848963e-02 1.331818e-02 1.325124e-03
3.870647e+00 -1.175074e-03 -1.121265e-01 1.281254e-02 5.755691e-02 -6.031906e-04 2.232096e-03
9.028997e-01 5.888904e-01 2.524377e-01 -9.717273e-02 -1.002479e-02 2.338598e-02 1.768674e-03
7.286673e+00 4.655114e-01 2.986718e-01 -5.499178e-02 -1.277301e-02 1.990808e-02 -4.422541e-04
2.359954e+00 -6.281790e-01 -1.687765e-01 3.741096e-02 6.936509e-03 -2.581739e-02 2.355238e-04
6.778575e+00 3.393129e-01 -2.231007e-01 2.536262e-02 1.850314e-02 2.814134e-02 -6.643504e-04
5.663592e+00 2.957306e-02 6.965912e-01 -6.978054e-02 -2.084920e-02 8.851312e-04 2.159360e-04
1.261755e+00 6.427775e-01 -1.051831e-01 9.041013e-02 4.289793e-03 2.621508e-02 9.510231e-04
9.977030e+00 4.566141e-01 4.895628e-01 -1.220384e-01 -1.637575e-02 1.527362e-02 7.919088e-05
6.184072e+00 2.993988e-02 9.471082e-01 -7.952386e-02 -1.943268e-02 6.143037e-04 -8.838183e-04
4.979056e+00 -2.610057e-01 4.184169e-01 -2.612771e-02 -2.191275e-02 -1.366903e-02 -6.543958e-04
6.513661e+00 -6.487795e-01 2.220266e-01 1.003414e-01 -6.832568e-03 -1.996531e-02 -5.421390e-04
7.147933e+00 -2.967619e-02 9.610334e-02 -8.770916e-03 -6.181756e-02 -1.908893e-02 1.550260e-03
8.540839e+00 -6.152216e-01 -7.048062e-01 1.942808e-01 1.458635e-02 -1.273234e-02 1.412277e-03
8.428476e+00 -7.853981e-02 1.365029e-01 -1.795589e-02 -4.637311e-02 -2.668174e-02 -7.663164e-04
7.469001e+00 4.128808e-02 -4.174936e-02 -1.260356e-02 5.549676e-02 5.488360e-02 -7.553984e-03
6.091000e+00 -6.380564e-01 6.262996e-01 3.836064e-02 -1.364179e-02 -1.389787e-02 -5.329689e-05
9.649391e+00 -7.948661e-01 5.504869e-01 5.674766e-02 -1.177514e-02 -1.700251e-02 -2.384880e-03
3.027976e+00 -3.535811e-01 5.974735e-02 9.858540e-03 -6.005295e-03 -3.553897e-02 4.685159e-03
8.536750e+00 -4.442349e-01 4.335884e-02 3.367222e-02 -2.501660e-03 -2.563087e-02 -1.458359e-03
5.868928e+00 -7.937176e-01 1.453955e-02 -1.299074e-01 -4.475874e-04 -2.443391e-02 1.356059e-03
1.267887e+00 -3.575817e-01 6.207340e-01 1.860225e-02 -2.164206e-02 -1.246718e-02 -1.641857e-03
3.189215e+00 4.615977e-01 2.872221e-01 9.437099e-02 -1.330089e-02 2.137600e-02 -9.067423e-04
5.998343e+00 -2.422493e-03 6.064693e-01 9.109102e-02 -2.378434e-02 -9.500463e-05 7.475866e-04
6.376672e+00 -5.527385e-01 3.480653e-01 7.723660e-02 -1.406458e-02 -2.233499e-02 5.766538e-04
2.662586e+00 -4.311551e-02 3.256654e-01 -6.092211e-02 -3.510617e-02 -4.647777e-03 -2.494859e-03
7.568204e+00 7.166698e-01 2.556193e-01 1.641605e-02 -7.211804e-03 2.021945e-02 7.326096e-04
9.950916e+00 7.275754e-01 -4.664611e-01 -8.458715e-02 1.162609e-02 1.813411e-02 1.931516e-03
2.518302e+00 -2.367973e-01 4.353691e-01 -6.644805e-02 -2.690942e-02 -1.463604e-02 -1.778533e-03
3.121202e+00 3.947045e-02 -1.364035e-01 -8.820795e-03 4.379179e-02 1.267182e-02 -4.028326e-03
9.061335e+00 3.660326e-01 5.345530e-01 5.527035e-02 -2.071227e-02 1.418262e-02 -9.146550e-05
3.374739e+00 4.524206e-01 -3.722582e-01 -7.075630e-02 1.583795e-02 1.924850e-02 7.470423e-04
8.105330e+00 1.300735e-01 5.094747e-01 3.399927e-02 -2.253569e-02 5.753565e-03 -2.270424e-03
8.337558e+00 3.450903e-01 3.127921e-01 2.669636e-03 -1.720173e-02 1.897794e-02 -1.312077e-03
8.897167e+00 5.714183e-02 8.341737e-02 2.212927e-03 -5.021498e-02 3.439782e-02 -3.670889e-03
3.472612e+00 8.085270e-02 1.258343e-01 -7.469202e-03 -4.647944e-02 2.986459e-02 1.096054e-03
7.769627e+00 2.269430e-01 -9.383604e-01 5.940167e-02 2.059281e-02 4.980383e-03 4.450323e-04
1.713048e+00 -4.680340e-01 9.812258e-02 -3.723667e-04 -5.455541e-03 -2.602233e-02 -9.825212e-05
9.597838e+00 2.341175e-01 -2.070702e-01 -1.189511e-02 2.198185e-02 2.485310e-02 1.848817e-03
2.627145e+00 3.196249e-01 -3.192814e-01 9.973784e-03 2.264107e-02 2.266543e-02 -9.646352e-04
2.426041e+00 -4.741094e-03 5.291672e-03 -4.756805e-04 -1.933042e-01 -1.731917e-01 -1.097890e-02
5.931280e-01 1.465384e-01 3.069147e-01 -5.933804e-03 -2.730329e-02 1.303613e-02 2.554959e-03
6.692078e+00 1.713962e-01 -5.008894e-01 -1.051933e-01 2.239961e-02 7.664782e-03 -1.667690e-03
1.282570e+00 -2.441426e-02 -3.271354e-02 -2.026458e-03 8.223866e-02 -6.137507e-02 -3.430178e-03
7.320631e+00 -3.066933e-02 -4.938236e-02 -1.165945e-02 7.488441e-02 -4.650760e-02 -9.778526e-03
2.148373e+00 5.018696e-01 8.015404e-01 -9.054033e-02 -1.541700e-02 9.653066e-03 -1.114985e-04
2.592254e+00 -3.289281e-01 6.482953e-02 -5.092393e-03 -6.316350e-03 -3.204751e-02 -1.823700e-03
8.655454e+00 -6.185702e-01 4.266088e-01 -1.099867e-01 -1.121212e-02 -1.625724e-02 -3.311489e-04
3.085361e+00 1.468242e-01 9.186631e-01 4.288100e-02 -2.154736e-02 3.443781e-03 5.695528e-04
8.919908e-01 -1.196560e-01 5.397367e-01 5.080586e-02 -2.495808e-02 -5.533040e-03 -7.425786e-04
7.927155e+00 1.291368e-02 -1.807793e-02 3.523862e-03 9.456281e-02 6.754944e-02 -5.034857e-03
2.336192e+00 -3.194016e-01 6.841651e-01 1.648033e-01 -1.958300e-02 -9.142299e-03 4.302781e-04
3.810552e+00 -4.017961e-05 -1.973868e-02 1.005010e-03 1.218121e-01 -2.479581e-04 -6.557080e-03
2.378122e+00 4.435788e-01 -3.328520e-01 3.853287e-03 1.745860e-02 2.326640e-02 -1.495116e-03
5.624761e+00 9.412297e-03 1.290044e-03 8.675641e-04 -2.550261e-02 1.860698e-01 1.509901e-02
3.756625e+00 6.187211e-02 -1.229208e-01 -5.120791e-03 4.952348e-02 2.492762e-02 1.863848e-03
3.408365e+00 6.400412e-01 3.858093e-02 -3.183937e-02 -1.321442e-03 2.192216e-02 5.070896e-04
6.338330e+00 -2.736120e-01 3.634215e-01 -1.571156e-01 -2.231666e-02 -1.680172e-02 -4.675727e-04
4.817557e+00 1.673976e-01 -2.060733e-01 4.415826e-03 3.282952e-02 2.666809e-02 1.985843e-03
8.756531e+00 6.686824e-01 -6.926432e-01 -6.875734e-02 1.327505e-02 1.281582e-02 -5.213955e-04
8.388300e+00 -8.313411e-01 -7.432069e-02 -7.004586e-02 1.804034e-03 -2.017968e-02 -1.324579e-03
5.268146e+00 -1.039500e-01 -7.191966e-02 -1.436471e-03 3.241331e-02 -4.684898e-02 -1.361165e-03
7.469551e+00 -6.941340e-02 -4.032477e-03 -7.175031e-03 4.521524e-03 -7.783165e-02 5.122165e-04
2.095330e+00 5.295936e-02 5.251451e-02 6.585287e-03 -5.546376e-02 5.593359e-02 8.087872e-03
2.924680e+00 -6.597053e-02 -2.452242e-01 -3.867956e-02 3.518768e-02 -9.466232e-03 1.137324e-03
8.653175e+00 1.057031e-02 -7.095927e-02 -1.920694e-04 6.846836e-02 1.019926e-02 6.625334e-04
3.838074e+00 -5.559343e-01 -1.991084e-01 -4.531514e-05 9.011993e-03 -2.516256e-02 -2.164215e-04
9.069762e+00 -5.190258e-01 -1.545566e-01 3.052820e-02 6.566006e-03 -2.204969e-02 -1.330077e-04
1.661123e+00 -8.725510e-01 3.120891e-01 8.286119e-02 -6.531434e-03 -1.826084e-02 6.384814e-04
7.783281e+00 -2.260726e-01 4.777305e-01 2.624482e-03 -2.713536e-02 -1.284105e-02 -5.184281e-04
7.521672e+00 -1.316987e-02 5.307340e-01 -6.319681e-02 -2.796840e-02 -6.940204e-04 1.708605e-03
8.599981e-01 -2.129900e-01 1.399511e-01 1.100785e-02 -2.182342e-02 -3.321282e-02 2.033179e-04
4.703373e+00 3.309256e-01 1.153847e-01 4.196261e-02 -9.753646e-03 2.797364e-02 -8.101007e-05
8.675325e+00 3.310604e-01 -2.082995e-01 1.698051e-02 1.823564e-02 2.898278e-02 -4.125821e-03
5.549717e+00 -8.814400e-01 -4.440493e-01 -8.115328e-02 8.234821e-03 -1.634616e-02 -9.160720e-05
6.702670e+00 8.661745e-01 -3.717317e-02 6.351483e-02 8.891746e-04 2.071872e-02 -7.257141e-05
9.216656e+00 6.798671e-02 7.406607e-01 -3.150220e-02 -2.509275e-02 2.303314e-03 -1.023387e-03
7.094828e-01 -4.260690e-01 -2.350168e-01 -2.521349e-02 1.375244e-02 -2.493222e-02 5.723962e-04
4.270089e+00 4.732581e-01 3.143318e-02 3.205026e-02 -1.939509e-03 2.920127e-02 -1.284187e-03
5.689677e-01 3.070938e-01 -1.554653e-01 -7.976765e-02 1.357854e-02 2.682195e-02 -3.622113e-03
2.910926e+00 2.169228e-01 -2.173882e-01 -3.715164e-02 2.193109e-02 2.188414e-02 -9.218947e-05
1.588714e+00 -4.201303e-01 1.986046e-01 -2.439932e-02 -1.277909e-02 -2.703302e-02 -4.102172e-04
9.520797e+00 3.936523e-02 -1.145510e-01 1.025223e-02 5.356320e-02 1.840690e-02 3.650798e-03
3.110297e+00 -4.334829e-01 1.719887e-01 -4.456656e-03 -1.063350e-02 -2.680084e-02 -1.601433e-03
6.613265e+00 3.455000e-01 2.833868e-01 6.899553e-04 -2.031772e-02 2.477100e-02 -6.050059e-05
2.805329e+00 1.592884e-01 1.032166e-01 1.662618e-02 -2.710263e-02 4.182594e-02 2.215489e-03
8.881997e+00 -5.720108e-01 6.722213e-01 -1.729018e-01 -1.687141e-02 -1.435633e-02 3.879452e-04
7.916950e+00 2.006683e-01 -6.623740e-01 3.061541e-03 2.456052e-02 7.440686e-03 4.183660e-04
7.020785e+00 -3.904412e-02 4.371142e-01 -2.618348e-02 -2.853304e-02 -2.548641e-03 -1.858872e-04
8.510358e+00 1.773286e-01 3.418068e-01 3.728008e-02 -2.995026e-02 1.553813e-02 -1.053695e-03
8.906853e+00 3.432942e-01 9.036519e-01 1.161789e-02 -1.735287e-02 6.592295e-03 -1.067314e-04
4.743970e+00 3.845495e-01 4.438822e-01 3.597055e-02 -2.080496e-02 1.802401e-02 2.570781e-03
7.937467e+00 -3.054886e-01 -5.502210e-01 -8.953893e-02 2.137695e-02 -1.186871e-02 9.022738e-04
5.172837e+00 -2.289028e-01 -8.360478e-01 1.289791e-01 1.955733e-02 -5.354633e-03 -1.606998e-03
3.368944e+00 -6.120743e-01 2.134179e-01 1.339888e-02 -8.535631e-03 -2.447986e-02 1.278675e-04
8.901791e+00 -1.287236e-01 -9.976723e-02 -2.619951e-02 3.026095e-02 -3.904386e-02 4.337981e-04
4.882930e+00 -5.639356e-02 -4.795354e-02 -2.205319e-03 4.480454e-02 -5.269032e-02 -4.118794e-03
2.810788e+00 -3.217271e-02 -2.832383e-01 -3.852699e-02 3.737104e-02 -4.244933e-03 -4.206410e-03
2.185962e+00 -1.993308e-02 -2.782234e-02 3.817813e-03 9.305358e-02 -6.666743e-02 2.421348e-03
2.875228e+00 3.727602e-01 2.460547e-01 -5.319063e-02 -1.732108e-02 2.624054e-02 -2.203207e-04
8.653937e-01 7.965504e-02 5.499103e-01 1.539220e-02 -2.572555e-02 3.726372e-03 -5.871736e-04
1.890463e+00 2.321443e-01 8.192864e-01 2.366578e-04 -2.061683e-02 5.841766e-03 -1.525930e-03
1.153533e+00 -1.034737e-01 1.102995e-01 3.308562e-03 -3.290294e-02 -3.086676e-02 -3.201554e-04
7.601230e+00 3.183600e-01 2.820361e-01 -1.174860e-02 -1.827793e-02 2.063197e-02 -4.046322e-04
3.212880e+00 1.513744e-01 -9.607330e-01 -5.506418e-02 1.847577e-02 2.911067e-03 1.488858e-03
6.538669e+00 3.886465e-01 -2.645671e-01 -3.551840e-02 1.779862e-02 2.614600e-02 1.854438e-03
9.114880e+00 -1.839161e-01 1.385041e-01 7.707566e-03 -2.174466e-02 -2.887419e-02 -1.998539e-03
8.929464e+00 -1.540710e-02 2.344079e-02 2.625434e-04 -9.045632e-02 -5.945490e-02 7.220255e-03
8.393661e-01 -6.634719e-01 3.385122e-01 3.083634e-02 -1.082386e-02 -2.121439e-02 -8.425940e-04
2.662857e+00 1.525095e-02 4.604470e-02 -3.028231e-03 -8.339305e-02 2.762148e-02 3.472638e-03
4.156854e+00 3.012584e-01 2.998124e-02 -6.368815e-02 -3.443076e-03 3.459682e-02 1.216574e-03
7.428439e+00 -4.350043e-01 5.369212e-01 1.266687e-02 -2.017171e-02 -1.634277e-02 3.726337e-04
7.279399e+00 -7.347946e-02 1.592349e-01 -5.406393e-03 -4.108922e-02 -1.896076e-02 1.666433e-03
1.702950e+00 5.162086e-02 -7.308718e-02 1.698507e-03 5.490822e-02 3.878121e-02 8.409269e-04
3.233689e+00 2.107541e-01 -5.254270e-01 -5.064767e-02 2.121645e-02 8.510133e-03 2.964133e-04
3.117795e+00 8.955188e-01 9.607610e-03 2.039530e-03 -2.148304e-04 2.002420e-02 -1.032085e-04
5.856115e+00 -1.324430e-01 -5.887472e-01 6.311021e-02 2.743791e-02 -6.172358e-03 -7.170576e-06
2.935594e+00 -3.513996e-01 -4.795242e-01 -1.257634e-02 2.142378e-02 -1.569954e-02 -9.710627e-05
8.062179e+00 6.438035e-01 -6.071944e-01 -1.989564e-01 1.479756e-02 1.568974e-02 -1.136376e-04
4.756957e+00 1.101783e-03 7.493193e-02 -2.208340e-03 -6.678939e-02 9.820564e-04 -1.914592e-03
1.859271e+00 -7.260221e-01 -3.033443e-01 -9.340490e-02 9.213232e-03 -2.205088e-02 3.254751e-04
8.851539e-01 1.097552e-01 1.021304e-01 1.511811e-02 -3.400232e-02 3.654086e-02 -1.441151e-03
6.910281e-01 1.491044e-01 -1.367905e-01 -1.192345e-02 3.031612e-02 3.304518e-02 1.383711e-03
4.817096e+00 -3.584803e-01 -2.229593e-01 -4.966376e-02 1.464959e-02 -2.355403e-02 -1.643004e-03
7.192621e-01 -3.821964e-01 8.027334e-01 3.030697e-02 -2.084474e-02 -9.924571e-03 6.766352e-04
9.759976e-01 6.981339e-02 -5.857829e-01 -2.662907e-02 2.384032e-02 2.841281e-03 -1.497184e-04
2.249370e+00 -4.553053e-01 5.867989e-01 -1.991405e-02 -1.779732e-02 -1.380918e-02 -4.264243e-04
8.696187e+00 8.112074e-02 1.624569e-02 1.467800e-02 -1.347615e-02 6.729138e-02 -6.100627e-03
2.407940e+00 -3.798783e-01 -9.143837e-01 -3.767900e-02 1.722708e-02 -7.156946e-03 8.888529e-04
2.515916e+00 4.393268e-01 1.670861e-01 3.671730e-02 -9.610320e-03 2.526884e-02 -5.948131e-04
9.457674e+00 3.730204e-02 -3.188230e-02 -2.381024e-03 6.185820e-02 7.237361e-02 -2.521845e-03
3.582252e+00 2.555722e-01 8.985073e-02 -1.182955e-02 -1.316322e-02 3.744159e-02 1.685696e-03
6.503343e+00 -7.646385e-01 -6.856382e-02 1.743758e-02 2.003360e-03 -2.234191e-02 -4.894325e-04
6.594429e+00 4.184907e-02 -4.746378e-01 1.330146e-02 3.162818e-02 2.788674e-03 1.594403e-03
3.062403e+00 1.830239e-01 -7.304262e-01 1.096151e-01 2.398504e-02 6.009965e-03 8.759771e-04
1.596692e+00 4.103691e-03 2.319669e-02 1.513727e-03 -1.207533e-01 2.136228e-02 1.166546e-03
4.701493e+00 9.708259e-02 1.608098e-01 -1.758856e-02 -3.782595e-02 2.283593e-02 -2.741908e-04
6.034772e+00 4.455045e-01 -4.365799e-01 1.508396e-02 1.838759e-02 1.876348e-02 -9.285858e-04
4.283124e+00 6.781773e-01 -1.049346e-01 -7.298697e-02 3.726139e-03 2.408150e-02 3.334491e-04
6.594748e+00 -2.315228e-01 -9.276270e-01 1.010381e-01 2.103297e-02 -5.249536e-03 6.681648e-04
6.721470e+00 5.189072e-01 7.453681e-01 -2.344872e-02 -1.830205e-02 1.274144e-02 -2.005291e-03
7.214956e+00 -3.088579e-01 1.171464e-02 -4.661479e-03 -1.248805e-03 -3.292490e-02 2.019620e-04
8.040503e+00 -3.008573e-01 -8.400580e-01 -1.207971e-03 1.837831e-02 -6.581986e-03 -5.495665e-04
4.335017e+00 -5.609407e-01 -1.913257e-01 5.089064e-03 8.697098e-03 -2.549870e-02 -8.449920e-04
6.835712e+00 5.977109e-01 3.707252e-01 4.164247e-02 -1.267774e-02 2.043999e-02 8.108999e-04
2.183473e+00 -5.761643e-01 -2.349090e-01 1.336656e-02 8.221673e-03 -2.016540e-02 -2.061092e-03
1.831792e+00 -4.528663e-01 8.819645e-01 1.543142e-01 -1.882478e-02 -9.666045e-03 -6.058694e-04
5.821609e+00 1.643477e-01 -2.744233e-02 2.824796e-04 7.677323e-03 4.597823e-02 -7.057861e-04
4.921341e+00 -4.002019e-01 -2.008559e-01 2.029526e-02 1.188341e-02 -2.367749e-02 -4.468618e-04
2.467338e+00 -3.905490e-01 1.423759e-01 2.249596e-03 -9.293627e-03 -2.549320e-02 -3.408142e-04
3.505455e+00 2.486523e-01 7.505127e-01 -5.026523e-02 -2.017793e-02 6.685151e-03 1.133974e-03
7.847401e-01 -6.838292e-01 6.457299e-01 1.006488e-01 -1.511419e-02 -1.600595e-02 -2.814884e-04
2.958618e+00 -1.206219e-01 5.685367e-01 2.363046e-02 -2.537994e-02 -5.384659e-03 -2.465603e-04
1.600989e+00 3.708532e-02 -8.482140e-03 2.809342e-03 2.208641e-02 9.656542e-02 -1.175297e-03
5.075113e+00 -5.643123e-02 2.973409e-01 2.249739e-02 -3.241713e-02 -6.152328e-03 1.738148e-03
8.662209e+00 6.556668e-01 -6.399807e-02 -2.732959e-04 2.233947e-03 2.288702e-02 1.455318e-03
8.199387e+00 2.449432e-01 -3.963113e-01 4.567862e-02 2.345409e-02 1.449598e-02 -1.564862e-03
3.494451e+00 9.252993e-02 -3.507778e-02 -1.087896e-02 2.132214e-02 5.624462e-02 -2.096050e-03
7.156241e+00 -2.476432e-01 3.504569e-01 -7.971804e-03 -2.132423e-02 -1.506833e-02 -6.624440e-04
3.541970e+00 -6.932697e-02 1.475255e-01 1.070272e-02 -4.275645e-02 -2.009262e-02 4.285411e-03
7.877538e+00 5.870166e-02 2.250444e-01 1.577727e-02 -3.661348e-02 9.550433e-03 3.220238e-03
3.498168e+00 -4.546145e-02 -2.665981e-02 -1.776895e-04 4.763574e-02 -8.123052e-02 3.991289e-03
5.314392e+00 2.297756e-01 3.477403e-01 -8.953212e-03 -2.235804e-02 1.477347e-02 2.182412e-03
9.133027e+00 -1.276206e-01 6.817689e-01 9.173361e-02 -2.271872e-02 -4.252725e-03 5.263280e-04
8.579032e+00 1.168135e-01 -3.287707e-01 -7.854177e-03 2.905942e-02 1.032493e-02 -1.543430e-03
6.245206e+00 1.393640e-01 -4.885815e-01 1.117321e-01 2.400691e-02 6.847783e-03 4.803797e-04
1.272137e+00 2.471693e-01 -4.953313e-01 -2.037309e-02 2.287990e-02 1.141702e-02 -7.214837e-04
2.099868e+00 3.593537e-01 -4.369173e-01 1.208803e-03 2.045791e-02 1.682613e-02 -3.993942e-04
7.017108e+00 6.541397e-01 2.415968e-01 6.748566e-02 -8.231286e-03 2.228677e-02 2.513655e-04
5.091993e+00 1.589776e-01 -4.750563e-01 -1.025463e-02 2.610768e-02 8.736937e-03 1.624203e-03
4.045845e+00 -6.520811e-02 -4.092596e-01 4.285210e-02 2.870994e-02 -4.574409e-03 8.739208e-06
5.956512e+00 1.724759e-01 -1.597679e-02 1.259086e-02 4.380170e-03 4.728568e-02 3.981530e-03
2.283329e+00 -5.523786e-01 3.757737e-01 1.461015e-02 -1.504188e-02 -2.211122e-02 9.412619e-04
7.544608e+00 -1.066777e-01 2.697456e-01 2.391772e-02 -3.580968e-02 -1.416184e-02 5.072237e-03
9.968986e+00 9.700830e-02 5.224616e-01 -3.819022e-03 -2.572270e-02 4.776074e-03 -1.123462e-03
2.062603e+00 4.998394e-02 -3.447098e-01 -6.180963e-02 3.596130e-02 5.214496e-03 3.699019e-04
9.756486e+00 1.685323e-01 4.360345e-01 -1.286783e-02 -2.823230e-02 1.091211e-02 2.563680e-03
4.267709e+00 2.815155e-01 -2.536387e-01 -4.762901e-02 1.900943e-02 2.109872e-02 -1.313048e-03
5.915932e+00 -3.318058e-01 9.212994e-01 9.039738e-02 -1.968286e-02 -7.088777e-03 -3.754048e-04
6.577369e+00 1.083522e-04 -2.638322e-01 -1.020747e-02 3.855021e-02 1.583203e-05 9.117812e-04
6.391656e+00 -1.087603e-02 7.553930e-03 -1.973664e-04 -1.047139e-01 -1.507655e-01 3.945918e-03
6.742169e+00 7.164492e-03 -2.215803e-01 4.298189e-02 4.065053e-02 1.314378e-03 -1.048111e-03
4.599201e+00 -4.094909e-01 2.864467e-01 -5.328468e-02 -1.501009e-02 -2.145773e-02 6.604971e-04
5.186559e-01 -2.899121e-01 -3.011288e-01 8.621466e-03 2.309847e-02 -2.223808e-02 3.904103e-03
4.546746e+00 -6.580446e-01 5.441033e-01 3.120228e-02 -1.197650e-02 -1.448451e-02 8.900439e-04
3.883084e+00 -5.210283e-01 -5.869927e-01 1.038724e-02 1.505004e-02 -1.335876e-02 1.476852e-03
2.027393e+00 -1.913974e-01 -7.137733e-02 1.896932e-03 1.571307e-02 -4.213440e-02 -3.746881e-04
1.036775e+00 -2.854502e-02 -3.056185e-01 -2.087942e-02 3.660779e-02 -3.419198e-03 3.393215e-03
1.232015e+00 -2.327086e-01 -2.294839e-01 -3.294367e-04 2.457560e-02 -2.492094e-02 -4.113249e-04
2.267525e+00 1.220860e-03 -1.734956e-01 1.964057e-02 4.557128e-02 3.206775e-04 -3.280690e-03
9.443220e+00 -3.581676e-02 -2.776366e-01 -1.647796e-02 3.397543e-02 -4.383031e-03 -1.458947e-03
3.409721e+00 -1.128311e-01 1.719913e-01 -1.875704e-02 -3.857325e-02 -2.530513e-02 -3.151599e-03
6.826224e+00 1.463926e-02 3.595417e-02 -1.519492e-03 -1.005689e-01 4.094807e-02 -1.677053e-02
8.592930e+00 1.620593e-01 -3.376882e-01 4.910626e-02 2.597005e-02 1.246324e-02 -2.582429e-03
4.836712e+00 -4.242756e-01 -3.680602e-01 3.122956e-03 1.736225e-02 -2.001406e-02 2.822601e-04
4.286954e+00 1.620890e-01 1.394164e-01 4.938131e-03 -2.982892e-02 3.467985e-02 2.270007e-03
2.512450e+00 -4.492376e-02 4.667937e-02 -2.273801e-03 -5.472158e-02 -5.266351e-02 2.939764e-03
3.897093e+00 4.858894e-01 -2.207733e-02 -7.057129e-02 1.153329e-03 2.538305e-02 -2.208046e-03
6.426296e-01 7.116834e-01 3.378390e-01 4.695464e-02 -9.243628e-03 1.947240e-02 -2.554831e-04
1.990230e+00 -3.754266e-01 3.515086e-02 -1.511539e-02 -3.024293e-03 -3.230078e-02 8.873400e-04
7.215411e+00 -8.575700e-02 1.978978e-01 -6.261502e-03 -3.660994e-02 -1.586455e-02 -4.074232e-03
8.571491e+00 -7.966136e-01 -2.768046e-01 6.271889e-02 7.596955e-03 -2.186321e-02 -1.696163e-04
9.750402e+00 -1.627535e-01 9.259966e-01 -1.015496e-01 -2.202384e-02 -3.870920e-03 1.762923e-03
2.799504e+00 -8.816006e-01 3.522476e-01 -5.898935e-02 -6.657222e-03 -1.666160e-02 8.542930e-04
3.071832e+00 1.912964e-01 -7.568926e-01 4.225745e-02 2.176505e-02 5.500881e-03 -8.721394e-05
6.450606e+00 5.884761e-01 -5.330777e-01 -1.422908e-02 1.315799e-02 1.452539e-02 -2.900319e-04
2.292162e+00 -9.505099e-02 -3.004548e-02 3.376912e-03 1.765947e-02 -5.586697e-02 1.264343e-04
6.161731e+00 5.456109e-01 -1.131328e-01 2.895586e-02 5.188882e-03 2.502467e-02 -2.167120e-03
9.088349e-01 1.208813e-01 -8.569751e-02 2.954749e-02 2.788980e-02 3.934018e-02 3.570457e-04
3.753745e+00 2.458055e-02 4.140042e-01 -1.635491e-02 -3.377720e-02 2.005444e-03 -9.878537e-04
4.229337e+00 2.824491e-02 4.062346e-02 -7.579208e-03 -7.489807e-02 5.207556e-02 -1.179189e-03
5.277971e+00 -8.703686e-01 2.712487e-01 1.908280e-02 -6.326156e-03 -2.029904e-02 -5.878519e-04
8.449973e+00 -3.095166e-01 2.249199e-01 -5.545066e-02 -1.667739e-02 -2.295008e-02 -1.695774e-03
9.581151e+00 -6.212427e-01 2.651363e-01 3.861067e-02 -8.917779e-03 -2.089531e-02 -1.145830e-03
1.409174e+00 1.742991e-01 1.130948e-02 4.194212e-03 -3.078407e-03 4.744370e-02 -5.807179e-04
5.279843e+00 9.917590e-03 -2.650073e-02 4.449162e-03 9.431535e-02 3.529643e-02 2.924903e-03
5.091362e+00 -1.679603e-01 9.584760e-02 8.263221e-03 -2.407682e-02 -4.219145e-02 -1.374686e-03
8.979182e+00 -7.638464e-02 -4.369544e-01 3.695968e-02 2.767706e-02 -4.838267e-03 -3.220971e-03
3.290989e+00 -3.518207e-01 2.643453e-01 7.398621e-03 -1.950834e-02 -2.596391e-02 1.128786e-03
1.164759e+00 -5.268782e-02 3.822430e-01 2.102733e-02 -2.808942e-02 -3.871805e-03 1.953404e-03
9.506840e+00 -6.462376e-01 2.824357e-01 -8.792219e-03 -9.535863e-03 -2.181889e-02 -4.742153e-04
5.020955e+00 4.315877e-01 -5.706530e-01 2.637160e-02 2.016210e-02 1.524870e-02 1.294731e-06
5.358021e+00 -9.897955e-02 8.024375e-02 -1.918659e-04 -3.843210e-02 -4.740546e-02 4.424967e-03
3.567658e+00 1.640408e-01 2.278580e-01 -1.969174e-02 -2.712125e-02 1.952528e-02 1.981746e-04
5.295854e+00 -6.118689e-01 5.638921e-01 -2.355390e-02 -1.502129e-02 -1.629932e-02 -1.092618e-03
7.180403e+00 2.983809e-01 7.058975e-01 1.032281e-01 -1.811620e-02 7.657669e-03 9.457398e-04
5.662413e+00 -2.076245e-01 -5.895000e-01 -3.865934e-02 2.352463e-02 -8.285480e-03 1.236759e-03
6.194068e-01 2.170212e-01 -8.440607e-01 -2.272747e-01 1.835537e-02 4.719453e-03 9.957123e-04
8.009981e+00 3.039382e-01 7.473148e-03 2.129034e-02 -9.729635e-04 3.957111e-02 -1.378832e-03
7.633311e+00 8.534560e-01 -2.656671e-01 9.121078e-02 6.269078e-03 2.013943e-02 -9.030318e-04
7.314165e+00 -9.969573e-01 -7.209641e-02 -1.075577e-01 1.390801e-03 -1.923215e-02 -1.031944e-03
5.882457e+00 4.590441e-01 -3.053559e-01 -1.543568e-02 1.589135e-02 2.388960e-02 1.647771e-03
7.462211e+00 -2.127520e-01 7.411750e-01 -1.528130e-02 -1.955174e-02 -5.612267e-03 1.896980e-03
3.133902e+00 -9.370997e-01 2.806013e-02 -7.529601e-02 -5.513562e-04 -1.841317e-02 3.650758e-04
4.162425e+00 5.144300e-01 5.692280e-01 6.606918e-02 -1.531435e-02 1.384008e-02 -4.880668e-04
2.986110e+00 -2.969571e-02 -1.188676e-02 -3.637798e-03 4.513404e-02 -1.127547e-01 1.139602e-02
7.050665e-01 1.340088e-01 8.019911e-02 9.643095e-03 -2.694748e-02 4.502791e-02 -4.650159e-04
5.675243e+00 -1.765084e-01 -1.152000e-01 -2.209618e-03 2.504855e-02 -3.837916e-02 2.158598e-03
9.313271e+00 -2.458527e-01 7.755517e-02 -2.086065e-02 -1.027324e-02 -3.256653e-02 -2.794055e-03
5.024085e+00 -8.182220e-01 -2.918930e-01 -9.119137e-02 7.079903e-03 -1.984609e-02 -1.684231e-03
4.647462e+00 -2.818027e-02 1.663217e-01 7.140973e-03 -4.317484e-02 -7.315213e-03 1.774245e-05
8.031809e+00 4.252053e-02 -1.208391e-01 2.616273e-03 4.699670e-02 1.653707e-02 -5.317661e-04
1.128746e+00 8.045312e-01 -5.528973e-01 -1.842259e-01 1.033746e-02 1.504223e-02 -4.160748e-04
9.037488e+00 -8.926195e-01 -4.949888e-02 -2.913024e-02 1.235529e-03 -2.228046e-02 1.947984e-04
1.874382e+00 -2.863228e-01 -2.102704e-01 -4.484004e-03 2.111322e-02 -2.874964e-02 4.517869e-04
9.291531e+00 -1.338764e-01 -1.099629e-01 -5.137971e-03 3.242576e-02 -3.947735e-02 -2.196454e-03
9.225187e+00 -3.738841e-02 -2.604773e-01 -8.909589e-03 3.805175e-02 -5.461875e-03 2.998804e-04
8.481815e+00 -5.200259e-01 6.235825e-01 -9.249921e-02 -1.705596e-02 -1.422352e-02 -1.426673e-03
2.174376e+00 -2.733789e-01 3.126177e-01 1.180466e-02 -2.415896e-02 -2.112661e-02 -1.189230e-03
2.794908e+00 -4.955926e-01 -7.096095e-01 1.429974e-01 1.618853e-02 -1.130610e-02 -4.598976e-04
1.236482e+00 -7.972174e-01 -2.359123e-01 -6.649560e-02 6.201013e-03 -2.095506e-02 -3.657717e-04
5.986333e+00 9.544652e-01 9.089475e-03 -1.039907e-01 -1.749300e-04 1.836900e-02 -3.733354e-04
8.897173e+00 -6.503996e-01 5.527261e-01 -7.538118e-02 -1.215200e-02 -1.429941e-02 1.555004e-03
7.631859e+00 7.087950e-02 -9.951369e-01 -4.513582e-02 2.015915e-02 1.435853e-03 7.039024e-04
1.505539e+00 2.340139e-01 -4.308557e-01 5.444406e-02 2.515802e-02 1.366427e-02 -8.051963e-04
3.392051e+00 6.022729e-02 -2.719560e-01 -1.421762e-02 3.592499e-02 7.955938e-03 -8.546545e-04
7.232840e+00 -3.120251e-02 4.499834e-02 1.008766e-02 -6.421060e-02 -4.452458e-02 -1.586181e-03
2.446159e+00 6.074769e-01 -7.725718e-01 2.625913e-02 1.627527e-02 1.279732e-02 1.038471e-03
6.420660e+00 2.601758e-02 8.703042e-01 -1.014613e-01 -2.302914e-02 6.884517e-04 1.251403e-03
1.276332e+00 7.548157e-02 1.220592e-01 1.515640e-02 -4.635841e-02 2.866811e-02 1.929065e-03
5.981133e+00 -2.225773e-01 9.017267e-01 -7.410704e-02 -1.761420e-02 -4.347793e-03 -4.612658e-04
7.679841e+00 4.338269e-01 2.558525e-01 -4.798690e-02 -1.504330e-02 2.550761e-02 5.719346e-04
2.338570e+00 3.379999e-01 7.260458e-01 -1.117986e-01 -1.944667e-02 9.053110e-03 2.301121e-03
7.271494e+00 -2.985394e-02 5.546555e-01 -2.677270e-02 -2.490962e-02 -1.340743e-03 -1.542179e-03
5.496610e+00 -1.048317e-01 6.864292e-01 2.104795e-02 -2.137724e-02 -3.264740e-03 -1.915353e-03
1.680543e+00 -9.211201e-02 3.649862e-01 -2.846688e-02 -3.289889e-02 -8.302732e-03 1.518160e-03
8.694368e+00 2.346094e-02 2.142922e-01 -1.738134e-03 -3.922205e-02 4.294073e-03 -2.170585e-03
2.871518e+00 3.445439e-01 5.569898e-01 4.140457e-02 -2.079998e-02 1.286650e-02 -2.493921e-03
2.442995e+00 5.234557e-01 7.319047e-01 3.909879e-02 -1.845661e-02 1.320011e-02 -3.041012e-04
4.592395e+00 -3.793623e-01 -6.535669e-01 1.466189e-02 1.742490e-02 -1.011427e-02 -3.279750e-04
3.514296e+00 -1.161249e-01 -2.416531e-01 -3.193216e-03 3.382601e-02 -1.625488e-02 -1.319425e-03
7.382658e+00 -1.281477e-01 4.944009e-01 -5.593330e-03 -2.450380e-02 -6.351334e-03 -1.828697e-03
2.020046e+00 8.669622e-02 -9.612320e-02 -1.457440e-02 4.068675e-02 3.669653e-02 3.712604e-03
5.593818e+00 1.732306e-01 2.330194e-01 -1.548086e-02 -2.868130e-02 2.132217e-02 3.131926e-03
5.959661e+00 4.997214e-01 -1.671608e-01 1.111559e-01 8.076705e-03 2.414502e-02 -1.967145e-03
2.640593e+00 -6.116627e-01 -3.462859e-01 -1.346123e-02 1.168943e-02 -2.064764e-02 -1.911884e-03
5.971686e+00 -2.560249e-01 -4.580304e-01 2.885508e-02 2.636853e-02 -1.473920e-02 -1.812148e-04
9.790592e+00 -2.650822e-01 -2.026714e-01 3.901807e-03 1.867307e-02 -2.442328e-02 1.281051e-04
6.484879e+00 6.504211e-02 6.071028e-01 -1.019600e-02 -2.332640e-02 2.499079e-03 -2.231858e-03
7.917116e+00 -7.586561e-01 -4.756307e-01 7.038793e-02 9.487197e-03 -1.513258e-02 5.246120e-04
9.462200e+00 2.989053e-02 -6.079302e-01 8.696460e-02 2.454085e-02 1.206618e-03 -4.285602e-04
1.018268e+00 1.792233e-01 -2.547067e-01 -1.169299e-02 2.859172e-02 2.011844e-02 -1.097550e-03
1.981923e+00 4.431301e-01 -2.756143e-01 7.710740e-02 1.336398e-02 2.148649e-02 4.440663e-04
3.491034e+00 -3.400272e-01 -1.160155e-01 2.376501e-02 9.354096e-03 -2.741570e-02 6.880685e-04
8.133687e+00 -3.328133e-01 8.925971e-01 -6.790531e-02 -1.958070e-02 -7.300848e-03 4.488988e-04
7.505572e+00 -4.128055e-01 -6.400814e-01 2.784053e-02 2.074411e-02 -1.337843e-02 -1.171872e-03
8.817987e+00 5.836783e-01 -5.059009e-01 6.124901e-02 1.373661e-02 1.584848e-02 -9.722270e-04
6.172031e+00 -2.639275e-01 7.114794e-01 -1.192059e-01 -2.236572e-02 -8.296697e-03 1.242106e-04
8.176214e+00 9.567269e-03 5.249675e-02 -1.805576e-03 -9.139715e-02 1.665667e-02 -5.697527e-03
3.952504e+00 -5.180888e-02 4.521165e-02 8.315755e-03 -4.973958e-02 -5.699752e-02 1.315881e-03
9.166216e+00 3.936001e-01 8.751031e-01 -6.169334e-02 -1.746667e-02 7.856083e-03 8.550132e-04
6.059476e+00 -5.021229e-01 3.522694e-01 1.685851e-01 -1.576503e-02 -2.247138e-02 -8.650891e-04
1.019582e+00 -5.456970e-02 -1.005741e-01 5.379089e-05 5.664471e-02 -3.073441e-02 -1.533357e-03
5.945338e-01 1.184265e-01 -7.486147e-01 -4.093464e-02 2.370361e-02 3.749774e-03 -1.683204e-03
8.291310e+00 -1.291481e-02 6.954030e-01 -6.926236e-02 -2.318466e-02 -4.305783e-04 -4.217694e-05
7.583342e+00 9.126663e-01 2.382230e-01 -1.441041e-01 -4.774258e-03 1.829086e-02 1.045750e-03
8.608183e+00 -5.774973e-02 -7.797223e-02 -7.607269e-04 4.569338e-02 -3.384257e-02 -4.411650e-04
7.657454e-01 -5.118285e-01 -6.155982e-01 2.014162e-02 1.571508e-02 -1.306603e-02 7.192928e-04
6.411274e+00 3.858596e-01 -5.924428e-01 -3.741990e-02 1.858792e-02 1.210636e-02 -1.200539e-04
7.019500e+00 3.773988e-01 -6.100958e-02 -5.479076e-03 4.590681e-03 2.839747e-02 2.232581e-03
3.739968e+00 3.938649e-01 -6.585500e-01 -6.812839e-02 1.969491e-02 1.177911e-02 2.222564e-03
9.701720e+00 5.937113e-01 -5.943947e-01 6.772790e-02 1.385208e-02 1.383615e-02 1.365473e-03
1.800448e+00 -2.104877e-01 -7.748347e-01 -7.791110e-02 2.047613e-02 -5.562442e-03 6.473574e-04
3.029871e+00 6.187762e-01 -3.741206e-01 9.889346e-02 1.064108e-02 1.759979e-02 -1.552820e-04
2.514032e+00 1.005883e-01 1.850809e-01 8.814583e-03 -3.433534e-02 1.866068e-02 -2.592511e-03
8.745042e+00 5.857345e-01 -1.977538e-03 8.837358e-02 8.271621e-05 2.450003e-02 -8.637476e-04
8.728498e+00 4.216973e-01 -3.179699e-01 1.123909e-01 1.732535e-02 2.297719e-02 -6.480667e-04
6.134951e+00 2.687531e-02 1.050226e-01 -5.063706e-03 -5.984955e-02 1.531551e-02 1.020973e-03
4.228679e+00 -4.743732e-02 -3.189886e-01 1.601518e-02 3.747081e-02 -5.572347e-03 5.257592e-03
1.287413e+00 -6.421208e-01 -3.692584e-01 6.398669e-02 1.125576e-02 -1.957317e-02 9.340842e-04
3.097668e+00 2.470608e-01 3.432843e-01 5.273647e-02 -2.504351e-02 1.802374e-02 -2.845413e-03
8.558135e+00 5.778564e-01 1.912017e-01 -6.022494e-02 -8.797699e-03 2.658871e-02 1.700196e-04
7.927452e+00 2.694317e-01 -7.778258e-01 -9.279056e-02 2.135331e-02 7.396590e-03 -1.420470e-03
7.278336e+00 -8.512396e-01 2.982378e-01 -4.246520e-02 -6.326449e-03 -1.805715e-02 1.592410e-03
8.393455e+00 -5.624641e-02 -8.801911e-02 -1.468344e-02 5.030165e-02 -3.214401e-02 9.361676e-04
4.951927e+00 5.846360e-01 5.006940e-01 -4.558079e-02 -1.579658e-02 1.844490e-02 -2.213486e-03
1.798768e+00 4.919643e-01 -2.547868e-01 -5.475612e-02 1.076132e-02 2.077888e-02 7.800407e-04
7.001567e+00 -4.036151e-01 -8.967143e-01 -7.289551e-02 1.590292e-02 -7.157972e-03 2.954458e-04
9.940987e+00 -5.379615e-01 5.237668e-01 1.363562e-01 -1.456065e-02 -1.495526e-02 2.632035e-03
3.784745e+00 4.300581e-02 -9.184066e-02 -6.145087e-03 5.855153e-02 2.741766e-02 2.971859e-03
1.893286e+00 -6.578193e-01 1.727748e-01 -1.755555e-03 -6.492455e-03 -2.471925e-02 -3.062961e-04
7.247291e-01 -3.092219e-01 4.602653e-02 4.118164e-02 -4.716532e-03 -3.168727e-02 -3.471051e-05
1.826972e+00 4.278402e-01 -1.530497e-01 -5.030213e-02 8.737574e-03 2.442531e-02 -9.311240e-04
3.985892e+00 -3.600563e-01 -8.080692e-01 -2.490696e-01 1.862657e-02 -8.299552e-03 6.715106e-04
1.235539e+00 5.714501e-01 4.165273e-01 -3.933561e-02 -1.361772e-02 1.868268e-02 6.880997e-04
7.957559e+00 6.176261e-02 5.822934e-01 -7.453847e-02 -2.546948e-02 2.701493e-03 3.349079e-05
7.630226e+00 -5.090331e-01 -6.967992e-02 9.134534e-02 4.024035e-03 -2.939681e-02 2.629818e-04
6.285956e+00 -1.271698e-01 -3.214540e-02 8.489357e-04 1.156009e-02 -4.573266e-02 2.367400e-03
7.685968e+00 -9.861205e-02 4.978569e-01 -9.992437e-02 -2.366001e-02 -4.686411e-03 -9.664669e-04
6.430231e+00 -7.111706e-01 -1.520805e-01 1.102251e-01 4.976246e-03 -2.327031e-02 -8.096148e-04
7.815474e+00 2.088540e-01 -5.750035e-01 4.360362e-02 2.521528e-02 9.158748e-03 5.428375e-04
6.785835e+00 -3.631718e-03 -7.605993e-02 -1.508029e-03 7.674925e-02 -3.664632e-03 -4.432855e-03
6.142525e+00 8.673005e-02 5.863997e-02 1.454289e-02 -3.353148e-02 4.959393e-02 -3.551733e-03
4.837392e+00 -7.769692e-01 -3.693005e-01 -1.739601e-01 9.526286e-03 -2.004230e-02 -4.230790e-04
4.444600e+00 -2.277598e-01 6.035707e-01 6.498385e-02 -2.129243e-02 -8.034785e-03 7.540797e-04
5.000084e+00 4.807751e-02 7.692731e-01 -2.450670e-02 -1.955038e-02 1.221846e-03 -7.560956e-04
6.282712e+00 -8.398152e-02 9.608460e-01 3.636313e-02 -1.827132e-02 -1.596981e-03 -5.798192e-04
8.742580e+00 -5.027159e-02 -1.431350e-01 -5.633642e-03 5.284001e-02 -1.855836e-02 -4.100825e-03
4.925496e+00 6.204098e-04 -2.202900e-01 2.582003e-02 4.084332e-02 1.150284e-04 -5.276609e-03
7.705649e+00 -3.713177e-01 -5.764358e-01 -1.445609e-03 2.030975e-02 -1.308276e-02 -1.117468e-03
3.447434e+00 4.872648e-01 -7.021505e-01 1.020106e-01 1.680619e-02 1.166283e-02 -5.269521e-04
4.707832e+00 -6.152125e-02 1.464868e-01 6.299481e-03 -4.134635e-02 -1.736456e-02 -3.267620e-03
9.898267e+00 -5.241096e-01 -5.467251e-01 -2.584498e-02 1.509650e-02 -1.447203e-02 8.531472e-04
3.813687e+00 -2.743242e-02 5.944833e-02 -6.079493e-04 -7.355610e-02 -3.394245e-02 -3.147076e-03
3.070152e+00 1.974166e-01 4.726893e-01 -4.738361e-02 -2.641944e-02 1.103397e-02 1.479124e-03
2.655904e+00 6.450125e-01 -6.579072e-01 -3.749415e-02 1.479585e-02 1.450586e-02 -2.193233e-04
3.621510e+00 6.224353e-01 -5.059682e-01 1.058787e-01 1.381932e-02 1.700034e-02 3.941987e-04
4.998768e+00 -1.771663e-01 4.466110e-02 6.271263e-04 -1.055303e-02 -4.186285e-02 -1.694388e-03
8.852517e-01 2.239597e-01 9.132709e-01 -5.079278e-02 -2.003746e-02 4.913748e-03 -2.043292e-04
1.400502e+00 1.962055e-01 -4.569336e-02 -1.347183e-02 9.518407e-03 4.087167e-02 2.055288e-03
2.673383e+00 9.768019e-02 1.958605e-01 2.709654e-02 -3.471119e-02 1.731128e-02 9.922118e-05
3.641944e+00 6.663444e-03 5.040466e-03 -1.070169e-04 -1.442409e-01 1.906850e-01 1.272012e-02
2.780681e+00 9.313964e-02 -4.069513e-01 -3.405604e-02 2.679381e-02 6.132345e-03 2.301092e-03
3.270514e+00 -7.142950e-02 -6.797531e-01 3.732570e-02 2.550157e-02 -2.679744e-03 1.915387e-03
5.306679e+00 -5.013146e-02 2.289738e-01 -1.292779e-02 -4.137525e-02 -9.058684e-03 6.355100e-04
6.496591e+00 -7.136727e-01 2.222288e-01 -8.114362e-03 -6.107026e-03 -1.961230e-02 -5.020713e-04
7.824777e+00 -5.499021e-01 6.531757e-01 -6.017807e-02 -1.591504e-02 -1.339871e-02 -9.470177e-04
7.068001e+00 -5.805067e-01 3.609650e-01 -1.669677e-01 -1.063814e-02 -1.710834e-02 7.688539e-04
1.136938e+00 -1.428859e-01 8.361091e-01 1.329695e-01 -2.028462e-02 -3.466518e-03 2.167498e-03
3.474847e+00 -2.120478e-01 2.119719e-01 -1.162859e-03 -2.568955e-02 -2.569875e-02 -1.103123e-03
9.854822e-01 7.855027e-01 9.362174e-02 -6.125192e-03 -2.486053e-03 2.085842e-02 1.214936e-04
4.825503e+00 -5.727615e-01 -3.936811e-01 -5.363309e-02 1.476116e-02 -2.147582e-02 2.760976e-04
8.544213e-01 2.249080e-02 3.852423e-01 -2.480583e-02 -3.292740e-02 1.922332e-03 1.105261e-03
6.065579e+00 9.897834e-02 2.762036e-01 -6.059253e-02 -3.371302e-02 1.208116e-02 1.829252e-03
7.280691e+00 -2.239042e-01 7.315407e-01 4.582200e-02 -1.972956e-02 -6.038668e-03 8.185494e-04
9.535631e+00 5.001877e-03 -9.535800e-02 -4.122928e-03 7.038443e-02 3.691921e-03 9.824684e-04
5.054945e+00 1.492140e-01 -1.872188e-01 -2.338042e-02 2.780852e-02 2.216349e-02 -9.256476e-04
1.215343e+00 -8.956825e-02 6.195212e-01 -2.759735e-02 -2.613730e-02 -3.778841e-03 -6.978378e-04
3.609538e+00 1.046116e-01 -7.827684e-01 2.502556e-02 2.041241e-02 2.727978e-03 4.762021e-04
2.564144e+00 -2.894999e-02 -1.252487e-02 2.342039e-03 4.113199e-02 -9.507253e-02 -2.129652e-03
3.686327e+00 -1.045320e-01 -4.360775e-02 9.613848e-05 2.087590e-02 -5.004154e-02 -3.793038e-03
1.604547e+00 -6.582764e-01 3.396973e-01 -9.135327e-02 -1.156021e-02 -2.240176e-02 1.467283e-03
9.530631e+00 -5.757675e-02 7.183111e-02 -1.540273e-02 -4.401337e-02 -3.527924e-02 1.573946e-03
7.699885e+00 -5.435411e-01 -6.690756e-01 -3.688068e-02 1.728428e-02 -1.404133e-02 1.095451e-04
6.950329e+00 1.003672e-01 -1.227609e-01 -2.536851e-03 3.323327e-02 2.717093e-02 2.397718e-03
7.103632e+00 -8.256477e-01 -5.819832e-02 7.013508e-02 1.681952e-03 -2.386151e-02 -1.770861e-03
5.655143e+00 6.441002e-01 -4.715185e-01 -6.105932e-02 1.364088e-02 1.863361e-02 3.031068e-03
7.232462e+00 1.509326e-01 -7.376195e-01 -4.858956e-02 2.162333e-02 4.424592e-03 2.357361e-04
8.388999e+00 -1.928470e-02 7.153853e-02 3.261610e-03 -6.672535e-02 -1.798721e-02 2.277000e-03
4.083517e+00 -8.519491e-02 -2.495771e-01 1.075263e-02 3.568762e-02 -1.218222e-02 -2.768912e-04
6.391208e+00 1.774784e-01 2.803579e-01 3.336436e-02 -2.896316e-02 1.833490e-02 1.683794e-03
4.391282e+00 1.069131e-01 -6.090055e-02 1.007085e-02 2.675472e-02 4.696885e-02 2.634638e-03
8.593184e+00 -6.353463e-01 3.625572e-01 -4.447491e-02 -1.068920e-02 -1.873178e-02 8.567053e-04
8.766867e+00 -2.891396e-01 3.037446e-01 7.526911e-02 -2.101663e-02 -2.000609e-02 1.355055e-03
7.304702e+00 -6.686750e-02 8.117994e-01 -2.184108e-02 -2.275647e-02 -1.874439e-03 -9.415591e-04
6.235882e+00 5.791901e-01 -9.303994e-02 -6.185372e-02 4.133904e-03 2.573428e-02 -7.982879e-04
6.461939e-01 6.915238e-02 -1.229080e-01 4.218706e-03 4.435832e-02 2.495756e-02 -2.578583e-03
9.216517e+00 2.465577e-03 -4.035157e-01 5.772722e-02 3.332231e-02 2.036072e-04 1.600285e-03
7.858864e+00 -8.037195e-02 2.411380e-02 1.117352e-02 -1.902624e-02 -6.341499e-02 -1.272282e-03
9.250769e-01 4.923468e-01 -3.644528e-01 3.797802e-02 1.284352e-02 1.735057e-02 1.745499e-04
7.145255e-01 5.995625e-02 -9.111032e-02 1.541933e-02 5.336445e-02 3.511713e-02 1.990339e-03
6.912639e+00 1.615150e-04 -4.202786e-01 -4.772080e-02 2.748574e-02 1.056289e-05 -1.446078e-03
3.288936e+00 -2.314049e-02 -1.534772e-01 -1.762277e-02 5.149465e-02 -7.764094e-03 -1.754514e-03
7.856118e+00 -1.242153e-01 -1.958779e-02 5.935778e-03 9.483861e-03 -6.014158e-02 -3.272265e-03
9.951445e-01 3.651221e-01 -5.641067e-03 -6.626071e-02 4.797312e-04 3.105094e-02 -1.084834e-03
3.933026e+00 1.159400e-01 -4.618353e-01 3.333787e-02 2.884372e-02 7.240984e-03 1.545304e-03
8.242865e+00 3.068089e-01 -4.129129e-01 -3.343745e-02 2.026400e-02 1.505687e-02 1.972982e-04
1.318447e+00 3.410546e-02 1.274663e-03 -2.770834e-03 -3.574285e-03 9.563518e-02 -1.989762e-03
6.943874e+00 7.586939e-02 9.049163e-02 -1.526172e-03 -4.339677e-02 3.638443e-02 9.578915e-04
2.193069e+00 6.660322e-01 1.141219e-01 -8.588219e-02 -4.195801e-03 2.448730e-02 -1.353348e-03
1.934625e+00 1.683485e-01 -5.658502e-02 -3.439995e-02 1.345083e-02 4.001812e-02 2.026569e-03
2.189592e+00 -9.467916e-02 2.130446e-01 -2.619172e-02 -3.421030e-02 -1.520340e-02 -3.353891e-04
4.491132e+00 -5.985758e-01 3.851212e-01 -1.162987e-01 -1.233723e-02 -1.917518e-02 -2.135282e-03
4.652305e+00 4.417288e-01 2.323697e-01 -4.349504e-02 -1.223897e-02 2.326597e-02 1.381970e-03
1.995996e+00 6.374754e-01 -6.702938e-01 -8.289408e-02 1.291876e-02 1.228624e-02 -6.680380e-04
9.294962e-01 5.097991e-01 -2.239969e-01 3.334221e-02 1.118757e-02 2.546202e-02 -2.052079e-03
5.507151e+00 1.491634e-02 2.333523e-03 -4.297351e-04 -2.447192e-02 1.564294e-01 2.236437e-03
4.718265e+00 1.121646e-01 -3.559373e-01 5.854497e-02 2.666400e-02 8.402481e-03 1.645054e-03
8.640778e+00 3.949691e-01 4.124928e-02 2.331882e-02 -2.989724e-03 2.862714e-02 -6.393368e-04
3.373784e+00 -4.233526e-02 -5.171483e-02 5.208868e-03 5.590447e-02 -4.576502e-02 1.662065e-03
7.093963e+00 -1.807498e-01 5.474082e-02 3.064489e-02 -1.323091e-02 -4.368740e-02 -1.719898e-03
5.682389e+00 -3.724053e-03 6.739321e-02 -2.399903e-03 -6.630355e-02 -3.663840e-03 -2.012357e-03
6.031973e+00 -1.087660e-02 3.685891e-03 -4.511302e-04 -6.556610e-02 -1.934773e-01 -1.099201e-02
1.028728e+00 2.527103e-01 1.736152e-01 5.687260e-03 -1.899725e-02 2.765196e-02 -5.731850e-04
6.108637e+00 2.284251e-01 1.420888e-02 -1.126333e-02 -2.348795e-03 3.775975e-02 -7.932733e-04
7.843051e+00 -2.094410e-01 -7.418420e-01 -8.152480e-02 1.980835e-02 -5.592406e-03 -4.238990e-04
5.331717e+00 2.879607e-01 -2.755810e-01 9.312199e-03 1.982666e-02 2.071732e-02 2.107727e-04
7.552575e-01 -7.720493e-03 1.530625e-02 2.275331e-03 -1.186855e-01 -5.986513e-02 -2.025219e-03
4.047592e+00 -4.019223e-02 5.546210e-01 7.894688e-02 -2.423085e-02 -1.755959e-03 -1.889594e-03
4.040994e+00 -6.220918e-01 -2.296005e-01 -4.513274e-02 8.943120e-03 -2.423097e-02 2.328524e-03
3.525540e+00 -6.748400e-01 -2.131024e-02 -1.600209e-02 7.926516e-04 -2.510122e-02 -3.516565e-03
5.821623e+00 4.608929e-01 6.933112e-01 -2.837040e-02 -1.857549e-02 1.234844e-02 -1.457720e-03
5.994601e+00 4.267052e-02 2.004873e-02 -3.888787e-03 -3.332837e-02 7.093412e-02 -5.425616e-04
4.606476e+00 9.302002e-02 -1.710070e-02 2.266282e-02 1.148474e-02 6.247176e-02 3.949946e-03
2.114973e+00 2.236026e-01 8.188059e-02 2.766321e-02 -1.233978e-02 3.369793e-02 -3.165318e-03
5.491625e+00 3.812031e-01 4.604126e-02 1.420545e-02 -3.901519e-03 3.230300e-02 -1.863692e-03
4.773305e+00 1.377280e-01 -2.619848e-01 -3.864933e-02 3.181771e-02 1.672689e-02 1.713696e-03
3.731172e+00 4.177731e-01 3.551606e-01 9.891715e-02 -1.567413e-02 1.843738e-02 1.345434e-03
1.746962e+00 -7.188625e-01 4.838125e-01 -4.099270e-02 -1.197594e-02 -1.779419e-02 -4.548042e-05
3.369751e+00 1.411065e-02 5.582917e-02 3.836583e-03 -7.103992e-02 1.795512e-02 5.557106e-03
1.976919e+00 2.348143e-01 1.901050e-01 1.445380e-02 -2.171797e-02 2.682565e-02 -1.295842e-03
2.056027e+00 2.265080e-01 2.830489e-01 4.071092e-02 -2.830142e-02 2.264802e-02 6.060646e-05
5.596326e+00 7.796019e-01 -6.245993e-01 6.134366e-02 1.146435e-02 1.430938e-02 -1.172100e-04
7.626492e+00 -4.951552e-01 -1.031267e-01 4.130661e-02 4.958160e-03 -2.380623e-02 1.894088e-03
6.378114e+00 -4.595423e-01 -3.447371e-01 -5.568030e-02 1.586772e-02 -2.115202e-02 2.898748e-03
8.031503e+00 3.435490e-03 -3.998239e-03 4.655598e-04 2.038743e-01 1.751792e-01 1.573192e-02
3.759209e+00 1.390827e-01 2.641809e-01 -4.798435e-02 -3.444630e-02 1.813487e-02 -3.180415e-03
9.433386e+00 6.269937e-02 -2.744781e-02 -1.599990e-03 3.265751e-02 7.459995e-02 3.331849e-03
9.744327e+00 -4.090087e-01 -7.546263e-02 -5.816279e-03 5.584387e-03 -3.026747e-02 -2.539315e-03
8.658967e+00 -7.733393e-01 -1.428258e-01 1.264862e-02 4.019523e-03 -2.176397e-02 5.320595e-05
3.731877e+00 -1.292534e-01 -4.338540e-02 -2.812904e-03 1.868525e-02 -5.566693e-02 -1.572231e-03
3.184903e+00 -2.538936e-02 -6.027685e-02 -8.768146e-03 6.564452e-02 -2.765029e-02 3.315168e-03
6.412504e+00 -2.164795e-01 -2.292499e-02 -6.924183e-03 4.759370e-03 -4.494248e-02 9.325898e-04
5.937376e+00 7.497981e-01 -6.428826e-01 -2.871074e-02 1.433020e-02 1.671340e-02 -3.291662e-04
3.879130e+00 7.356142e-01 1.678276e-01 -7.123836e-02 -5.045937e-03 2.211712e-02 3.098868e-04
9.730817e+00 3.185680e-02 5.669665e-02 6.773922e-03 -6.296390e-02 3.537826e-02 -6.008316e-03
3.179788e+00 1.548552e-01 -3.749194e-02 -1.039329e-02 1.231845e-02 5.087964e-02 2.396091e-03
