5.376869e+09 0.000000e+00 0.000000e+00 0.000000e+00 0.000000e+00 0.000000e+00 0.000000e+00
3.664430e+00 1.146471e-01 -5.294434e-01 7.426821e-02 3.907030e-02 8.460387e-03 -1.213256e-03
6.427321e+00 -3.309836e-01 -2.004549e-01 -6.585258e-03 3.051948e-02 -5.039260e-02 3.866962e-03
7.019217e-01 1.678217e-01 9.451918e-01 3.449665e-02 -3.211770e-02 5.702596e-03 1.615326e-03
9.962621e+00 -5.649785e-01 -4.356332e-01 -1.199810e-02 2.326426e-02 -3.017173e-02 -1.242609e-03
7.021072e+00 5.332154e-01 -5.792204e-01 -6.771853e-02 3.052717e-02 2.810253e-02 -1.286354e-03
2.467610e+00 2.560849e-01 -2.116215e-01 1.141355e-02 3.283394e-02 3.973261e-02 2.072733e-03
6.410779e+00 -5.971909e-01 -4.154366e-01 1.667254e-02 2.397937e-02 -3.447040e-02 7.701801e-04
5.132957e-01 -4.264732e-02 -1.435119e-01 7.101114e-04 8.948130e-02 -2.659108e-02 -9.065068e-03
3.744930e+00 -5.229393e-01 -6.980842e-02 -6.065896e-02 5.661365e-03 -4.240965e-02 1.557282e-03
5.900239e+00 -4.617357e-01 8.701069e-01 1.023195e-01 -3.007236e-02 -1.595837e-02 1.018070e-03
3.544674e+00 1.026404e-01 -2.264636e-01 4.388403e-02 5.308840e-02 2.406133e-02 -2.967349e-03
9.914705e+00 2.885810e-01 -6.573293e-01 6.768778e-02 4.020378e-02 1.765029e-02 2.440418e-03
3.166998e+00 4.780896e-01 -4.673552e-01 1.169840e-03 2.479865e-02 2.536824e-02 6.714508e-04
6.026745e+00 1.465402e-01 3.086524e-02 -1.299730e-03 -1.869680e-02 8.876757e-02 1.075465e-03
7.187040e+00 2.618759e-01 9.526800e-02 -1.736394e-02 -2.403978e-02 6.608136e-02 -1.077602e-03
7.165174e+00 1.649949e-01 -6.024075e-01 7.660145e-02 4.126900e-02 1.130327e-02 -1.768648e-03
4.838233e+00 -7.362543e-02 -1.433289e-01 -2.296063e-03 6.504315e-02 -3.341148e-02 2.275847e-03
5.744154e+00 7.283253e-01 5.588516e-01 -2.484165e-02 -2.201161e-02 2.868671e-02 2.057959e-03
7.476443e+00 -8.819352e-01 3.592213e-01 -1.102104e-01 -1.383330e-02 -3.396256e-02 -4.540239e-03
7.687902e+00 9.488588e-01 1.991751e-01 -1.823021e-01 -6.396159e-03 3.047093e-02 4.192356e-04
6.564373e+00 7.777114e-01 -3.108000e-01 4.599285e-02 1.202413e-02 3.008784e-02 -1.385183e-03
4.334845e+00 5.787457e-01 2.618596e-01 -1.523482e-02 -1.748309e-02 3.864003e-02 4.929248e-04
7.609789e+00 -5.706374e-01 2.436798e-01 7.442822e-03 -1.695425e-02 -3.970262e-02 -4.733279e-03
4.536290e+00 1.172830e-01 7.856745e-02 -8.169680e-04 -4.959761e-02 7.403775e-02 -8.573727e-04
5.786471e-01 4.388166e-01 3.299280e-02 -2.836637e-02 -4.150457e-03 5.520264e-02 1.846308e-03
5.610361e+00 -5.050425e-01 5.389990e-02 5.465694e-02 -5.048116e-03 -4.730089e-02 1.797412e-03
6.305732e+00 -1.130066e-01 1.623914e-01 -3.613408e-02 -5.953984e-02 -4.143319e-02 -1.330260e-03
6.674021e+00 -1.576466e-01 5.025404e-01 2.392292e-02 -4.717693e-02 -1.479937e-02 -3.719446e-03
8.690839e-01 3.261184e-01 -6.992531e-03 -5.125172e-02 1.140144e-03 5.317415e-02 -3.131173e-03
9.716987e+00 4.033932e-02 -4.881004e-01 -6.999594e-02 4.274971e-02 3.533072e-03 -3.056465e-03
2.384503e+00 -9.167309e-02 4.296942e-01 -2.989680e-02 -4.895333e-02 -1.044395e-02 -3.715555e-03
3.776806e+00 6.936413e-02 -1.782724e-02 7.695157e-04 3.439853e-02 1.338415e-01 3.150405e-03
8.605593e-01 9.877593e-02 9.768994e-02 -9.608981e-03 -6.195729e-02 6.264605e-02 -3.547958e-04
8.169118e+00 2.081506e-03 1.857717e-03 -4.725807e-04 -4.518335e-01 5.062633e-01 -3.179394e-02
7.986944e+00 9.236532e-01 8.450084e-02 -1.215544e-01 -3.420909e-03 3.739293e-02 -1.984861e-03
5.463551e+00 8.795765e-01 -1.448413e-01 3.170758e-03 6.372898e-03 3.870063e-02 -7.094466e-04
6.326825e+00 6.053744e-01 -5.944024e-01 1.579132e-02 2.600271e-02 2.648269e-02 -9.735709e-04
1.149165e+00 8.517134e-02 -4.847022e-01 -2.237445e-02 4.378410e-02 7.693694e-03 -3.920877e-03
3.464156e+00 1.319603e-02 -2.897425e-02 2.140804e-03 1.840540e-01 8.382554e-02 -1.073177e-02
5.652259e+00 -8.079733e-02 -8.186425e-01 -1.317448e-01 3.861186e-02 -3.810864e-03 -2.018644e-03
3.724589e+00 1.602005e-01 7.913973e-01 1.784218e-01 -3.635896e-02 7.360048e-03 1.512101e-03
8.031479e+00 1.291785e-01 1.798952e-01 1.854207e-02 -5.655417e-02 4.061021e-02 -1.987847e-03
7.993341e-01 5.309812e-01 5.818573e-01 4.791081e-02 -2.997482e-02 2.735390e-02 8.400537e-04
9.248880e+00 -3.021545e-02 -1.692108e-02 -2.605352e-03 8.874390e-02 -1.584672e-01 -9.186506e-04
8.152282e+00 3.825211e-01 -9.063119e-02 -6.067118e-02 1.237961e-02 5.224981e-02 -3.560659e-05
3.105571e+00 -2.351309e-01 4.293761e-01 -4.731448e-02 -4.721875e-02 -2.585749e-02 -1.705431e-03
2.099099e+00 -2.355746e-01 -5.683436e-02 4.658569e-02 1.607677e-02 -6.663715e-02 2.719626e-03
6.250020e-01 2.993492e-01 2.686366e-02 1.872528e-02 -5.828502e-03 6.494861e-02 4.338725e-03
7.729329e-01 3.295594e-01 -1.686942e-01 6.683173e-04 2.629849e-02 5.137648e-02 2.336869e-03
9.407280e+00 6.409928e-02 7.021033e-01 -2.615079e-02 -4.264620e-02 3.893430e-03 1.003700e-03
6.351591e+00 2.069331e-01 1.607481e-01 6.822173e-04 -3.633359e-02 4.677271e-02 3.836968e-03
7.826031e+00 6.362168e-01 -5.896229e-01 1.553293e-02 2.739432e-02 2.955911e-02 -5.598377e-04
6.525400e+00 -6.106496e-01 7.576448e-01 -3.082899e-02 -2.285777e-02 -1.842300e-02 1.771321e-03
1.381481e+00 -4.174561e-01 -8.771825e-01 3.039088e-02 3.009340e-02 -1.432162e-02 5.739511e-04
2.833991e+00 -4.050326e-01 -3.582604e-01 -5.846157e-02 3.244385e-02 -3.667952e-02 4.539779e-03
2.602211e+00 1.278868e-01 2.324792e-01 6.161689e-02 -5.548710e-02 3.052346e-02 -2.407610e-03
5.395045e+00 -9.258107e-02 5.586982e-01 6.081155e-02 -4.042638e-02 -6.698998e-03 -2.528550e-03
3.787780e+00 2.470225e-01 -2.326743e-01 4.016336e-03 4.301207e-02 4.566447e-02 -1.037864e-03
2.938071e+00 2.494256e-01 5.013904e-01 -2.165834e-02 -4.072234e-02 2.025805e-02 -1.915477e-03
8.138335e+00 1.303340e-01 -1.863345e-01 -1.099055e-03 5.022444e-02 3.513010e-02 -2.390507e-03
7.251656e+00 5.874910e-01 5.897931e-01 -3.929296e-02 -2.656801e-02 2.646431e-02 2.046052e-03
4.429475e+00 5.094804e-01 -7.828406e-01 -1.993705e-02 3.180586e-02 2.069957e-02 -3.612924e-04
6.829181e+00 -2.269665e-01 -4.103500e-02 -1.165517e-02 1.242257e-02 -6.870982e-02 4.138185e-04
6.453264e+00 -6.186920e-02 -1.047523e-01 -2.033875e-03 7.446115e-02 -4.397853e-02 2.571712e-03
4.952633e+00 -1.354504e-01 -6.291807e-01 2.790866e-02 4.337418e-02 -9.337618e-03 -3.266855e-03
5.213771e-01 8.359487e-02 -2.727843e-01 3.461845e-02 5.881063e-02 1.802254e-02 2.190761e-03
3.468901e+00 -3.610752e-02 4.344886e-01 4.934794e-02 -4.592639e-02 -3.816643e-03 -2.782047e-03
1.586384e+00 1.557675e-01 -7.878682e-02 1.115268e-02 3.919548e-02 7.749241e-02 -2.380282e-03
5.991657e+00 7.806437e-01 -9.137764e-02 -5.154045e-02 4.767383e-03 4.072799e-02 1.625549e-03
8.155561e+00 -4.813441e-01 1.585140e-01 -1.167338e-02 -1.549008e-02 -4.703725e-02 -2.885637e-03
1.297170e+00 -4.848537e-01 -1.715322e-01 7.125829e-02 1.663147e-02 -4.701060e-02 -2.371649e-03
2.848399e+00 -1.696864e-03 2.607459e-03 6.152958e-04 -5.088690e-01 -3.311581e-01 3.103562e-02
7.283103e+00 -1.593612e-01 -1.718059e-01 1.620304e-03 5.310816e-02 -4.926128e-02 -3.258452e-03
4.361382e+00 1.378341e-02 -3.020702e-02 8.982720e-04 1.862454e-01 8.498346e-02 2.528044e-03
7.313464e-01 -1.349872e-02 -3.501805e-02 8.750469e-03 1.765015e-01 -6.803761e-02 -4.550801e-03
5.938987e+00 -5.120036e-01 3.792749e-01 1.439365e-02 -2.500945e-02 -3.376160e-02 2.228829e-03
5.677490e+00 1.445322e-01 1.087375e-01 -3.763296e-02 -4.507459e-02 5.991249e-02 -3.180762e-03
5.339022e+00 -7.918617e-01 4.259520e-01 -1.668905e-02 -1.694693e-02 -3.150502e-02 -1.803306e-03
9.628258e+00 2.228803e-02 -6.346652e-02 -5.037362e-03 1.116101e-01 3.919499e-02 9.351434e-03
3.983287e+00 -4.610405e-01 -1.025688e-01 -2.281841e-02 9.868443e-03 -4.435806e-02 -2.071361e-03
7.522957e+00 4.785184e-01 -6.692856e-01 -9.822580e-02 2.639321e-02 1.887033e-02 1.649415e-03
5.737462e+00 6.833802e-02 -1.289736e-01 3.613702e-03 8.606469e-02 4.560227e-02 -2.752163e-03
8.677601e+00 4.961942e-01 2.028793e-01 -8.734655e-02 -1.873846e-02 4.582979e-02 -1.489684e-03
4.245334e+00 6.750072e-03 2.245999e-02 5.130906e-03 -1.835766e-01 5.517166e-02 6.924060e-03
6.778464e-01 6.484503e-01 -2.033636e-01 1.087297e-01 1.116295e-02 3.559446e-02 -2.125382e-04
1.324433e+00 5.729684e-01 -4.110148e-01 4.383467e-02 2.391944e-02 3.334450e-02 3.245200e-04
5.504319e+00 -6.724111e-01 -2.779905e-01 7.292103e-02 1.445417e-02 -3.496215e-02 2.446932e-03
9.799837e+00 7.578694e-01 -8.952589e-02 2.231548e-02 4.963313e-03 4.201627e-02 -2.603378e-03
7.344500e+00 6.053412e-01 -7.392663e-01 -5.534896e-02 2.893408e-02 2.369240e-02 -1.688062e-03
6.033321e-01 5.854825e-01 7.899654e-01 3.505419e-02 -2.534720e-02 1.878606e-02 -6.617728e-04
4.497878e+00 -7.160306e-01 -5.697877e-01 -1.006915e-01 2.201013e-02 -2.765930e-02 -1.237656e-04
2.421232e+00 8.265331e-02 3.699207e-01 -4.356729e-02 -4.806558e-02 1.073954e-02 6.009509e-03
3.304379e+00 -7.781707e-01 -5.138032e-01 3.870032e-04 1.857065e-02 -2.812582e-02 -1.114091e-03
7.433183e+00 -2.773925e-01 4.058185e-01 7.011059e-02 -4.006798e-02 -2.738800e-02 1.917821e-03
7.276814e+00 5.039553e-01 5.277601e-01 -2.278186e-02 -2.496817e-02 2.384198e-02 1.571263e-03
5.162705e+00 2.661709e-01 -4.565478e-01 -2.455489e-02 3.705908e-02 2.160573e-02 -1.040380e-03
3.400037e+00 4.899479e-02 -6.748285e-02 -6.525192e-04 9.842542e-02 7.146012e-02 -6.148842e-03
5.781637e+00 5.272399e-02 -4.238205e-02 -2.834879e-03 8.938291e-02 1.111939e-01 -8.164247e-04
2.984344e+00 -7.411595e-01 5.501601e-01 -4.473815e-02 -2.015799e-02 -2.715625e-02 1.203309e-03
8.717209e+00 -2.104041e-01 7.086885e-01 -4.695300e-02 -3.401941e-02 -1.010010e-02 -1.279334e-03
