3.840229e+09 0.000000e+00 0.000000e+00 0.000000e+00 0.000000e+00 0.000000e+00 0.000000e+00
8.541722e+00 -6.410570e-02 1.976963e-01 -4.845225e-02 -6.490289e-02 -2.104563e-02 2.221769e-05
7.607079e+00 8.294428e-01 7.009383e-02 9.325536e-02 -2.878069e-03 3.405712e-02 2.558755e-03
4.209198e+00 4.105853e-01 3.930172e-02 9.022223e-02 -4.604476e-03 4.810300e-02 -3.228189e-03
9.129893e+00 -1.329309e-01 1.794912e-01 -1.914213e-02 -5.371461e-02 -3.978097e-02 5.112592e-04
1.042637e+00 -5.993011e-01 -2.131379e-01 1.857831e-02 1.094657e-02 -3.077958e-02 2.113711e-03
4.209837e+00 6.895499e-01 -6.188649e-02 3.397698e-02 2.993658e-03 3.335586e-02 2.425509e-04
9.426784e+00 5.364991e-03 -7.090073e-02 -3.645822e-03 9.621015e-02 7.280132e-03 -2.873158e-03
8.955423e+00 -3.899947e-01 -7.173247e-01 -1.348629e-02 2.704109e-02 -1.470169e-02 -1.526163e-03
9.835777e+00 2.031288e-01 -3.501156e-01 -1.003953e-01 3.745187e-02 2.172869e-02 -2.199559e-03
2.507199e+00 -1.546141e-01 4.495206e-01 3.150444e-02 -4.323146e-02 -1.486960e-02 -6.970989e-04
2.848462e+00 2.955452e-03 -1.817693e-01 -1.261841e-03 6.424516e-02 1.044585e-03 -3.609362e-03
3.202465e+00 -2.216917e-01 2.499904e-01 1.124337e-02 -4.023760e-02 -3.568274e-02 3.619374e-03
4.845611e+00 6.447345e-01 8.915063e-02 8.919032e-02 -5.307146e-03 3.838111e-02 -2.366171e-03
2.466519e+00 1.270018e-01 5.919347e-01 6.664219e-03 -3.166184e-02 6.793167e-03 2.578746e-03
3.608615e+00 -8.611630e-02 3.621964e-01 -4.210669e-02 -4.143104e-02 -9.850701e-03 -2.139130e-03
7.931412e+00 -8.297575e-01 7.101846e-02 -9.859804e-03 -2.526399e-03 -2.951765e-02 1.310532e-03
2.759921e+00 -3.403864e-01 -7.226035e-01 -1.652907e-01 2.606451e-02 -1.227783e-02 -8.847879e-04
2.139842e+00 -9.595001e-02 6.496050e-02 -9.187623e-03 -4.974749e-02 -7.347960e-02 -9.447563e-04
1.444472e+00 -3.934831e-01 5.796869e-02 2.149193e-02 -5.797087e-03 -3.934979e-02 -2.225289e-03
8.158991e+00 -6.960014e-01 4.019244e-01 -1.656043e-03 -1.437686e-02 -2.489601e-02 -7.712718e-04
6.029954e+00 -2.342308e-01 -3.379143e-02 2.237385e-02 8.073137e-03 -5.596026e-02 2.204150e-03
1.843052e+00 6.429416e-02 3.911605e-02 1.739980e-04 -5.949380e-02 9.778860e-02 -7.309496e-03
5.573217e+00 -4.742719e-03 -2.714930e-01 1.277512e-02 5.729522e-02 -1.000892e-03 -1.317620e-03
3.855634e+00 -6.121440e-02 -1.543169e-01 -1.653491e-02 6.598046e-02 -2.617312e-02 -1.297907e-03
8.327509e+00 3.619206e-03 -5.035151e-03 -1.196963e-03 2.899472e-01 2.084106e-01 -3.010490e-03
6.133825e+00 -5.102741e-01 2.639441e-01 -1.103255e-01 -1.627489e-02 -3.146369e-02 -3.067182e-05
1.000159e+00 3.164261e-01 2.915878e-02 1.355014e-02 -4.783255e-03 5.190705e-02 -2.102251e-04
8.310701e-01 -3.978907e-01 6.098323e-02 4.594857e-02 -6.340963e-03 -4.137220e-02 3.834794e-03
3.435783e+00 -9.794000e-02 1.232225e-01 -2.423374e-02 -6.239747e-02 -4.959492e-02 -5.533838e-04
7.205734e+00 4.323430e-01 -3.008497e-01 -2.623400e-02 2.322777e-02 3.338001e-02 2.248653e-03
9.671262e+00 3.057315e-01 -1.439346e-01 -1.077476e-02 2.153016e-02 4.573222e-02 2.427666e-03
3.489709e+00 3.196790e-01 7.620373e-02 8.909464e-02 -1.005026e-02 4.216143e-02 -3.366041e-03
3.904044e+00 -9.673694e-02 6.396150e-01 -5.775694e-03 -3.401425e-02 -5.144400e-03 -1.158452e-03
2.490542e+00 -2.829242e-01 -8.640020e-02 -7.523449e-03 1.418957e-02 -4.646486e-02 -3.410709e-03
9.623111e+00 1.116519e-01 4.243948e-01 -3.985685e-02 -4.554402e-02 1.198195e-02 -4.391821e-03
1.479124e+00 5.666566e-02 -4.976565e-03 -2.541634e-03 9.647184e-03 1.098477e-01 5.584410e-03
1.363085e+00 -6.857769e-02 -1.556872e-01 -4.086265e-02 6.794339e-02 -2.992797e-02 -2.337535e-03
6.468181e+00 -5.195116e-01 -3.384012e-01 -3.239328e-02 2.204191e-02 -3.383861e-02 -2.655672e-03
7.315410e+00 -1.483500e-01 1.472128e-01 -5.587982e-03 -3.840950e-02 -3.870621e-02 8.796057e-04
3.145762e+00 5.331194e-01 4.367866e-01 5.755141e-02 -2.307566e-02 2.816497e-02 5.241985e-03
7.605123e+00 4.774812e-02 -3.352304e-01 -2.297852e-02 5.287556e-02 7.531263e-03 2.609774e-03
7.216523e+00 -8.977610e-02 6.214565e-02 8.213847e-03 -5.354762e-02 -7.735531e-02 -2.659378e-03
5.946954e+00 -3.228407e-01 1.776149e-01 7.791911e-03 -2.026756e-02 -3.683921e-02 2.855063e-03
4.802879e+00 -7.900050e-02 -1.851107e-01 3.051616e-02 5.694306e-02 -2.430183e-02 -2.673518e-03
7.464591e+00 1.140048e-01 -8.206878e-02 -2.759514e-03 4.587999e-02 6.373359e-02 4.034382e-03
2.804455e+00 -9.373952e-01 -5.343467e-02 5.529850e-02 1.807104e-03 -3.170172e-02 4.788907e-03
6.053153e+00 4.739858e-01 7.396656e-02 5.391132e-02 -5.481788e-03 3.512790e-02 -2.300312e-03
5.666554e+00 -7.062269e-02 4.082215e-02 9.235448e-03 -4.634290e-02 -8.017365e-02 2.047640e-03
2.150531e+00 -1.714862e-01 2.652172e-02 -4.762229e-03 -9.085320e-03 -5.874458e-02 5.702467e-03
5.540632e+00 3.209339e-01 7.799542e-01 1.417074e-01 -2.479382e-02 1.020211e-02 1.282056e-04
8.240389e+00 -3.046175e-01 4.259328e-01 -1.672325e-02 -3.352220e-02 -2.397432e-02 1.804303e-04
9.680410e+00 5.846959e-01 4.844278e-01 -9.153358e-02 -2.046168e-02 2.469690e-02 -2.343905e-03
4.968408e+00 1.104603e-01 -3.678452e-01 2.601897e-02 3.958588e-02 1.188725e-02 9.202810e-04
3.502095e+00 4.548140e-01 -2.248968e-01 -1.186966e-02 1.546147e-02 3.126809e-02 -1.288444e-03
9.327871e+00 -4.960126e-02 -1.092117e-01 -2.304410e-02 6.718281e-02 -3.051277e-02 2.951479e-03
5.938630e+00 -8.730716e-01 -1.808516e-01 2.026324e-01 5.730989e-03 -2.766668e-02 -1.422741e-03
8.362627e-01 9.396287e-01 -3.167446e-01 2.354619e-02 8.543995e-03 2.534592e-02 -2.055741e-03
4.874464e+00 -5.631209e-01 1.058129e-01 -3.198384e-02 -6.509171e-03 -3.464088e-02 -1.921741e-03
3.936977e+00 -3.094234e-01 -1.174480e-01 1.454686e-02 1.941261e-02 -5.114362e-02 2.837886e-03
3.853104e+00 4.565741e-01 -7.968350e-02 -6.180174e-02 7.794068e-03 4.465880e-02 4.341569e-03
4.061825e+00 3.881800e-02 -3.518027e-03 -2.772391e-03 1.387918e-02 1.531432e-01 8.290441e-04
4.862718e+00 -2.756354e-01 -1.178885e-01 -5.175634e-02 1.890278e-02 -4.419664e-02 3.609032e-03
6.318705e+00 -2.874881e-02 5.910727e-02 2.141099e-03 -1.096388e-01 -5.332654e-02 3.482560e-03
7.004918e-01 -4.315215e-01 1.244406e-01 -1.847563e-02 -1.169773e-02 -4.056411e-02 4.867996e-03
4.189792e+00 4.540129e-01 1.937615e-02 2.004929e-02 -1.993592e-03 4.671293e-02 2.744668e-03
6.372167e+00 3.420997e-01 -4.111691e-02 2.769274e-03 6.375087e-03 5.304181e-02 -2.794313e-03
5.123959e+00 1.018330e-01 -3.347032e-01 3.404617e-02 4.693035e-02 1.427850e-02 2.920289e-03
8.955921e+00 3.424197e-01 4.501928e-02 7.128815e-02 -6.034116e-03 4.589590e-02 3.421342e-03
5.968594e+00 -2.211659e-02 -7.043213e-02 -6.930497e-03 1.114871e-01 -3.500839e-02 -3.388875e-03
7.444824e+00 6.971982e-01 -1.734699e-01 1.025528e-01 7.984414e-03 3.209041e-02 3.629285e-03
6.570132e+00 1.424046e-01 -1.627945e-01 -1.777764e-02 5.028641e-02 4.398810e-02 4.107887e-03
7.058670e+00 3.499539e-01 2.234438e-01 -7.880597e-03 -2.094115e-02 3.279768e-02 9.466435e-04
3.092597e+00 -1.645925e-01 -2.091179e-01 -7.247074e-03 4.662329e-02 -3.669625e-02 -1.019333e-03
8.818191e+00 1.801074e-01 -1.594307e-02 -1.191742e-02 5.514624e-03 6.229819e-02 2.589379e-03
9.981094e+00 4.423072e-01 -2.453069e-01 7.011998e-02 1.905049e-02 3.434949e-02 -8.500639e-04
4.467424e+00 -5.493291e-01 2.572963e-01 -4.456578e-02 -1.587584e-02 -3.389502e-02 -1.518035e-03
1.416039e+00 -2.749986e-01 1.031809e-01 1.448759e-02 -1.943578e-02 -5.180040e-02 4.448271e-03
2.796129e+00 3.358078e-02 -3.760872e-03 7.154964e-05 1.741275e-02 1.554783e-01 9.538590e-03
2.831535e+00 7.931174e-01 2.745383e-01 4.693759e-02 -9.628576e-03 2.781612e-02 1.160163e-03
7.368672e+00 6.788634e-02 -1.387540e-02 4.176048e-04 2.029196e-02 9.927978e-02 -7.645140e-03
6.919909e+00 9.019503e-02 -2.748571e-01 -2.042142e-02 5.170367e-02 1.696668e-02 3.739650e-04
5.063354e+00 6.252270e-01 -1.310927e-01 -7.450986e-02 7.932482e-03 3.783278e-02 6.863940e-04
3.932038e+00 -2.547428e-01 -4.534633e-02 1.005286e-02 1.038292e-02 -5.832829e-02 -4.036770e-03
2.348044e+00 -1.416386e-01 4.512825e-01 -2.738005e-02 -4.053892e-02 -1.272346e-02 -4.529052e-04
4.269576e+00 -1.356299e-01 -2.933745e-01 6.952977e-02 4.681832e-02 -2.164457e-02 3.365564e-03
2.167994e+00 2.846996e-01 9.027617e-01 -2.508580e-01 -2.714719e-02 8.561278e-03 4.191987e-04
8.285722e+00 -1.639904e-01 -2.295704e-01 3.358425e-02 4.630304e-02 -3.307593e-02 -2.268348e-03
1.930376e+00 -3.597361e-01 9.720706e-02 -4.438501e-02 -1.273903e-02 -4.714359e-02 -7.086817e-04
2.563696e+00 -3.293505e-01 4.417921e-01 5.543771e-02 -2.981469e-02 -2.222647e-02 5.277030e-04
7.266418e+00 2.081672e-01 -3.251763e-01 3.890819e-04 3.960998e-02 2.535701e-02 -1.525242e-04
2.117688e+00 3.204415e-01 -6.709421e-01 -2.865910e-02 2.936576e-02 1.402507e-02 3.075069e-03
8.013753e+00 -1.274020e-01 -1.663391e-01 -1.871627e-02 5.097818e-02 -3.904508e-02 -2.165519e-03
9.874467e+00 -5.087504e-01 7.384962e-02 5.718887e-02 -5.376821e-03 -3.704095e-02 -2.616566e-03
3.804754e+00 -1.583587e-01 6.373587e-01 2.668384e-02 -2.946347e-02 -7.320522e-03 3.155085e-04
1.210445e+00 -7.079076e-01 2.692525e-01 -6.415559e-02 -1.288648e-02 -3.388061e-02 4.022805e-03
4.680821e+00 9.578170e-01 -2.020466e-01 -5.198177e-02 5.828773e-03 2.763174e-02 2.450979e-03
7.389732e+00 -3.125568e-01 6.021500e-03 8.990941e-02 -9.052145e-04 -4.698679e-02 -2.726451e-03
9.310713e+00 3.971173e-01 3.775207e-01 -2.091311e-02 -2.605010e-02 2.740233e-02 3.994323e-04
5.082145e+00 -7.656671e-01 -1.533045e-01 2.951151e-02 6.736673e-03 -3.364578e-02 -8.972727e-04
9.934193e+00 -1.730839e-01 -6.221821e-02 -7.097497e-03 2.350253e-02 -6.538135e-02 3.428025e-03
7.660654e+00 7.929754e-01 3.735954e-01 4.833815e-02 -1.136066e-02 2.411359e-02 1.262089e-03
1.174653e+00 1.922002e-01 -4.515629e-01 5.725896e-02 3.218836e-02 1.370044e-02 -5.208989e-04
7.160815e+00 8.033474e-02 -2.394297e-01 -2.625740e-02 5.104606e-02 1.712724e-02 -9.421012e-04
1.304496e+00 -5.376552e-01 4.776270e-01 2.171168e-02 -2.495170e-02 -2.808763e-02 -2.131419e-04
3.071114e+00 1.750025e-02 -1.054514e-01 8.285187e-03 9.374457e-02 1.555744e-02 1.998910e-03
8.979653e+00 8.657677e-03 1.904067e-02 -1.111585e-03 -1.733974e-01 7.884277e-02 -4.945492e-03
3.148280e+00 -1.559385e-03 1.153143e-02 -6.157500e-04 -2.455124e-01 -3.320042e-02 -1.575469e-02
2.123196e+00 6.334524e-01 1.445158e-01 -1.135212e-01 -8.217232e-03 3.601839e-02 2.649170e-04
3.717787e+00 -4.413931e-01 -6.532105e-01 -4.898101e-02 2.777356e-02 -1.876739e-02 -1.890572e-03
9.491688e+00 7.714074e-01 -5.554237e-01 -3.453540e-02 1.831373e-02 2.543526e-02 -2.536373e-03
3.633830e+00 -6.902306e-01 2.416992e-01 -6.450981e-03 -1.156593e-02 -3.302931e-02 1.625257e-03
7.405005e+00 -4.209954e-02 2.821302e-01 -5.943695e-02 -5.374498e-02 -8.019837e-03 2.398356e-03
5.652345e-01 2.033035e-01 3.439938e-01 2.922107e-02 -3.765725e-02 2.225578e-02 2.483346e-03
7.955977e+00 3.811685e-01 -7.972915e-01 1.324814e-01 2.385866e-02 1.140633e-02 -9.461003e-04
3.430773e+00 -1.457757e-01 8.543788e-01 8.642363e-02 -2.728907e-02 -4.656113e-03 -8.796283e-04
3.686684e+00 9.894502e-03 1.456745e-01 4.488903e-03 -6.814576e-02 4.628597e-03 2.706574e-03
5.890221e+00 1.886466e-01 -5.245943e-01 -7.432778e-03 3.821846e-02 1.374354e-02 2.701872e-03
5.103568e+00 -1.657598e-03 -8.099097e-01 5.345816e-02 2.889374e-02 -5.913526e-05 -4.662264e-04
9.817218e+00 -9.334033e-02 1.003394e-01 1.013667e-02 -5.438445e-02 -5.059091e-02 -9.231200e-04
1.646750e+00 -6.035931e-01 7.415724e-02 -9.503943e-02 -4.907062e-03 -3.994038e-02 5.677145e-03
4.680150e+00 -3.027994e-01 4.118946e-01 -2.985141e-02 -3.519722e-02 -2.587481e-02 -1.377235e-03
6.006557e+00 4.360721e-01 2.319687e-01 -6.362061e-03 -1.745951e-02 3.282168e-02 -1.060645e-03
6.820969e+00 5.057067e-01 -8.671977e-03 -1.115925e-01 6.979287e-04 4.069974e-02 2.845204e-03
9.062303e+00 9.759680e-02 -2.582539e-01 1.827434e-02 4.377748e-02 1.654396e-02 -1.857377e-03
7.534972e+00 -7.801704e-02 -4.971740e-01 -1.128058e-02 3.873649e-02 -6.078568e-03 2.641454e-03
9.564930e+00 -4.803158e-01 -4.743401e-02 -8.443139e-02 4.354133e-03 -4.408986e-02 1.114483e-03
5.574199e+00 -3.558242e-01 3.222555e-01 -1.296081e-02 -2.819774e-02 -3.113505e-02 5.943417e-03
6.355855e+00 9.141812e-01 -7.717151e-02 -1.945465e-01 2.467177e-03 2.922642e-02 -3.952846e-04
9.231227e+00 1.203583e-02 -2.589472e-01 3.622781e-02 4.857045e-02 2.257548e-03 -7.691617e-04
2.206450e+00 2.626609e-01 1.546834e-01 1.234011e-02 -2.608708e-02 4.429729e-02 3.201673e-03
2.285690e+00 6.402893e-02 -5.442229e-01 1.951751e-02 3.785132e-02 4.453284e-03 -3.213509e-03
5.718713e-01 1.683395e-01 9.717941e-01 1.049583e-01 -2.918876e-02 5.056237e-03 -3.298468e-04
6.797059e+00 -7.909450e-01 -3.125462e-01 1.091206e-01 1.207334e-02 -3.055341e-02 2.228129e-03
1.735644e+00 5.619073e-01 -2.470595e-01 -8.955662e-02 1.313945e-02 2.988411e-02 -1.525943e-03
6.403477e+00 -5.828143e-01 -2.518811e-01 -1.170744e-01 1.244921e-02 -2.880556e-02 1.088885e-03
8.042677e+00 6.442022e-01 -3.659357e-01 6.085383e-02 1.607102e-02 2.829182e-02 -7.822802e-04
4.944230e+00 9.025053e-02 -2.525059e-01 -2.371493e-02 5.393455e-02 1.927726e-02 1.938095e-03
9.825919e-01 4.225980e-01 -7.592769e-01 3.350343e-02 2.653328e-02 1.476788e-02 5.406560e-04
5.463472e+00 -7.662484e-01 -1.714018e-01 4.257703e-02 7.120540e-03 -3.183223e-02 -8.616001e-04
4.008409e+00 -2.895253e-01 -8.754616e-01 -8.799377e-02 3.098144e-02 -1.024592e-02 3.106140e-04
2.030005e+00 -2.392611e-01 -7.726731e-01 -2.045219e-01 2.610387e-02 -8.083158e-03 1.253224e-03
2.202754e+00 -9.442912e-01 -1.119768e-01 2.773076e-02 3.576960e-03 -3.016422e-02 7.102172e-04
9.828299e+00 1.021708e-01 -3.908088e-01 1.318513e-02 4.738534e-02 1.238816e-02 3.651591e-04
3.674893e+00 -1.761246e-01 2.083932e-01 1.881163e-02 -3.714318e-02 -3.139174e-02 -1.613144e-04
8.768312e+00 5.264415e-02 1.548808e-02 -5.803880e-03 -3.520458e-02 1.196608e-01 1.542050e-04
1.413918e+00 3.088934e-02 9.734623e-01 -4.102121e-02 -3.131016e-02 9.935156e-04 -1.402022e-04
3.359201e+00 5.607765e-01 1.338463e-01 6.617571e-02 -8.317792e-03 3.484910e-02 -3.400093e-03
9.472356e+00 2.979491e-02 -5.188841e-02 9.224269e-03 1.088640e-01 6.251093e-02 -4.311795e-03
1.754581e+00 -3.610012e-01 -1.026843e-01 -6.855773e-02 1.233411e-02 -4.336233e-02 1.067282e-03
7.355483e-01 5.428409e-01 1.583738e-01 4.723634e-02 -1.181350e-02 4.049186e-02 -4.307702e-04
2.008302e+00 3.598244e-01 7.899637e-02 -4.981143e-02 -9.624913e-03 4.384098e-02 5.848586e-03
5.172985e+00 -4.822998e-02 1.037279e-01 3.857297e-02 -7.348873e-02 -3.416978e-02 -7.761404e-03
8.236020e+00 1.093433e-01 -5.889844e-01 3.909323e-02 3.121453e-02 5.794891e-03 1.478412e-03
4.944213e+00 -2.910031e-01 5.779905e-01 -8.131620e-02 -2.992705e-02 -1.506749e-02 -2.339411e-03
1.046746e+00 -2.807348e-01 1.362661e-01 9.255428e-03 -2.374638e-02 -4.892217e-02 -1.637763e-03
9.555969e-01 -9.221970e-01 2.409433e-01 1.137538e-02 -7.654495e-03 -2.929714e-02 2.423825e-03
1.173815e+00 5.962555e-02 -3.241490e-01 -3.249886e-03 5.165338e-02 9.501375e-03 -7.311499e-04
1.800745e+00 1.117560e-02 -3.079652e-01 1.953117e-04 4.540736e-02 1.647766e-03 1.481931e-03
3.794763e+00 -5.824964e-01 -2.431228e-01 -9.076392e-03 1.316706e-02 -3.154687e-02 -6.732061e-04
2.036457e+00 1.831132e-01 1.855048e-01 8.816027e-03 -4.074186e-02 4.021660e-02 1.377530e-03
8.423294e+00 -5.020301e-01 -8.046842e-02 1.422391e-02 6.699084e-03 -4.179456e-02 2.745492e-03
9.702554e-01 1.313903e-01 -3.689335e-02 2.396320e-02 2.223867e-02 7.919980e-02 -1.908133e-03
1.853669e+00 -2.882554e-01 8.742764e-01 -3.425483e-02 -2.592163e-02 -8.546556e-03 -1.226557e-03
1.622079e+00 -8.135705e-01 2.823769e-01 3.490094e-02 -1.083624e-02 -3.122084e-02 -2.697316e-04
5.954620e+00 1.263613e-03 5.100913e-01 -4.157642e-02 -4.458483e-02 1.104468e-04 6.585635e-04
6.329653e+00 -2.914845e-01 1.438119e-01 2.676622e-02 -2.315629e-02 -4.693423e-02 -1.104384e-03
8.092671e+00 -9.290460e-01 2.196495e-01 8.849615e-02 -7.304050e-03 -3.089375e-02 4.501596e-03
1.834648e+00 1.466235e-01 3.235479e-01 -2.571514e-02 -4.439978e-02 2.012083e-02 4.868721e-03
9.781194e+00 -4.787712e-01 2.334849e-01 -4.630912e-02 -1.487201e-02 -3.049573e-02 1.353499e-03
2.790125e+00 -9.635869e-01 -2.614794e-02 8.883031e-03 7.968990e-04 -2.936681e-02 1.307698e-03
2.773596e+00 3.049614e-01 -1.006829e-01 -4.104126e-02 1.465050e-02 4.437533e-02 1.345170e-03
8.749335e+00 6.573536e-02 -1.467662e-01 2.160499e-03 6.841037e-02 3.064044e-02 -2.761018e-03
8.201696e+00 2.787181e-01 -1.052341e-01 -1.089967e-02 1.965884e-02 5.206749e-02 -5.886525e-04
9.047246e+00 -2.015247e-02 7.407578e-01 3.487523e-02 -2.912255e-02 -7.922849e-04 5.751854e-04
6.347634e+00 1.440216e-01 -2.808995e-01 -5.269702e-02 4.131783e-02 2.118429e-02 -4.187552e-04
3.315446e+00 -2.860085e-01 3.393823e-01 9.476229e-03 -3.241193e-02 -2.731458e-02 9.270539e-04
6.867558e+00 -2.456088e-01 -1.654566e-01 1.607226e-02 2.685979e-02 -3.987150e-02 2.226476e-03
9.868775e+00 2.383436e-01 5.884254e-01 -3.899678e-02 -3.692828e-02 1.495792e-02 -7.748562e-04
5.580764e+00 1.993264e-01 6.837250e-02 1.979671e-02 -1.771618e-02 5.164799e-02 1.212010e-03
2.490363e+00 4.297687e-01 4.547737e-01 2.080452e-04 -2.483471e-02 2.346922e-02 5.835228e-04
1.527770e+00 2.284856e-01 -5.869633e-01 1.548784e-02 3.737301e-02 1.454809e-02 -1.166758e-03
6.118324e+00 -8.675533e-01 -8.167865e-02 6.388956e-03 2.543775e-03 -2.701882e-02 -5.804122e-04
5.078855e+00 7.844103e-03 2.296113e-03 7.753443e-04 -9.648179e-02 3.296062e-01 -3.201778e-02
9.869114e+00 3.609512e-01 1.951846e-01 -4.545945e-02 -2.249877e-02 4.160656e-02 -1.162527e-03
9.166216e+00 3.239225e-02 9.845912e-02 4.553575e-03 -7.508552e-02 2.470252e-02 -4.451810e-03
4.388043e+00 -4.093151e-01 -5.721061e-01 -3.248990e-02 2.552733e-02 -1.826361e-02 -5.599148e-04
4.031137e+00 -1.771299e-01 1.687184e-01 4.328682e-05 -3.533311e-02 -3.709465e-02 2.709918e-03
2.027351e+00 -2.146927e-02 -3.931634e-01 -2.888459e-02 3.967664e-02 -2.166602e-03 -1.368078e-03
5.981532e+00 -3.431913e-01 -2.429876e-02 3.029068e-02 3.285067e-03 -4.639769e-02 -3.001528e-03
2.693609e+00 1.153607e-01 -5.379342e-01 -1.831157e-02 3.571759e-02 7.659687e-03 1.582664e-03
7.477381e+00 3.053686e-01 -7.012163e-02 6.779965e-02 1.170186e-02 5.095974e-02 2.379586e-03
1.577294e+00 5.997121e-01 -3.945108e-01 5.063837e-03 1.829332e-02 2.780842e-02 -4.241028e-04
3.912361e+00 -3.310646e-01 -2.956904e-02 3.694088e-02 4.543827e-03 -5.087418e-02 -7.439680e-04
5.152187e+00 -3.561464e-01 5.461844e-01 -5.391662e-02 -3.132878e-02 -2.042833e-02 -2.536831e-04
1.154695e+00 -1.262086e-02 3.223023e-02 -1.888230e-03 -1.484445e-01 -5.812856e-02 -1.338974e-02
4.227385e+00 6.189153e-01 -7.791887e-01 9.731833e-02 2.307653e-02 1.832986e-02 -1.416934e-03
1.704389e+00 1.660131e-01 2.461858e-01 -1.808101e-02 -4.827375e-02 3.255296e-02 4.027361e-03
7.965293e+00 -8.357546e-02 -1.227219e-01 -2.953862e-04 5.516061e-02 -3.756522e-02 -7.270081e-04
3.176384e+00 5.774398e-01 5.313009e-01 -8.322676e-02 -2.038972e-02 2.216039e-02 2.127904e-03
2.280217e+00 2.086318e-01 1.184370e-02 -2.116267e-02 -3.125959e-03 5.506512e-02 -9.810095e-04
3.807402e+00 8.349046e-02 -8.907072e-02 2.326549e-02 6.140088e-02 5.755413e-02 -5.698195e-03
2.414164e+00 -7.768629e-02 7.236348e-01 -3.518501e-02 -3.126914e-02 -3.356919e-03 1.480144e-03
5.934220e+00 -8.717311e-04 -1.693493e-01 4.029288e-02 7.367886e-02 -3.792643e-04 3.393914e-04
9.703675e+00 3.221384e-01 4.671851e-01 9.035661e-02 -3.380852e-02 2.331201e-02 8.717456e-04
8.370171e+00 -2.520015e-01 3.896024e-01 -5.290780e-02 -3.480944e-02 -2.251534e-02 -7.983729e-04
7.709412e+00 -2.693526e-01 1.651241e-01 3.672219e-02 -2.581906e-02 -4.211640e-02 1.017195e-04
7.738365e+00 7.783710e-02 1.579871e-01 1.796534e-02 -6.536385e-02 3.220347e-02 3.314103e-04
8.076132e+00 -2.602484e-01 -9.200469e-01 -6.964668e-02 2.925886e-02 -8.276286e-03 3.061247e-03
4.105786e+00 -2.486235e-01 7.077105e-01 6.637469e-02 -3.050640e-02 -1.071711e-02 6.987535e-04
1.767285e+00 2.797723e-01 -1.618216e-01 2.360093e-02 2.618938e-02 4.527865e-02 1.223633e-03
8.643956e+00 -6.431798e-01 1.757039e-01 -8.667614e-02 -9.108114e-03 -3.334106e-02 -1.127903e-03
2.836701e+00 -9.678506e-02 2.382172e-03 2.838113e-03 -2.258909e-03 -9.177700e-02 6.053371e-03
1.462676e+00 2.259843e-01 -1.190314e-01 1.933287e-02 2.413860e-02 4.582777e-02 4.381633e-03
7.543978e+00 1.015803e-01 -5.502189e-01 5.894645e-02 3.941203e-02 7.276171e-03 2.960081e-03
4.922042e+00 -6.607471e-02 1.991164e-01 -6.740467e-03 -5.313623e-02 -1.763270e-02 -6.699836e-04
4.750866e+00 -2.448210e-01 4.741681e-02 -6.421570e-03 -1.093350e-02 -5.645154e-02 4.028895e-03
5.291751e+00 -2.527736e-01 3.805982e-01 -5.579663e-02 -3.687211e-02 -2.448854e-02 2.453298e-03
5.662733e+00 6.732654e-01 -1.916915e-01 -5.475547e-02 9.990874e-03 3.509029e-02 -1.771973e-03
9.602628e+00 5.053184e-04 -1.076915e-01 -1.056420e-02 8.399712e-02 3.941378e-04 -6.010381e-03
5.221175e+00 -7.312438e-01 -3.905696e-01 2.967995e-02 1.610905e-02 -3.016016e-02 -4.307157e-03
7.298400e+00 -2.241709e-01 6.828029e-01 -7.760125e-02 -3.120336e-02 -1.024437e-02 7.614722e-04
9.604506e+00 1.568536e-01 3.340479e-01 -4.560417e-02 -3.881742e-02 1.822689e-02 -1.608741e-03
9.882193e+00 1.157121e-02 -1.574161e-02 7.472588e-05 1.770375e-01 1.301352e-01 -1.381476e-02
7.587492e+00 -3.383088e-03 5.538606e-02 1.607992e-03 -1.345553e-01 -8.218902e-03 5.351152e-03
2.464510e+00 -9.058726e-01 -8.417833e-02 -4.938479e-02 2.394629e-03 -2.576944e-02 2.223561e-04
7.018099e+00 3.167989e-02 8.586327e-02 -5.281526e-04 -9.415782e-02 3.474022e-02 -3.893328e-04
4.940146e+00 -2.124509e-01 2.263861e-01 -2.041359e-02 -3.959587e-02 -3.715854e-02 -5.993183e-03
6.002543e+00 4.687428e-01 8.548282e-01 4.259183e-02 -2.425724e-02 1.330139e-02 2.603185e-04
8.580520e+00 5.911946e-02 -2.967784e-01 -1.376584e-03 4.566268e-02 9.096191e-03 3.956528e-04
2.796102e+00 4.685044e-01 4.350552e-01 1.347953e-02 -2.705962e-02 2.914010e-02 -5.265491e-04
1.357243e+00 1.719279e-01 -1.860265e-03 -8.007860e-03 7.149913e-04 6.608034e-02 -3.102436e-03
3.858033e+00 -8.324918e-01 1.686754e-01 -6.305237e-02 -6.492208e-03 -3.204207e-02 7.843278e-05
3.853187e+00 -2.132284e-02 -2.174248e-02 -2.728863e-03 1.036148e-01 -1.016150e-01 3.844341e-03
6.048456e+00 2.982987e-01 7.165234e-01 6.631953e-04 -2.684322e-02 1.117521e-02 -1.984182e-03
9.997729e+00 8.968414e-01 -2.829727e-01 -1.592104e-01 7.857687e-03 2.490381e-02 8.322695e-04
7.164543e+00 2.499877e-02 -6.122557e-01 2.047231e-02 3.878823e-02 1.583747e-03 -1.048224e-03
8.650046e+00 -1.585692e-01 1.697410e-01 -1.493852e-02 -4.110143e-02 -3.839626e-02 -3.130902e-03
4.861889e+00 -2.394720e-01 3.673395e-01 -4.979116e-02 -3.460891e-02 -2.256187e-02 -2.896991e-03
7.032615e+00 -2.039409e-01 -5.994086e-01 -9.556744e-02 3.515796e-02 -1.196203e-02 7.002469e-04
7.195924e+00 3.154434e-02 1.400469e-02 1.265260e-03 -6.946806e-02 1.564708e-01 -5.360248e-03
7.256454e+00 -3.164125e-01 -8.341289e-01 4.604188e-03 2.470756e-02 -9.372388e-03 -6.025153e-04
5.783397e+00 -2.441089e-01 -7.336719e-01 -2.934447e-02 2.812980e-02 -9.359408e-03 -1.440227e-03
9.312336e+00 -8.133898e-02 9.463571e-02 -3.961020e-03 -5.495329e-02 -4.723211e-02 -4.198236e-03
7.208841e+00 2.727664e-01 -3.411147e-01 -1.313584e-02 3.040583e-02 2.431349e-02 7.081931e-04
5.847791e+00 6.380558e-01 1.192522e-01 1.027622e-03 -6.419954e-03 3.434981e-02 -1.288187e-03
8.816315e+00 8.417209e-03 3.646721e-02 6.436742e-03 -1.565945e-01 3.614448e-02 1.626501e-02
4.031331e+00 -4.050827e-01 2.410511e-01 -1.413679e-02 -2.327429e-02 -3.911208e-02 8.446153e-04
3.321559e+00 -7.496538e-02 -3.677682e-01 1.586900e-02 4.480449e-02 -9.132889e-03 5.424273e-03
4.423248e+00 1.785856e-01 1.121551e-01 2.193292e-02 -3.199179e-02 5.094082e-02 -1.749256e-03
8.228735e+00 5.483689e-01 -3.309032e-01 -1.117228e-01 2.039439e-02 3.379735e-02 -4.165372e-06
8.655991e+00 4.755533e-01 4.754324e-01 6.987871e-03 -2.236921e-02 2.237490e-02 2.622320e-03
9.808219e+00 -1.611396e-01 2.265275e-01 1.039868e-02 -4.397972e-02 -3.128483e-02 2.851006e-04
6.085048e+00 -6.014887e-01 2.008191e-01 5.948225e-02 -9.828573e-03 -2.943831e-02 2.275344e-03
2.825801e+00 -9.734808e-01 1.192416e-01 1.713269e-01 -3.686119e-03 -3.009325e-02 -1.036434e-04
4.097960e+00 1.614642e-02 -5.656212e-02 5.088067e-03 1.054462e-01 3.010102e-02 -4.325948e-03
2.327790e+00 -6.597741e-01 7.985109e-02 7.179701e-02 -4.063849e-03 -3.357778e-02 -1.824413e-03
8.993680e+00 6.029386e-01 -8.202675e-03 1.266707e-01 5.026440e-04 3.694691e-02 5.755881e-04
3.817424e+00 4.868320e-02 5.966586e-01 3.794442e-02 -3.349556e-02 2.733005e-03 8.076854e-05
9.299429e+00 -6.208400e-02 -2.129640e-01 1.089268e-02 5.801220e-02 -1.691192e-02 -1.478574e-03
4.392858e+00 -3.213840e-01 4.702842e-01 1.902597e-01 -2.811143e-02 -1.921086e-02 -1.659101e-03
4.122972e+00 -5.632712e-01 -8.005361e-01 1.107609e-01 2.436626e-02 -1.714453e-02 4.706296e-04
8.137695e+00 2.153449e-01 -3.258879e-01 -1.118477e-02 3.439376e-02 2.272721e-02 -2.149869e-04
5.928655e+00 4.126415e-01 -2.468563e-01 -3.353530e-02 1.868737e-02 3.123755e-02 3.350294e-03
7.131289e+00 1.169652e-01 -2.335511e-01 4.993727e-02 4.909521e-02 2.458746e-02 -8.288822e-05
6.621541e-01 -4.101247e-01 -7.995050e-01 -1.761979e-01 2.773125e-02 -1.422539e-02 -1.195632e-03
2.028146e+00 -9.460300e-02 -1.595031e-01 2.075970e-02 6.326640e-02 -3.752399e-02 -1.594124e-03
7.704757e+00 4.700340e-01 -1.655013e-02 9.287574e-04 1.426436e-03 4.051166e-02 1.904639e-03
2.064282e+00 -5.441101e-01 -4.127036e-03 -4.736317e-02 3.003483e-04 -3.959803e-02 -8.358845e-05
3.886414e+00 -2.180937e-01 8.739992e-02 -5.369190e-03 -2.192447e-02 -5.470930e-02 -9.406556e-04
2.512224e+00 -2.438498e-01 1.398497e-01 3.719992e-02 -2.670074e-02 -4.655693e-02 2.623987e-03
8.002826e+00 -8.503228e-02 1.050210e-01 2.228229e-02 -6.482065e-02 -5.248330e-02 6.306533e-04
6.376536e+00 4.381689e-01 2.007209e-01 4.310777e-02 -1.726231e-02 3.768322e-02 5.059511e-04
2.456776e+00 -3.056531e-02 -1.620436e-01 -2.175084e-02 7.228717e-02 -1.363509e-02 -6.414603e-03
6.437235e+00 -5.079802e-01 -8.187217e-01 4.818444e-03 2.314942e-02 -1.436318e-02 2.472397e-03
6.593012e+00 4.263166e-02 5.309525e-02 6.280760e-03 -8.733460e-02 7.012340e-02 6.955740e-03
7.829938e-01 8.797326e-02 2.555674e-01 -1.336858e-02 -4.576911e-02 1.575497e-02 -1.435982e-03
6.281030e-01 -5.145322e-05 -8.660707e-01 -1.214222e-01 3.082246e-02 -1.831161e-06 -1.156309e-03
5.575779e+00 -2.450635e-01 5.503284e-01 3.293922e-02 -3.352610e-02 -1.492931e-02 1.002839e-03
9.141983e-01 2.677604e-01 -3.003704e-01 2.786799e-02 3.314434e-02 2.954598e-02 -2.581567e-03
9.815753e+00 8.453983e-01 -1.365540e-01 -3.164746e-02 4.674276e-03 2.893819e-02 -1.465365e-03
1.997072e+00 3.746772e-02 -9.315904e-01 -2.709206e-02 3.244568e-02 1.304936e-03 -1.505789e-03
7.006221e+00 3.033165e-02 -1.056588e-01 -1.471623e-02 9.015962e-02 2.588229e-02 -8.808779e-03
3.796764e+00 -1.206040e-01 -5.573693e-01 2.773102e-02 3.843636e-02 -8.316892e-03 -1.270044e-03
7.027186e+00 -4.145058e-01 -8.822527e-01 -1.663325e-01 2.709830e-02 -1.273150e-02 5.432917e-04
1.193174e+00 -3.959826e-03 -6.277167e-01 -1.279332e-01 3.125230e-02 -1.971489e-04 5.385821e-05
5.861752e+00 1.749088e-01 5.708673e-01 5.841978e-02 -3.355964e-02 1.028238e-02 6.604146e-04
5.375565e+00 -2.294600e-01 3.554816e-01 -6.619365e-02 -3.309552e-02 -2.136285e-02 3.307220e-03
5.081123e+00 1.807671e-01 2.721767e-01 3.690996e-02 -3.978705e-02 2.642471e-02 -2.094307e-03
1.069686e+00 -1.093592e-02 3.503834e-02 -2.743354e-03 -1.551004e-01 -4.840884e-02 -5.576662e-03
8.148002e+00 -2.663882e-01 9.559460e-01 -7.962684e-03 -2.877703e-02 -8.019136e-03 1.302604e-03
2.067221e+00 8.536708e-02 2.194754e-01 -1.178008e-02 -4.901110e-02 1.906334e-02 8.765388e-04
1.908685e+00 -1.262739e-01 1.119288e-01 4.100323e-02 -3.935430e-02 -4.439805e-02 -1.259765e-03
3.603314e+00 -1.889798e-01 4.484304e-01 -1.026322e-01 -3.960601e-02 -1.669096e-02 1.864807e-03
5.598503e+00 -6.637625e-01 4.801673e-01 -5.888484e-02 -2.000718e-02 -2.765707e-02 3.607829e-04
3.550674e+00 -8.374452e-01 3.269208e-01 -3.029329e-03 -9.807157e-03 -2.512216e-02 -7.581024e-04
9.294747e+00 3.312207e-01 -6.733870e-01 6.555632e-02 3.086289e-02 1.518062e-02 -3.728965e-04
6.337930e+00 4.210837e-01 -3.694515e-01 7.685153e-02 2.777323e-02 3.165464e-02 8.189913e-04
9.705911e+00 2.105675e-01 -2.699653e-01 -9.579730e-03 4.032036e-02 3.144906e-02 -8.372660e-04
8.575328e+00 9.022097e-02 3.921684e-02 -1.503336e-02 -3.814009e-02 8.774384e-02 -1.162824e-03
6.158590e+00 -7.829078e-01 -1.866972e-01 1.095827e-01 6.826423e-03 -2.862635e-02 -1.507182e-03
5.320866e+00 9.653206e-01 1.507944e-01 -6.500885e-02 -4.849600e-03 3.104504e-02 -3.013807e-03
4.475924e+00 4.736200e-02 -9.754816e-01 -2.080069e-02 2.773624e-02 1.346662e-03 -8.548852e-04
6.638873e+00 -7.648614e-01 -6.311586e-01 1.144057e-01 1.580209e-02 -1.914956e-02 2.047638e-04
6.095829e+00 3.112465e-01 8.129931e-01 -7.878194e-02 -3.159792e-02 1.209696e-02 1.479707e-03
6.094015e-01 -1.364914e-01 1.537398e-01 -2.220796e-02 -4.579640e-02 -4.065843e-02 3.823614e-03
4.047712e+00 3.608932e-01 9.073506e-01 4.579822e-02 -2.576902e-02 1.024947e-02 -7.027108e-04
5.262383e+00 7.755717e-02 -1.515393e-01 -1.054054e-02 6.010604e-02 3.076201e-02 -1.626027e-04
7.093812e+00 -7.097479e-01 3.251373e-01 -3.511467e-02 -1.272360e-02 -2.777457e-02 -1.634943e-03
2.860478e+00 7.922589e-02 5.989991e-01 1.360987e-02 -3.353404e-02 4.435339e-03 1.143969e-03
8.136807e-01 -8.062598e-01 2.331790e-01 1.675308e-02 -8.179757e-03 -2.828303e-02 -1.587052e-03
8.143772e+00 2.999751e-01 -9.297258e-01 5.770965e-02 2.561199e-02 8.263686e-03 -1.086626e-04
6.758233e+00 4.842778e-01 -1.862331e-02 1.976732e-02 1.350690e-03 3.512312e-02 -1.683395e-03
1.367828e+00 2.342257e-02 -7.960881e-02 -1.743998e-02 9.595062e-02 2.823067e-02 3.237125e-03
1.113062e+00 -9.377208e-01 8.421120e-02 3.945430e-04 -2.868624e-03 -3.194311e-02 1.782562e-04
1.698947e+00 -2.826377e-01 6.929919e-01 -9.236644e-02 -2.679433e-02 -1.092810e-02 6.264202e-04
8.598418e+00 1.591278e-01 1.419864e-01 -1.334382e-02 -4.363481e-02 4.890264e-02 -3.539079e-03
9.005871e+00 7.877510e-02 -2.867657e-01 3.611441e-02 5.029354e-02 1.381574e-02 -3.569915e-03
5.138163e+00 1.339845e-01 1.792664e-02 -2.151311e-02 -1.135678e-02 8.488106e-02 -1.081989e-03
8.718337e+00 4.804938e-01 1.862249e-01 -1.091305e-02 -1.426606e-02 3.680901e-02 3.106259e-03
4.538835e+00 2.370159e-02 1.207247e-02 -6.375905e-04 -8.655545e-02 1.699323e-01 1.266773e-03
7.785503e+00 -1.782423e-02 -1.913119e-01 1.882399e-02 6.268766e-02 -5.840514e-03 -3.199320e-03
4.432046e+00 1.240672e-01 3.032611e-02 1.384667e-03 -1.895476e-02 7.754588e-02 -9.529873e-04
8.820864e+00 2.521072e-02 3.205467e-01 -4.240874e-02 -4.709254e-02 3.703787e-03 -2.457973e-03
3.373950e+00 -7.046218e-02 -1.400894e-01 3.822490e-02 6.886602e-02 -3.463823e-02 -9.104574e-03
5.469832e+00 -4.040248e-01 2.769911e-01 -7.671413e-03 -2.577463e-02 -3.759539e-02 5.579945e-04
6.054672e-01 1.359060e-01 9.537646e-01 4.337377e-02 -3.094851e-02 4.409988e-03 -7.421685e-04
1.120141e+00 3.598134e-01 3.034282e-01 6.403762e-02 -2.889736e-02 3.426727e-02 1.107189e-03
1.674673e+00 1.796631e-01 6.506195e-01 -7.562099e-02 -2.993586e-02 8.266535e-03 1.227765e-03
1.029318e+00 -2.206269e-02 8.493373e-03 -5.404947e-04 -7.343197e-02 -1.907495e-01 1.166922e-03
5.375562e+00 -9.826802e-02 1.659791e-01 2.039119e-02 -4.941184e-02 -2.925431e-02 1.301529e-03
2.565498e+00 -1.746409e-01 2.494541e-02 -2.018895e-02 -9.767301e-03 -6.838013e-02 -1.426304e-03
3.989506e+00 -2.107384e-02 -6.707739e-02 4.720541e-03 1.101656e-01 -3.461095e-02 6.789330e-03
7.744683e+00 -1.639907e-01 -6.123515e-01 1.064061e-02 3.852448e-02 -1.031705e-02 -2.559632e-03
3.705222e+00 -9.909022e-02 5.714159e-01 -4.998157e-02 -3.489930e-02 -6.051948e-03 2.331724e-03
7.153768e+00 -5.662581e-01 -1.531393e-01 -8.771341e-02 9.055890e-03 -3.348566e-02 1.833776e-03
6.961844e+00 -2.022739e-02 9.140279e-01 1.294133e-03 -3.040486e-02 -6.728579e-04 -3.981272e-04
4.557220e+00 5.982225e-01 8.813273e-02 3.498203e-02 -5.392042e-03 3.659980e-02 6.134735e-04
3.792505e+00 8.141971e-02 1.848512e-02 -3.452587e-03 -2.356632e-02 1.038004e-01 -1.559082e-03
8.968588e+00 6.407974e-01 1.266096e-01 -2.962229e-02 -7.429819e-03 3.760384e-02 2.190066e-04
3.821707e+00 7.647858e-01 -2.734640e-01 -5.396886e-03 9.268691e-03 2.592138e-02 -3.652078e-06
9.249360e+00 7.254464e-03 -9.511922e-03 -7.583766e-04 2.015634e-01 1.537265e-01 2.345126e-02
4.283668e+00 -6.796292e-01 5.125579e-01 9.845956e-02 -1.733532e-02 -2.298587e-02 2.286975e-03
1.319614e+00 -8.986510e-01 -3.697907e-01 -1.806161e-01 1.113143e-02 -2.705118e-02 1.833147e-03
2.444309e+00 -2.620968e-01 -2.251975e-01 -1.032026e-02 2.770481e-02 -3.224433e-02 -4.822946e-04
5.308746e+00 -1.478851e-01 1.664936e-01 8.704772e-03 -4.243035e-02 -3.768802e-02 2.669274e-03
7.029606e+00 -8.399994e-01 -2.796338e-01 -4.913906e-02 9.811116e-03 -2.947187e-02 -1.427263e-03
9.925394e+00 2.609638e-02 4.542985e-02 -2.692380e-03 -1.189485e-01 6.832787e-02 -3.772904e-03
1.164804e+00 4.115147e-01 3.531635e-01 -2.801980e-02 -2.489691e-02 2.901049e-02 6.397296e-04
4.440143e+00 5.193221e-01 -4.968935e-02 1.942939e-02 3.341113e-03 3.491923e-02 -6.983854e-04
3.508903e+00 1.227312e-01 -5.287352e-01 7.092227e-02 3.511425e-02 8.150798e-03 1.856610e-04
7.752814e+00 -1.723105e-01 8.418917e-01 9.058282e-02 -2.851046e-02 -5.835253e-03 -5.835652e-04
5.625641e+00 -8.323952e-01 -1.281315e-01 -7.864506e-02 4.258378e-03 -2.766418e-02 -6.650723e-04
7.531592e+00 5.906873e-01 -5.097897e-01 -4.057301e-02 1.956629e-02 2.267123e-02 -2.048650e-03
4.278257e+00 -1.334957e-01 1.038364e-02 6.824879e-03 -6.687074e-03 -8.597135e-02 1.740546e-03
5.674393e+00 9.585463e-02 1.507884e-01 -3.808003e-03 -5.753464e-02 3.657418e-02 2.365070e-04
4.764948e+00 -2.507777e-02 -7.612852e-02 1.570402e-02 9.761065e-02 -3.215428e-02 4.538018e-03
9.346946e+00 -2.914385e-01 -3.784205e-01 -3.909136e-02 3.548568e-02 -2.732909e-02 1.331014e-03
4.811858e+00 1.545602e-02 1.066138e-02 4.087110e-03 -1.146000e-01 1.661379e-01 -1.020744e-02
8.201099e+00 1.296718e-02 -6.316360e-02 2.265754e-03 1.111052e-01 2.280936e-02 -1.105246e-03
6.067528e+00 3.656427e-01 -6.141315e-01 -1.202823e-01 3.023857e-02 1.800350e-02 1.653959e-03
2.917266e+00 2.876530e-02 6.843069e-02 6.207184e-03 -8.874747e-02 3.730559e-02 -1.224331e-03
4.484440e+00 3.444090e-01 2.369450e-01 -1.702782e-02 -2.312975e-02 3.362001e-02 -1.864232e-03
5.896047e+00 4.758735e-01 8.121905e-01 1.170618e-01 -2.309247e-02 1.353019e-02 5.688020e-04
5.964905e-01 -4.863325e-01 2.195673e-01 4.963461e-02 -1.693614e-02 -3.751285e-02 -4.399821e-04
3.220057e+00 3.682374e-01 -2.665418e-02 -2.955777e-02 3.668952e-03 5.068792e-02 -3.865369e-04
9.754443e+00 -3.297724e-01 6.065424e-01 -5.270830e-02 -3.080314e-02 -1.674743e-02 8.423900e-04
1.540903e+00 -2.141406e-01 -1.977435e-01 5.045006e-02 3.799848e-02 -4.114936e-02 1.105553e-03
5.479568e+00 6.789798e-01 -1.583788e-01 4.882268e-02 6.951595e-03 2.980193e-02 -2.768461e-04
6.303563e+00 -2.661527e-02 -6.914983e-02 -3.899074e-03 8.784967e-02 -3.381270e-02 -8.522669e-04
5.092762e+00 -2.078997e-01 -9.644700e-01 -9.621881e-02 2.926061e-02 -6.307375e-03 3.389546e-04
1.093800e+00 -2.116392e-01 8.106541e-02 -5.744170e-02 -2.198771e-02 -5.740379e-02 1.263569e-04
9.918461e+00 -8.241896e-01 -3.694917e-01 3.008809e-02 1.171172e-02 -2.612421e-02 -4.239019e-03
7.554213e+00 -3.017960e-01 8.632770e-01 -5.007055e-02 -2.854374e-02 -9.978705e-03 -1.589394e-05
8.576015e+00 2.662707e-01 -1.537295e-01 6.047140e-02 2.780364e-02 4.815792e-02 -8.582920e-04
6.672047e+00 5.880313e-02 -3.522750e-01 5.022536e-02 5.081362e-02 8.482009e-03 -2.396978e-03
1.311307e+00 1.778633e-01 -6.592515e-01 -6.747540e-03 3.361057e-02 9.067989e-03 -2.393763e-03
4.728521e+00 3.483291e-01 -9.065628e-01 8.144945e-02 2.506079e-02 9.629119e-03 -1.341919e-03
4.957333e+00 9.472119e-01 -3.159609e-02 4.588018e-02 1.024971e-03 3.072738e-02 -1.286511e-03
2.467297e+00 4.347030e-01 8.851496e-01 5.655740e-02 -2.686103e-02 1.319163e-02 -9.014682e-04
6.530034e+00 -1.252707e-01 7.429657e-02 1.535160e-02 -3.702002e-02 -6.241907e-02 2.049726e-03
1.830836e+00 -2.523494e-01 6.666383e-01 2.098100e-02 -3.460080e-02 -1.309780e-02 9.321602e-05
6.537252e+00 4.173857e-02 -6.808208e-02 -6.118478e-03 9.007684e-02 5.522274e-02 6.802878e-04
1.304290e+00 -2.058238e-01 6.100661e-02 -3.874142e-02 -1.941195e-02 -6.549193e-02 6.943453e-04
4.145778e+00 -6.481554e-01 -6.502659e-01 -8.219138e-03 2.333564e-02 -2.325990e-02 1.659163e-03
2.688952e+00 3.583964e-02 -2.010064e-02 -1.853959e-03 6.112716e-02 1.089903e-01 -8.542000e-04
6.282438e+00 -1.696053e-01 5.296473e-01 4.009367e-02 -4.029362e-02 -1.290294e-02 8.879226e-04
3.838484e+00 -3.226012e-01 4.469933e-02 -2.519691e-02 -7.461858e-03 -5.385326e-02 -7.702544e-04
2.423459e+00 2.247283e-01 5.220620e-01 3.170632e-03 -3.235806e-02 1.392894e-02 3.232843e-03
4.348490e+00 2.013786e-01 4.445277e-02 1.217680e-02 -1.311967e-02 5.943434e-02 -4.161253e-04
5.143534e+00 3.125200e-01 2.913910e-01 5.944277e-04 -2.696371e-02 2.891887e-02 1.125676e-03
7.938385e+00 -7.747865e-01 -1.995044e-01 -4.503597e-02 8.336641e-03 -3.237582e-02 -1.232328e-03
2.361028e+00 -2.093769e-02 5.380637e-02 -8.269757e-03 -1.174263e-01 -4.569412e-02 -5.728425e-03
5.092975e+00 -5.239308e-01 -2.825505e-01 -6.374776e-02 1.899597e-02 -3.522405e-02 1.459385e-03
7.693776e+00 3.140223e-01 1.100188e-01 1.608737e-02 -1.627693e-02 4.645857e-02 1.011044e-03
9.873681e+00 3.496954e-01 5.248470e-01 1.022792e-01 -3.070108e-02 2.045553e-02 -3.260453e-03
4.992327e+00 -5.718831e-02 -1.367262e-01 4.735805e-02 7.376111e-02 -3.085197e-02 -4.600275e-04
9.085408e+00 1.888091e-01 -7.372084e-02 -1.437382e-02 2.544767e-02 6.517496e-02 -4.632429e-03
8.837391e+00 -2.422637e-02 1.541773e-01 -1.509948e-02 -6.281238e-02 -9.869908e-03 4.489171e-03
7.688432e+00 8.326007e-01 -2.099296e-02 -1.577020e-02 7.019197e-04 2.783881e-02 -1.795376e-03
7.858212e+00 -7.926503e-01 3.273126e-01 -9.042864e-02 -1.199457e-02 -2.904715e-02 -2.240230e-03
4.168576e+00 -3.581941e-01 4.737177e-01 8.263329e-02 -2.970101e-02 -2.245795e-02 2.262803e-03
6.849084e+00 -7.877701e-01 4.616968e-01 -1.875357e-01 -1.393009e-02 -2.376821e-02 4.344485e-04
5.824901e+00 4.291384e-01 4.133371e-01 -3.189391e-02 -2.423959e-02 2.516624e-02 -4.705750e-03
7.714141e+00 1.895422e-01 -3.139018e-01 -3.486724e-02 4.226115e-02 2.551840e-02 -2.696562e-03
3.113284e+00 -2.328954e-01 4.961887e-02 7.038321e-02 -1.287888e-02 -6.044944e-02 -4.393577e-03
3.359126e+00 9.891674e-01 1.196997e-01 6.484647e-02 -3.051061e-03 2.521318e-02 -3.084261e-03
4.277179e+00 2.953232e-01 3.186672e-01 -7.833408e-03 -3.216498e-02 2.980873e-02 -3.109087e-04
3.352050e+00 -5.951152e-01 1.368986e-01 -6.194247e-02 -7.116853e-03 -3.093785e-02 -2.801504e-04
9.959571e+00 -3.210120e-01 8.426885e-01 6.082687e-02 -3.111282e-02 -1.185205e-02 -4.675299e-04
1.832321e+00 2.259411e-01 1.712717e-01 1.362359e-03 -3.277327e-02 4.323441e-02 -7.292163e-03
7.920116e+00 -5.044638e-01 -9.233267e-02 -4.221299e-02 6.584010e-03 -3.597204e-02 -6.153459e-04
8.762610e+00 2.791769e-02 -1.272712e-01 -3.940219e-03 6.747464e-02 1.480097e-02 1.208469e-03
2.843291e+00 -4.432739e-01 3.802158e-01 -8.781134e-03 -2.168248e-02 -2.527847e-02 -1.401913e-03
2.288157e+00 5.393338e-01 -1.119519e-01 -4.892936e-02 7.807586e-03 3.761344e-02 9.350025e-04
2.003377e+00 3.589679e-01 7.302929e-01 4.786654e-02 -3.162069e-02 1.554282e-02 5.803659e-04
1.182672e+00 -3.438256e-02 2.235651e-01 3.420338e-03 -5.825342e-02 -8.958919e-03 -1.073936e-05
6.324710e+00 -2.279034e-02 -5.874174e-02 2.403716e-03 9.334688e-02 -3.621628e-02 -8.273603e-03
3.162635e+00 4.925829e-02 -5.729361e-02 -3.051630e-03 7.070060e-02 6.078499e-02 -2.398552e-03
7.133098e+00 -7.689793e-02 3.370927e-02 3.489287e-03 -3.993167e-02 -9.109252e-02 -5.240267e-03
5.928427e+00 2.032186e-01 1.701968e-01 9.121011e-03 -3.684871e-02 4.399812e-02 -1.692579e-03
7.788142e+00 7.657104e-01 -3.635891e-01 -6.840561e-02 1.415375e-02 2.980749e-02 -1.396775e-03
9.888321e+00 5.592320e-01 7.594573e-02 5.307468e-02 -5.570655e-03 4.101993e-02 -2.206220e-03
6.897190e+00 2.156570e-01 4.973789e-01 1.351743e-01 -3.487197e-02 1.512003e-02 -2.149796e-03
3.681466e+00 5.978725e-01 -6.284723e-01 -6.989603e-02 2.187691e-02 2.081175e-02 -2.141055e-03
3.973892e+00 -3.905568e-01 2.592700e-02 2.925576e-02 -2.747569e-03 -4.138858e-02 3.848019e-03
2.249851e+00 5.673491e-01 4.876868e-01 1.015916e-01 -2.102687e-02 2.446155e-02 7.892976e-05
4.183036e+00 -2.806097e-01 -1.517673e-01 -1.816057e-02 2.100592e-02 -3.883882e-02 -2.672837e-03
9.380235e+00 -5.453346e-01 4.587846e-01 -2.243430e-02 -1.901582e-02 -2.260317e-02 -4.053438e-04
9.711890e+00 9.516240e-01 1.718165e-01 8.692627e-02 -5.457042e-03 3.022440e-02 -2.036356e-03
6.081644e+00 -8.084154e-02 5.574636e-01 3.056798e-02 -3.243989e-02 -4.704326e-03 1.218637e-03
2.467581e+00 -5.462650e-01 -6.843282e-01 1.346876e-01 2.447027e-02 -1.953339e-02 -1.269846e-03
5.282366e+00 -1.529877e-01 -1.415563e-02 3.824816e-03 6.091626e-03 -6.583554e-02 -2.893535e-04
8.483038e+00 1.347209e-01 -3.124545e-02 -9.890839e-03 1.723993e-02 7.433331e-02 -9.827414e-04
4.885548e+00 2.392314e-02 6.785986e-02 -3.506539e-03 -9.242839e-02 3.258446e-02 -5.622694e-04
2.158264e+00 -4.108658e-01 3.810843e-01 5.769576e-02 -2.873528e-02 -3.098092e-02 -1.515727e-03
9.815810e+00 6.612719e-01 -3.104588e-01 1.658548e-01 1.375608e-02 2.930021e-02 -9.380086e-04
2.871098e+00 -9.659088e-02 7.009966e-01 -3.961994e-02 -3.232132e-02 -4.453580e-03 -1.739267e-03
4.112616e+00 3.833303e-01 6.378556e-01 -1.080231e-01 -2.998979e-02 1.802288e-02 1.760747e-03
8.265504e+00 -7.520057e-01 4.663446e-01 3.246075e-02 -1.696064e-02 -2.734994e-02 -2.080263e-04
5.056169e+00 3.221323e-01 5.668481e-01 -3.861632e-02 -2.884419e-02 1.639178e-02 -2.090076e-04
1.632432e+00 6.707669e-01 -2.379452e-01 1.703330e-02 1.113387e-02 3.138635e-02 -2.586712e-03
4.842698e+00 -1.847005e-01 -1.218664e-01 -9.021470e-03 3.413743e-02 -5.173863e-02 1.883528e-03
9.308167e+00 3.762616e-02 4.963263e-01 -8.605375e-03 -3.583847e-02 2.716890e-03 -1.628846e-04
1.439868e+00 1.567775e-01 -2.871221e-01 3.017643e-02 3.835588e-02 2.094349e-02 1.342498e-03
7.843955e+00 2.190229e-01 -6.041750e-01 1.283702e-01 3.653319e-02 1.324386e-02 1.312937e-03
6.090765e+00 2.122197e-01 -1.226720e-01 2.523121e-02 3.012811e-02 5.212093e-02 3.003113e-03
2.660671e+00 2.706415e-01 -3.453014e-01 -2.331723e-02 2.931763e-02 2.297867e-02 3.132588e-04
2.142586e+00 5.295458e-01 -5.733141e-01 2.838367e-03 2.234894e-02 2.064277e-02 -5.934582e-04
7.450554e+00 -1.636455e-01 1.398698e-01 1.687219e-02 -4.433407e-02 -5.187019e-02 -8.659997e-03
4.008351e+00 3.096192e-02 -4.135041e-01 2.588900e-02 4.907844e-02 3.674844e-03 -1.858389e-03
7.319162e+00 7.026053e-01 -4.717567e-01 3.898485e-02 1.713981e-02 2.552698e-02 4.437292e-04
7.655823e+00 -1.365132e-01 -1.319374e-01 -5.697357e-03 4.745060e-02 -4.909624e-02 3.697934e-03
9.629219e-01 2.028308e-01 6.943292e-01 -1.074140e-01 -3.063612e-02 8.949570e-03 3.109866e-04
9.004455e+00 -4.432766e-01 -5.131242e-01 -2.654606e-02 2.272122e-02 -1.962835e-02 4.596619e-05
3.329723e+00 -6.624212e-02 -3.346623e-01 -3.125231e-02 5.144286e-02 -1.018246e-02 -1.185658e-03
6.383782e+00 3.020990e-02 -1.088018e-02 3.189970e-03 5.556675e-02 1.542866e-01 -1.156037e-02
1.344917e+00 -5.713897e-01 8.116945e-01 1.648794e-01 -2.408479e-02 -1.695441e-02 -1.397878e-05
7.023235e-01 -8.443894e-01 -3.303753e-01 1.246801e-01 9.966880e-03 -2.547384e-02 1.078553e-03
9.347277e+00 -7.349232e-01 -4.057138e-01 6.220742e-02 1.550005e-02 -2.807730e-02 -2.258682e-03
8.923394e+00 5.877086e-01 -6.910254e-01 -1.954389e-01 2.337999e-02 1.988439e-02 1.127935e-03
5.786248e+00 5.399311e-01 -5.547133e-01 7.449334e-02 2.585354e-02 2.516458e-02 3.573811e-03
8.216063e+00 3.212014e-01 6.628375e-01 -1.559561e-01 -3.039791e-02 1.473039e-02 -3.414946e-04
1.920440e+00 -8.384745e-01 -9.707769e-02 1.733118e-01 3.741706e-03 -3.231768e-02 2.420405e-03
3.527491e+00 1.320433e-01 3.813490e-02 -1.554393e-02 -2.298451e-02 7.958459e-02 4.669426e-03
8.950642e+00 -3.047183e-01 6.031157e-02 2.886363e-02 -8.969091e-03 -4.531545e-02 3.654737e-03
2.808222e+00 8.101359e-01 -1.802723e-01 -1.066559e-01 6.975690e-03 3.134845e-02 1.633179e-04
6.111098e+00 -1.663884e-01 9.328774e-01 -1.857042e-01 -2.532712e-02 -4.517355e-03 5.313088e-04
6.850774e+00 -2.399527e-01 -3.148304e-01 -5.939796e-03 3.842961e-02 -2.928971e-02 2.461448e-03
3.047677e+00 -1.268888e-01 3.369822e-01 -2.228874e-02 -3.878337e-02 -1.460367e-02 5.996692e-04
4.774040e+00 3.311837e-01 2.316327e-01 5.008643e-02 -2.797295e-02 3.999516e-02 -8.322402e-04
7.944589e+00 4.207860e-01 -1.300382e-01 -3.788569e-02 1.409180e-02 4.559915e-02 -1.052554e-04
7.058227e+00 -5.132923e-02 2.849728e-01 -1.485378e-02 -5.800603e-02 -1.044803e-02 6.342903e-04
3.673785e+00 -2.033901e-01 1.134342e-01 -2.347138e-02 -2.943148e-02 -5.277132e-02 1.625430e-03
5.351498e+00 7.844362e-01 1.765932e-01 -9.368629e-02 -7.543672e-03 3.350939e-02 -3.285721e-03
5.270661e+00 -5.324248e-01 7.135320e-01 3.815761e-02 -2.605693e-02 -1.944321e-02 3.638842e-03
9.156992e+00 -1.058089e-01 -4.705757e-01 -3.007589e-02 3.687464e-02 -8.291260e-03 -1.300608e-03
8.165688e+00 3.704645e-02 1.578627e-01 6.773199e-03 -6.506981e-02 1.527027e-02 -5.596854e-04
8.141194e+00 -8.189101e-01 -7.914740e-02 -5.619882e-02 3.239803e-03 -3.352110e-02 -1.105061e-03
4.391012e+00 -4.890863e-01 1.016027e-01 -1.078996e-02 -7.099061e-03 -3.417286e-02 7.565698e-04
1.511879e+00 5.513386e-01 -3.513860e-01 6.189433e-02 1.697979e-02 2.664197e-02 -2.625568e-03
9.007511e+00 -9.504838e-01 -1.238357e-01 -4.930189e-02 3.268283e-03 -2.508526e-02 -5.837100e-04
8.749886e+00 -5.169078e-02 7.617619e-01 -5.234813e-02 -2.963647e-02 -2.011038e-03 -3.770599e-04
6.663555e+00 8.548717e-03 1.618340e-02 2.928791e-03 -1.713367e-01 9.050686e-02 3.192721e-03
4.363622e+00 1.365068e-03 -2.939226e-02 -1.510966e-03 1.644327e-01 7.636764e-03 -6.888070e-03
7.398365e+00 4.363833e-01 1.691266e-01 -3.579246e-02 -1.651148e-02 4.260321e-02 5.385965e-03
1.371066e+00 -9.021488e-02 -5.662611e-02 6.869987e-03 4.688170e-02 -7.469041e-02 -6.195396e-05
3.311121e+00 -3.557975e-01 6.039137e-01 1.109330e-02 -2.603473e-02 -1.533844e-02 -2.077593e-03
4.239876e+00 3.873742e-03 9.770874e-02 7.139515e-03 -9.411133e-02 3.731119e-03 -2.991877e-03
7.358586e+00 3.826205e-02 -4.752757e-01 -7.398591e-02 4.276372e-02 3.442691e-03 -9.632653e-05
3.515486e+00 -2.712833e-01 -5.019463e-01 -3.547717e-02 3.534654e-02 -1.910349e-02 -3.075492e-04
7.379117e+00 2.920257e-01 -7.950028e-01 -1.666905e-02 3.195027e-02 1.173619e-02 7.948834e-04
4.767240e+00 4.390603e-01 -5.547302e-01 -2.907666e-02 2.593984e-02 2.053098e-02 2.189211e-04
4.116025e+00 -1.885506e-01 -1.453480e-01 -1.077405e-02 3.728557e-02 -4.836815e-02 1.361428e-03
5.895877e-01 4.149066e-02 3.116453e-01 -4.129933e-02 -5.403074e-02 7.193342e-03 -2.261559e-03
8.856331e+00 9.071246e-02 9.842526e-02 -8.367775e-03 -5.212329e-02 4.803880e-02 -3.382194e-03
3.287240e+00 5.081935e-01 -4.036695e-01 1.886938e-03 2.137946e-02 2.691534e-02 3.165108e-04
4.415759e+00 -6.312294e-01 6.484898e-01 4.030842e-02 -1.912258e-02 -1.861361e-02 9.978873e-04
9.730265e+00 -9.904372e-02 4.383314e-01 -1.601636e-02 -3.997035e-02 -9.031552e-03 1.392704e-03
2.137338e+00 8.708882e-01 -3.813592e-01 1.122979e-02 1.299615e-02 2.967856e-02 -1.512116e-03
9.514868e-01 -7.018736e-02 2.699191e-01 1.882288e-03 -5.078379e-02 -1.320537e-02 -3.150909e-03
9.045672e+00 -1.561160e-02 -7.512441e-03 3.018715e-04 8.427864e-02 -1.751394e-01 -6.027575e-03
8.129439e+00 5.216739e-01 -5.911366e-02 2.231827e-02 4.621815e-03 4.078720e-02 -6.401275e-04
4.281254e+00 2.210625e-01 3.774336e-01 2.199232e-03 -4.133963e-02 2.421258e-02 -1.771334e-03
6.194865e+00 4.970468e-01 -3.340146e-01 2.936567e-02 1.946251e-02 2.896215e-02 -7.396018e-04
9.687733e+00 -1.846389e-01 2.071900e-01 -4.201948e-02 -4.388718e-02 -3.911037e-02 1.521954e-03
3.910938e+00 2.641753e-01 4.525223e-01 -4.810320e-02 -3.756858e-02 2.193194e-02 -6.156348e-04
1.655824e+00 -2.037096e-01 -2.946674e-01 4.514134e-02 3.616305e-02 -2.500026e-02 1.224368e-03
5.927354e+00 -9.333288e-01 1.771620e-01 -1.047711e-01 -4.788000e-03 -2.522425e-02 -1.015216e-03
1.387200e+00 -2.110665e-01 7.526481e-02 -3.337575e-02 -1.813963e-02 -5.086929e-02 6.081619e-03
1.881274e+00 -6.890885e-03 -4.710610e-02 2.979341e-03 1.398151e-01 -2.045276e-02 9.042988e-03
6.868696e+00 -4.862915e-01 -4.915741e-01 -3.003666e-02 2.139460e-02 -2.116469e-02 -6.644928e-04
6.455292e+00 5.593632e-01 -4.003427e-01 -1.699363e-01 1.866469e-02 2.607850e-02 -1.606606e-03
3.191814e+00 6.845402e-01 4.726031e-01 1.184921e-01 -1.908226e-02 2.763963e-02 1.752343e-03
7.648514e+00 -3.222080e-01 -3.941600e-01 4.231567e-02 2.725837e-02 -2.228249e-02 -2.557819e-03
1.125698e+00 -1.185582e-02 -1.348551e-02 6.782713e-04 1.570236e-01 -1.380477e-01 -2.656829e-03
1.131974e+00 7.755776e-01 3.456508e-01 -5.134423e-02 -1.313413e-02 2.947060e-02 1.911220e-05
2.470817e+00 1.463423e-01 3.374843e-01 -2.803603e-02 -4.127999e-02 1.790012e-02 -1.477816e-03
5.913351e+00 -3.317604e-01 2.692100e-02 -3.325931e-02 -4.355071e-03 -5.366964e-02 1.445420e-04
5.719707e+00 -6.416061e-01 5.829492e-01 1.578504e-02 -2.181365e-02 -2.400856e-02 -1.242875e-03
9.670225e+00 4.865103e-01 1.240821e-01 -2.146475e-03 -9.862193e-03 3.866842e-02 6.209849e-04
9.961407e+00 2.577692e-01 1.065250e-02 -5.807067e-03 -2.486005e-03 6.015634e-02 -3.609603e-03
6.811076e+00 1.206995e-01 -4.258157e-01 -3.717376e-02 4.409530e-02 1.249903e-02 1.058800e-03
2.505100e+00 5.090005e-01 3.325843e-01 -1.022380e-02 -1.737464e-02 2.659086e-02 2.130507e-03
6.433863e+00 -2.068873e-01 -8.287824e-01 -8.133326e-02 2.982562e-02 -7.445311e-03 1.174431e-03
4.858940e+00 5.796568e-01 5.164212e-01 -5.468663e-02 -2.063101e-02 2.315727e-02 1.634788e-04
5.084628e-01 1.431815e-01 2.163514e-01 3.232620e-02 -4.378436e-02 2.897653e-02 -1.284162e-03
2.843628e+00 4.846477e-01 -4.738385e-01 5.560267e-02 2.342753e-02 2.396195e-02 8.762857e-04
6.987365e-01 6.656850e-01 -2.268152e-01 -2.115892e-02 1.063272e-02 3.120621e-02 -2.469653e-03
9.606764e+00 6.682915e-01 -6.904975e-01 -1.520527e-01 2.237065e-02 2.165123e-02 6.913240e-04
4.430238e+00 -2.233253e-01 3.472613e-02 2.585007e-02 -9.889951e-03 -6.360272e-02 -2.727291e-03
8.941358e+00 4.334174e-01 -2.923574e-01 -7.650739e-02 2.387850e-02 3.539968e-02 3.047305e-03
1.849396e+00 1.751252e-01 -2.520070e-01 2.411426e-02 4.298044e-02 2.986804e-02 -2.238660e-03
7.745249e+00 8.407469e-02 1.735105e-01 4.554888e-02 -5.398327e-02 2.615765e-02 -2.313392e-04
7.977473e+00 1.213640e-01 4.576914e-01 -5.713552e-03 -3.934908e-02 1.043402e-02 2.473607e-03
6.079637e+00 -4.087541e-01 3.105158e-02 3.952464e-02 -3.571055e-03 -4.700833e-02 -2.342027e-03
1.002416e+00 -3.272000e-01 -2.080222e-01 2.193230e-02 2.161300e-02 -3.399529e-02 1.165936e-03
7.032181e+00 -6.369346e-02 -2.058036e-02 3.291669e-03 3.338964e-02 -1.033365e-01 3.459502e-03
1.691976e+00 -1.112498e-02 -1.985680e-02 3.192591e-03 1.781160e-01 -9.979143e-02 2.052641e-04
5.338349e+00 9.405356e-03 -8.419956e-02 1.865066e-03 8.576459e-02 9.580174e-03 1.872088e-04
4.954586e+00 -1.292139e-01 -6.822460e-01 -5.980506e-02 3.587895e-02 -6.795290e-03 1.457852e-06
4.158966e+00 -2.011880e-02 -4.780419e-02 6.425631e-03 1.202610e-01 -5.061286e-02 -2.005358e-04
2.428913e+00 -1.564861e-01 -5.333083e-03 -1.144610e-02 2.268739e-03 -6.657054e-02 -2.658066e-04
9.873976e+00 -3.972230e-01 2.465657e-01 9.349008e-03 -2.379726e-02 -3.833795e-02 6.034724e-03
3.568507e+00 -6.300142e-01 -2.155997e-01 -7.477308e-02 1.028889e-02 -3.006566e-02 2.743577e-04
4.506867e+00 1.702324e-01 8.630409e-01 1.504817e-02 -2.615133e-02 5.158277e-03 -1.722566e-03
7.289596e+00 -5.456877e-01 3.701053e-01 -5.090925e-02 -1.812732e-02 -2.672715e-02 3.300910e-04
8.179883e+00 5.616592e-01 2.815437e-01 1.938216e-02 -1.661557e-02 3.314685e-02 -8.649048e-04
1.519323e+00 -6.597691e-03 -1.235268e-01 1.704691e-02 6.924817e-02 -3.698614e-03 -2.186350e-03
3.489930e+00 3.023919e-01 4.521075e-01 -6.769007e-02 -2.957898e-02 1.978389e-02 2.184442e-04
6.617200e+00 -2.370186e-01 1.649390e-01 -3.184535e-02 -2.972727e-02 -4.271830e-02 -2.058950e-03
7.804212e+00 6.734960e-03 -7.799154e-03 9.072887e-04 1.853452e-01 1.600549e-01 -1.958274e-02
7.243108e+00 3.430659e-01 -1.856572e-01 -7.560215e-04 1.874398e-02 3.463598e-02 1.903405e-03
4.263295e+00 -1.934962e-01 7.411635e-01 7.709323e-03 -3.023951e-02 -7.894655e-03 6.110908e-04
1.135303e+00 -3.178003e-01 -3.553700e-01 2.228240e-02 3.305154e-02 -2.955733e-02 7.962101e-04
7.262158e+00 6.985395e-01 -2.232593e-01 2.053031e-02 9.300190e-03 2.909867e-02 4.023958e-04
4.412446e+00 1.812755e-01 2.038533e-01 2.954287e-02 -4.066049e-02 3.615713e-02 1.595278e-03
7.480402e+00 2.951982e-01 2.008977e-01 -4.458132e-02 -2.446030e-02 3.594186e-02 -8.169623e-04
3.800053e+00 2.688014e-01 -6.518236e-01 2.871078e-02 3.061094e-02 1.262345e-02 -2.225944e-03
5.241677e+00 -8.787925e-01 3.802224e-01 -4.901029e-02 -1.165410e-02 -2.693566e-02 9.818751e-05
6.305410e+00 5.251706e-01 -6.228049e-01 8.351172e-02 2.133398e-02 1.798955e-02 -2.780804e-03
4.856682e+00 7.706916e-01 -2.881184e-01 -1.167907e-01 1.101381e-02 2.946097e-02 3.481853e-04
8.752019e+00 -7.602404e-01 2.783343e-01 1.149103e-01 -1.100100e-02 -3.004805e-02 2.774758e-03
6.577146e+00 2.446601e-02 2.701274e-01 2.422443e-02 -5.973580e-02 5.410397e-03 1.956827e-03
7.908983e+00 7.067126e-01 -2.387532e-01 -3.345647e-02 9.412507e-03 2.786115e-02 1.740184e-03
5.120519e+00 7.050699e-01 -2.250959e-01 -1.121681e-02 1.015279e-02 3.180167e-02 3.958067e-05
9.786502e+00 7.802353e-01 -2.495101e-01 -8.877537e-04 9.265936e-03 2.897522e-02 -5.260071e-04
7.965578e+00 -1.866127e-01 1.312116e-01 9.150945e-03 -3.305091e-02 -4.700591e-02 5.696029e-04
1.585018e+00 -1.821849e-01 -4.745000e-02 1.114650e-02 1.563751e-02 -6.004043e-02 2.345483e-03
7.043604e+00 -5.348227e-01 -3.211004e-01 -1.181090e-01 1.832639e-02 -3.052432e-02 -1.292388e-03
8.601219e+00 4.314982e-01 -4.005797e-01 -3.471215e-02 2.561954e-02 2.759697e-02 4.075955e-03
3.841419e+00 5.475233e-01 3.428396e-01 -1.512380e-02 -1.811706e-02 2.893338e-02 -5.395632e-04
3.648817e+00 -4.041961e-01 4.385281e-01 -5.821593e-02 -2.503559e-02 -2.307558e-02 1.172725e-04
5.851283e+00 -7.050146e-01 4.260594e-01 7.994021e-02 -1.620946e-02 -2.682233e-02 -7.075512e-04
9.605728e+00 1.525080e-01 3.344263e-01 -6.772012e-04 -3.814100e-02 1.739339e-02 -1.961506e-03
2.549802e+00 1.205703e-01 1.264087e-01 -1.139460e-02 -4.943198e-02 4.714889e-02 -1.104839e-03
5.304913e+00 1.909417e-01 -1.967880e-02 -4.114764e-02 7.314108e-03 7.096813e-02 -7.614194e-03
5.564297e+00 -4.348777e-01 4.514342e-02 -2.297473e-02 -4.536524e-03 -4.370146e-02 1.071694e-03
8.961526e+00 1.848644e-01 -7.368862e-01 5.962730e-02 2.922558e-02 7.331890e-03 -1.422495e-04
7.834783e+00 2.617940e-02 8.768419e-03 -3.650894e-03 -5.586421e-02 1.667908e-01 -5.679715e-03
8.647869e+00 -1.137692e-01 -1.008643e-01 3.805466e-02 5.188145e-02 -5.851933e-02 7.091524e-03
8.476497e+00 3.423711e-01 4.485718e-01 3.196199e-02 -3.170293e-02 2.419717e-02 -4.195485e-04
5.493874e+00 4.318377e-02 -1.010145e-01 -8.901331e-03 7.889287e-02 3.372676e-02 3.797168e-03
6.075490e+00 -6.505356e-01 5.087551e-01 -3.913431e-02 -2.017592e-02 -2.579857e-02 -5.729494e-04
8.430615e+00 -4.914980e-01 2.358237e-01 -1.157540e-02 -1.755331e-02 -3.658417e-02 -3.231827e-03
7.977517e+00 -2.841189e-01 9.484292e-01 -4.433533e-02 -2.687457e-02 -8.050757e-03 8.762095e-04
3.959625e+00 5.956512e-01 -6.671475e-01 1.845339e-02 2.414635e-02 2.155866e-02 1.082233e-03
1.466471e+00 -3.590119e-01 -1.138334e-01 3.410210e-02 1.541893e-02 -4.862879e-02 1.434631e-03
7.078726e+00 4.294937e-01 -5.636299e-01 -1.526262e-02 2.741969e-02 2.089418e-02 -1.780141e-04
6.654860e+00 -4.481589e-01 6.256210e-01 4.675948e-02 -2.719709e-02 -1.948243e-02 8.462950e-04
5.448641e+00 5.133373e-01 -1.062836e-01 7.165317e-02 7.408074e-03 3.578014e-02 2.659668e-03
6.841594e+00 -2.847980e-01 8.863445e-01 -3.335108e-03 -2.684174e-02 -8.624720e-03 -4.427316e-04
2.110285e+00 6.563107e-01 1.726449e-01 -1.163637e-02 -8.917789e-03 3.390104e-02 -2.403767e-04
5.679954e+00 -2.324668e-02 -5.422086e-01 2.951610e-02 3.820508e-02 -1.638007e-03 -1.955605e-03
6.457081e+00 -2.714179e-01 1.017308e-01 -7.280734e-02 -2.014625e-02 -5.375022e-02 -9.330934e-04
5.578621e+00 -1.037001e-01 2.033774e-01 1.216562e-02 -5.479418e-02 -2.793902e-02 2.225288e-03
7.752775e+00 6.983092e-01 6.036262e-01 9.986643e-02 -1.741273e-02 2.014404e-02 -2.604811e-03
1.509988e+00 -1.947460e-01 1.993696e-01 2.277635e-03 -3.859770e-02 -3.770257e-02 7.190746e-06
8.194172e+00 1.097913e-01 -1.182347e-01 4.736784e-03 4.518048e-02 4.195405e-02 -2.415564e-03
3.930730e+00 -1.645088e-01 -1.162241e-01 2.786867e-02 3.955014e-02 -5.598104e-02 -1.459842e-03
7.044812e+00 -7.019527e-01 7.433677e-02 3.674832e-03 -3.379316e-03 -3.191045e-02 -7.041888e-04
