2.124009e+09 0.000000e+00 0.000000e+00 0.000000e+00 0.000000e+00 0.000000e+00 0.000000e+00
3.723320e+00 2.580657e-01 -1.191004e-01 2.186090e-02 1.690660e-02 3.663308e-02 -1.792146e-03
6.879539e+00 -2.001109e-01 -9.378002e-02 -1.816130e-02 1.641051e-02 -3.501729e-02 4.232980e-03
2.303604e+00 -4.520966e-02 1.479209e-01 1.051112e-02 -5.595650e-02 -1.710222e-02 -1.491934e-03
8.991360e+00 -3.793612e-01 2.624628e-02 1.734920e-03 -2.521967e-03 -3.645227e-02 5.587688e-04
9.196400e+00 -6.055690e-01 1.137825e-01 1.207648e-02 -4.559453e-03 -2.426614e-02 4.439278e-04
2.140943e+00 5.601250e-01 -3.726529e-01 -9.724065e-02 1.494722e-02 2.246679e-02 1.618896e-03
6.242727e+00 1.362052e-01 3.338729e-02 -1.637680e-02 -1.470895e-02 6.000595e-02 -3.725028e-03
7.852732e+00 -2.864499e-01 1.358486e-01 2.806998e-03 -1.683597e-02 -3.550029e-02 -1.236817e-03
1.788688e+00 3.970817e-01 -4.009363e-01 6.084508e-02 1.940732e-02 1.922074e-02 -3.467462e-04
4.424279e+00 -3.786098e-01 -8.432270e-02 -2.989474e-02 6.432414e-03 -2.888161e-02 4.297952e-05
6.943758e+00 8.268904e-02 -3.863287e-01 -9.473398e-03 3.371967e-02 7.217293e-03 -1.392333e-04
8.506533e+00 -5.189790e-02 -1.934197e-01 1.569285e-02 4.238195e-02 -1.137182e-02 -3.229461e-03
2.748942e+00 -3.362696e-02 -1.016329e-02 1.315886e-03 2.873050e-02 -9.505970e-02 4.339684e-04
1.764131e+00 1.002401e-02 1.852214e-02 -1.385541e-03 -1.435522e-01 7.768907e-02 1.007812e-02
4.439451e+00 1.654288e-01 1.837428e-01 -1.183330e-02 -3.383608e-02 3.046356e-02 1.787653e-03
1.807388e+00 1.358811e-01 -8.269620e-01 2.553319e-02 2.499782e-02 4.107481e-03 -6.235607e-04
2.088356e+00 -3.800885e-01 8.752520e-01 4.528957e-02 -2.106391e-02 -9.147251e-03 -2.275851e-03
3.134691e+00 -1.203869e-01 1.388133e-01 2.413507e-02 -3.604185e-02 -3.125757e-02 -2.754924e-03
5.093755e+00 -3.914523e-02 -1.617954e-01 1.247207e-02 4.335993e-02 -1.049062e-02 2.064149e-03
8.322897e+00 2.742003e-01 -8.327827e-01 8.939768e-02 2.172052e-02 7.151652e-03 -1.251615e-03
8.773641e-01 5.866314e-01 -6.828209e-01 -5.217387e-02 1.552786e-02 1.334044e-02 5.492492e-04
3.612472e+00 5.469756e-01 2.356133e-01 1.151254e-03 -9.471754e-03 2.198865e-02 -1.504715e-03
1.628996e+00 -3.651480e-02 7.145943e-01 9.945830e-02 -2.323912e-02 -1.187488e-03 1.247333e-03
8.212517e+00 3.735888e-01 3.919610e-02 1.228208e-02 -3.362765e-03 3.205145e-02 4.718786e-04
7.387122e+00 1.164859e-01 2.684870e-01 -1.921597e-02 -3.803578e-02 1.650222e-02 4.657391e-05
6.800057e+00 1.313953e-01 -6.590343e-01 6.883283e-02 2.281404e-02 4.548559e-03 1.052833e-03
7.283465e+00 1.562008e-01 2.524207e-01 -1.035856e-02 -3.062519e-02 1.895122e-02 -7.151360e-05
7.521095e+00 1.483417e-01 -7.375340e-01 -4.312925e-02 2.142827e-02 4.309912e-03 -2.334724e-04
1.280199e+00 5.427040e-01 1.797185e-02 5.843840e-02 -8.973785e-04 2.709854e-02 6.479611e-04
4.522772e+00 7.570753e-01 4.497802e-01 -1.641512e-01 -1.141947e-02 1.922138e-02 -5.494601e-04
2.314871e+00 -2.345341e-01 -1.463208e-02 -1.089265e-03 2.876142e-03 -4.610098e-02 2.877233e-03
6.355423e+00 -7.320929e-01 3.394443e-01 2.871603e-02 -9.924530e-03 -2.140463e-02 -3.390523e-04
2.255871e+00 1.629022e-01 -4.021606e-01 -5.322529e-03 3.305274e-02 1.338859e-02 -3.986690e-03
1.618217e+00 -4.808032e-02 9.255043e-02 1.356921e-02 -6.481917e-02 -3.367382e-02 -1.322622e-02
8.537110e+00 1.260164e-01 -9.089589e-01 -2.793322e-02 2.420793e-02 3.356143e-03 -7.651293e-04
3.358920e+00 -5.533743e-01 -8.237672e-01 1.024337e-01 1.881630e-02 -1.264005e-02 1.800555e-03
2.909795e+00 -5.984182e-01 1.963923e-01 -1.330971e-01 -8.544652e-03 -2.603603e-02 -1.238404e-03
1.107057e+00 5.502959e-01 -2.433604e-01 4.631493e-02 1.042024e-02 2.356265e-02 -6.395063e-04
8.939734e+00 2.505167e-01 1.280951e-01 -8.609738e-04 -1.758496e-02 3.439106e-02 3.020854e-03
8.767498e+00 -8.531531e-02 -7.679846e-03 -3.017921e-03 5.829516e-03 -6.476002e-02 2.599060e-03
1.434556e+00 8.893048e-03 -5.090412e-01 2.382469e-02 2.799425e-02 4.890650e-04 1.797770e-04
1.059861e+00 1.417113e-01 5.252305e-01 -1.464585e-02 -2.392390e-02 6.454856e-03 -3.018038e-04
3.686950e+00 -1.651825e-01 -8.807272e-01 2.352177e-03 2.349670e-02 -4.406863e-03 1.656815e-04
7.549406e+00 1.080557e-02 1.370897e-01 6.674931e-03 -5.091597e-02 4.013256e-03 1.619515e-03
3.309924e+00 1.186475e-01 2.896848e-01 -1.857436e-02 -3.896063e-02 1.595727e-02 1.333023e-03
2.058024e+00 1.193199e-01 4.820922e-02 -9.278870e-03 -2.202489e-02 5.451256e-02 -9.805292e-05
9.784538e+00 -5.969805e-01 2.035864e-01 -8.141339e-03 -7.936221e-03 -2.327154e-02 1.942904e-03
9.909003e-01 -4.056312e-01 4.865093e-01 -7.838010e-02 -1.819810e-02 -1.517282e-02 5.643727e-04
3.810113e+00 6.586892e-01 1.179471e-01 -1.084149e-01 -3.927557e-03 2.193388e-02 1.054296e-03
4.507614e+00 -4.628810e-01 -6.565829e-01 -2.277717e-02 1.960925e-02 -1.382422e-02 -3.510594e-04
3.626568e+00 2.157004e-02 -4.641629e-01 1.584410e-02 2.935894e-02 1.364334e-03 8.802147e-04
1.788535e+00 -2.213637e-01 -1.393195e-01 -2.878695e-02 2.185537e-02 -3.472582e-02 -1.128039e-03
3.840606e+00 2.354361e-01 -8.923869e-01 -8.997396e-02 2.247372e-02 5.929183e-03 3.953057e-05
8.953232e+00 -4.000810e-02 -8.057310e-02 -5.769079e-03 5.467429e-02 -2.714820e-02 -4.471821e-03
3.184445e+00 -6.518950e-02 -8.586534e-01 1.807038e-01 2.310462e-02 -1.754118e-03 -4.996851e-04
5.343875e+00 -1.678472e-03 -6.749784e-01 1.236923e-01 2.346457e-02 -5.834946e-05 -8.091121e-04
9.308185e+00 -5.709504e-01 6.163791e-01 -4.180998e-02 -1.502111e-02 -1.391402e-02 3.225946e-04
1.501955e+00 3.057595e-03 8.131698e-03 -3.726737e-04 -1.879425e-01 7.066813e-02 7.140104e-03
9.614092e+00 4.607620e-03 -1.024733e-03 7.943761e-04 5.825402e-02 2.619341e-01 6.369407e-03
8.440437e+00 -4.542501e-02 6.210849e-05 -1.233704e-03 -1.260042e-04 -9.215715e-02 -2.036387e-03
2.325776e+00 -5.709584e-01 -7.150849e-01 -1.905908e-02 1.723864e-02 -1.376416e-02 4.695850e-04
7.289177e+00 4.358907e-02 5.616405e-02 -3.920919e-03 -6.761514e-02 5.247630e-02 -8.092389e-03
4.477780e+00 5.263883e-02 1.136596e-01 -1.938083e-02 -6.032975e-02 2.794033e-02 -3.231243e-03
5.059181e+00 -1.568319e-01 -1.283894e-02 7.402452e-03 4.815008e-03 -5.881692e-02 4.993540e-03
1.371637e+00 2.992328e-01 -2.961120e-01 3.002305e-02 2.269748e-02 2.293670e-02 9.933272e-04
9.601459e-01 6.560092e-01 1.752789e-01 -3.360891e-02 -7.252786e-03 2.714470e-02 1.092227e-03
9.022791e+00 2.276882e-01 -5.960976e-01 -1.368359e-01 2.552266e-02 9.748749e-03 2.604375e-05
1.487799e+00 1.404834e-01 -2.977539e-01 -1.333655e-02 3.261633e-02 1.538872e-02 -2.660288e-03
9.581451e+00 2.820352e-01 -1.614788e-01 -1.942530e-03 1.647959e-02 2.878289e-02 2.743300e-03
8.434566e+00 2.247249e-01 -9.061069e-01 -1.019627e-02 1.846855e-02 4.580412e-03 2.916770e-04
2.604263e+00 -5.242522e-03 -7.594547e-01 2.464241e-02 2.186668e-02 -1.509459e-04 -3.145593e-04
1.611451e+00 -5.789957e-01 2.938167e-02 -9.873979e-02 -1.522860e-03 -3.000951e-02 -1.126073e-03
5.984719e+00 -1.561458e-01 4.801118e-01 -1.909871e-02 -2.861962e-02 -9.307903e-03 -5.201350e-04
1.034367e+00 -3.107431e-01 3.069830e-01 -8.125817e-03 -2.270493e-02 -2.298303e-02 1.769419e-03
2.976710e+00 3.230995e-01 -4.416481e-01 4.547728e-03 2.525378e-02 1.847508e-02 9.453959e-05
8.549292e+00 2.686873e-01 -4.021383e-01 1.480430e-02 2.544508e-02 1.700104e-02 1.990538e-03
9.942068e+00 -1.627460e-01 2.906069e-02 4.285548e-03 -8.845282e-03 -4.953543e-02 5.518812e-04
2.791523e+00 1.825028e-01 -5.626456e-02 2.107494e-02 1.401436e-02 4.545777e-02 1.087685e-03
4.741155e+00 -9.583776e-01 3.042451e-02 2.397938e-02 -7.220653e-04 -2.274518e-02 -8.729853e-04
4.037010e+00 -5.831868e-01 -2.363835e-01 4.947794e-02 9.175928e-03 -2.263813e-02 6.835981e-04
6.254331e-01 5.103744e-02 -2.343495e-01 -4.873197e-03 4.197055e-02 9.140492e-03 -2.176526e-03
7.653125e+00 -3.760936e-01 8.248235e-03 -2.623322e-02 -7.812758e-04 -3.562372e-02 4.262447e-04
6.138096e+00 -4.970273e-01 -5.603360e-01 -4.374635e-02 1.693426e-02 -1.502097e-02 -7.770102e-05
5.637915e+00 4.557741e-01 -7.136113e-01 -1.680302e-02 1.900316e-02 1.213707e-02 -1.883127e-03
3.609933e+00 3.412999e-02 1.058500e-01 -2.741787e-03 -6.646658e-02 2.143131e-02 -5.065987e-03
8.324713e+00 2.809814e-01 -8.466050e-02 -4.897952e-02 1.204439e-02 3.997436e-02 1.168509e-03
8.236052e+00 -3.057023e-02 -9.406803e-01 2.703702e-02 1.960446e-02 -6.371059e-04 1.382522e-03
6.135264e+00 1.684081e-01 -7.389796e-02 -4.768376e-03 1.883778e-02 4.292992e-02 -1.698414e-03
4.845773e+00 7.953304e-01 1.504229e-02 8.169001e-04 -4.656684e-04 2.462127e-02 1.650105e-06
7.673553e+00 -2.542972e-01 1.439049e-01 -7.329226e-03 -1.670680e-02 -2.952293e-02 1.329002e-03
9.099442e+00 5.197951e-01 2.032162e-01 1.433115e-02 -1.129129e-02 2.888134e-02 1.727652e-04
6.180938e+00 1.152060e-01 1.092783e-01 -7.530115e-03 -3.898202e-02 4.109657e-02 2.080854e-03
2.317785e+00 -2.541423e-01 4.307337e-01 2.771043e-02 -2.468130e-02 -1.456251e-02 2.471566e-04
8.705016e+00 3.255649e-02 -5.819879e-01 -5.454755e-02 2.429018e-02 1.358797e-03 1.918665e-03
3.837526e+00 2.388870e-01 1.921813e-01 -3.736550e-02 -2.224507e-02 2.765128e-02 9.677514e-04
5.533424e+00 2.459949e-01 -7.493559e-01 -3.132376e-02 2.297557e-02 7.542308e-03 -3.389908e-04
1.676487e+00 -1.706831e-01 -1.719083e-01 4.945211e-02 2.894714e-02 -2.874083e-02 -2.196139e-03
4.486077e+00 -3.724377e-02 4.280170e-02 8.529135e-03 -6.730277e-02 -5.856330e-02 3.980344e-04
6.887619e+00 -6.576369e-01 3.641544e-01 -6.493956e-02 -1.223126e-02 -2.208878e-02 1.106382e-03
8.280966e+00 4.575051e-02 -2.773493e-03 4.433709e-03 6.688594e-03 1.103325e-01 -3.546187e-04
6.215986e+00 8.818185e-01 4.245734e-01 -9.024608e-02 -8.037293e-03 1.669307e-02 1.427675e-04
5.004993e+00 -9.426515e-01 -1.890371e-01 -4.599010e-02 4.685977e-03 -2.336707e-02 -1.955703e-04
6.070105e+00 -3.253465e-01 1.862963e-01 3.181190e-02 -1.680111e-02 -2.934133e-02 1.280839e-03
5.220434e+00 5.973744e-02 -1.320738e-01 -2.141203e-02 5.580356e-02 2.524014e-02 2.938365e-03
7.765587e+00 4.950795e-01 -4.434394e-01 -5.485605e-02 1.702694e-02 1.900979e-02 -2.090135e-03
9.504287e+00 7.341228e-02 -1.931347e-01 1.510941e-03 4.195981e-02 1.594931e-02 -4.886610e-04
5.332617e+00 8.195312e-01 -2.148628e-01 1.066484e-01 5.673324e-03 2.163924e-02 -2.148609e-04
9.769654e+00 1.754204e-01 5.652766e-01 1.053126e-02 -2.694623e-02 8.362130e-03 2.187082e-04
4.364923e+00 3.117009e-03 -1.858477e-01 -1.911558e-02 5.079059e-02 8.518521e-04 -4.117611e-03
7.393324e-01 -4.189625e-01 -3.138491e-01 1.105443e-01 1.814822e-02 -2.422637e-02 1.234327e-03
7.691682e+00 -6.593053e-01 3.533190e-01 -1.174919e-01 -1.219811e-02 -2.276209e-02 1.351182e-03
6.962031e+00 -6.484745e-01 4.187924e-01 -4.873707e-03 -1.424807e-02 -2.206226e-02 -8.748573e-04
3.847048e+00 3.127762e-02 9.605782e-01 1.553810e-01 -1.870574e-02 6.090822e-04 3.270897e-05
8.901002e+00 1.664936e-01 -2.731930e-01 -2.208330e-02 3.004086e-02 1.830798e-02 7.030245e-04
4.973233e+00 2.308955e-02 1.350348e-01 3.323412e-03 -5.936275e-02 1.015041e-02 -6.222482e-04
9.858436e+00 -4.000590e-01 -4.126321e-01 -2.498224e-02 1.911171e-02 -1.852937e-02 -1.490844e-03
3.030936e+00 -3.246888e-01 4.641876e-01 6.070364e-02 -2.078992e-02 -1.454208e-02 1.150762e-03
9.097839e+00 -2.017468e-01 2.717083e-01 8.577546e-03 -2.906719e-02 -2.158275e-02 1.929915e-03
5.185566e+00 8.069705e-02 1.282403e-01 -2.362299e-03 -4.809080e-02 3.026183e-02 2.798038e-03
3.084758e+00 7.066521e-04 -1.339295e-03 2.337803e-04 5.248605e-01 2.769322e-01 -1.111362e-02
8.284222e+00 1.764086e-01 -2.690449e-01 1.004875e-02 3.366486e-02 2.207353e-02 1.926208e-03
3.785892e+00 8.589501e-02 6.571173e-01 -7.972207e-02 -2.659598e-02 3.476490e-03 6.460035e-04
4.136342e+00 3.144391e-01 8.739770e-01 -4.247532e-02 -1.814137e-02 6.526895e-03 5.822738e-04
4.219864e+00 4.672744e-02 -4.116092e-01 1.268085e-02 2.839684e-02 3.223717e-03 1.380798e-03
9.156541e+00 2.774081e-01 5.366806e-01 -3.283072e-02 -2.423919e-02 1.252914e-02 4.874211e-04
2.439236e+00 3.139326e-01 6.856314e-01 -2.086760e-02 -2.299712e-02 1.052978e-02 1.322917e-03
4.705803e+00 5.069506e-01 2.998104e-01 -8.513243e-02 -1.284523e-02 2.172005e-02 -6.227511e-04
9.945761e+00 -7.750051e-02 2.454182e-02 5.084787e-04 -2.307630e-02 -7.287257e-02 7.408813e-03
3.537846e+00 -1.527590e-01 8.525742e-01 -3.049925e-02 -2.005463e-02 -3.593267e-03 1.644299e-03
7.755026e+00 -6.616025e-03 5.934669e-01 -1.338960e-01 -2.728759e-02 -3.042047e-04 -1.139966e-04
7.356911e+00 -4.867046e-01 -1.864682e-01 4.494000e-02 1.065289e-02 -2.780535e-02 -8.779037e-04
6.064925e+00 6.231507e-01 3.880568e-01 -1.260489e-01 -1.173199e-02 1.883951e-02 -1.458151e-03
7.100529e+00 -2.513145e-03 -7.613218e-02 9.592032e-03 6.651872e-02 -2.195802e-03 -3.093957e-03
6.948450e+00 -3.577713e-01 -5.522827e-02 4.177601e-02 5.015863e-03 -3.249299e-02 1.066877e-03
8.856908e+00 6.518281e-01 -8.927067e-04 5.427180e-02 3.187638e-05 2.327519e-02 1.166345e-03
8.306134e+00 9.828247e-02 -1.989298e-01 -9.804487e-03 4.129928e-02 2.040416e-02 1.859001e-03
1.984642e+00 -2.504091e-02 -2.327380e-02 -5.907383e-03 7.207135e-02 -7.754351e-02 6.465635e-03
4.032771e+00 3.665349e-01 -8.218287e-01 -1.938251e-01 1.745309e-02 7.784065e-03 1.166292e-04
8.377874e+00 4.221676e-02 -8.170264e-02 4.600152e-03 6.260655e-02 3.234957e-02 -4.958417e-03
8.920978e+00 -4.643550e-01 5.281848e-01 -2.460741e-02 -1.811022e-02 -1.592164e-02 -1.557786e-03
2.222936e+00 5.550178e-03 9.144439e-01 -2.072286e-02 -2.213625e-02 1.343550e-04 1.447380e-03
2.126205e+00 7.904044e-01 2.813485e-01 -5.293927e-02 -7.188313e-03 2.019443e-02 -4.897271e-04
1.959303e+00 -2.709294e-01 -5.323417e-01 -3.345986e-02 2.718892e-02 -1.383750e-02 3.059147e-04
7.646129e+00 -1.564991e-01 -2.521600e-01 -4.818441e-03 3.054830e-02 -1.895932e-02 -3.472238e-04
7.369240e+00 -8.110192e-01 -1.056509e-03 -7.850679e-02 3.100950e-05 -2.380415e-02 -1.263533e-04
1.083552e+00 -2.194022e-01 2.100976e-01 -2.475010e-03 -2.881433e-02 -3.009044e-02 7.370244e-04
7.249655e-01 4.779565e-02 -1.818403e-01 4.912060e-03 5.170670e-02 1.359080e-02 2.827063e-03
3.102287e+00 -5.997718e-01 2.928263e-01 5.548922e-02 -1.226955e-02 -2.513069e-02 -2.814858e-04
7.274971e+00 -2.261238e-02 -6.694896e-02 -7.808112e-03 8.068825e-02 -2.725290e-02 -4.078148e-03
1.076617e+00 -4.299812e-01 5.331000e-01 -5.934668e-02 -2.086141e-02 -1.682614e-02 1.326636e-03
7.159096e+00 5.240701e-02 -4.711208e-01 -4.133472e-04 2.824020e-02 3.141412e-03 7.535690e-04
8.695731e+00 6.907847e-01 1.721750e-01 -4.580008e-03 -5.931997e-03 2.379981e-02 9.913455e-04
1.720153e+00 3.356172e-02 1.803126e-01 4.653872e-02 -4.962894e-02 9.237472e-03 8.178664e-04
3.866465e+00 9.990102e-01 1.812794e-02 1.008673e-01 -3.621256e-04 1.995632e-02 -3.932251e-04
1.691180e+00 -1.223328e-01 1.175389e-01 -1.286743e-03 -3.720804e-02 -3.872560e-02 -1.027322e-03
6.948294e+00 7.298707e-01 8.561207e-03 -3.390131e-02 -2.975310e-04 2.536548e-02 3.730432e-04
3.188153e+00 -1.059065e-01 -9.320349e-02 1.601163e-02 3.742291e-02 -4.252338e-02 5.774919e-05
6.408686e+00 -2.052099e-02 5.485945e-02 1.301639e-03 -7.552701e-02 -2.825200e-02 2.602299e-03
1.377475e+00 7.809657e-01 -6.386530e-02 6.473525e-02 2.032459e-03 2.485357e-02 1.224115e-03
4.583614e+00 2.537762e-02 5.409187e-02 -2.516453e-05 -7.188071e-02 3.372339e-02 6.605368e-03
6.827365e+00 -1.085313e-01 4.658924e-01 4.089986e-02 -2.685085e-02 -6.254999e-03 -8.191526e-04
1.498549e+00 1.677874e-02 -3.312094e-03 -9.491652e-04 3.188809e-02 1.615419e-01 -1.349290e-02
5.743023e+00 -1.861415e-02 4.193006e-02 -1.680255e-03 -8.485422e-02 -3.766962e-02 3.434421e-03
3.528971e+00 -4.616246e-01 -7.025550e-01 -1.216444e-01 1.693791e-02 -1.112932e-02 1.408891e-03
8.417606e+00 5.638308e-02 -1.761173e-01 6.774065e-03 4.997409e-02 1.599896e-02 -2.627471e-03
6.594972e+00 1.931571e-01 7.964054e-01 -2.785482e-02 -2.310863e-02 5.604677e-03 1.078322e-03
4.994871e+00 4.763863e-01 -3.909172e-02 1.690730e-02 2.205170e-03 2.687302e-02 -1.750375e-04
9.247045e+00 -5.515188e-02 5.525106e-01 5.412722e-02 -2.952694e-02 -2.947394e-03 8.929587e-04
9.534394e+00 -3.340776e-02 -6.849990e-01 4.348271e-02 2.242699e-02 -1.093776e-03 -6.009210e-04
6.543070e+00 8.443201e-01 -3.827930e-01 -1.908565e-02 9.561159e-03 2.108889e-02 -3.022261e-04
5.006310e+00 3.344182e-01 -4.592084e-01 1.369944e-02 2.402486e-02 1.749609e-02 2.084724e-03
3.455778e+00 -3.306050e-02 2.036210e-01 -2.553854e-02 -4.720479e-02 -7.664307e-03 1.478452e-03
2.481625e+00 9.441893e-01 -2.873014e-01 8.363765e-02 6.622704e-03 2.176490e-02 3.670143e-04
7.613217e+00 3.609082e-02 -1.406323e-01 -2.012656e-03 5.647127e-02 1.449236e-02 -1.981844e-03
9.991447e+00 2.342303e-02 -2.654465e-01 -7.017524e-03 4.148716e-02 3.660832e-03 -1.990994e-03
8.177393e+00 2.509069e-01 4.243250e-01 9.135403e-02 -2.581829e-02 1.526657e-02 -1.748593e-03
5.436589e-01 -4.091942e-01 -4.373008e-02 -1.770595e-02 3.070739e-03 -2.873374e-02 -2.853396e-03
4.202645e+00 2.290747e-01 -8.869540e-01 -4.381325e-02 1.888646e-02 4.877829e-03 4.946546e-04
1.957006e+00 2.647186e-01 -7.971208e-02 -9.071363e-03 1.279741e-02 4.249936e-02 -7.177167e-04
5.698591e+00 -2.098322e-02 -1.088924e-01 -3.586730e-03 5.954594e-02 -1.147432e-02 7.364356e-04
2.782204e+00 -7.179375e-01 -3.767751e-01 -2.839213e-02 1.112080e-02 -2.119046e-02 1.174592e-03
8.601900e+00 -8.295550e-03 3.645194e-01 1.685916e-02 -3.843836e-02 -8.747610e-04 1.280468e-04
6.654035e+00 1.666176e-01 -3.967092e-01 6.526232e-02 2.779235e-02 1.167277e-02 1.257064e-03
1.609523e+00 4.058305e-02 -9.247438e-01 8.651434e-02 2.341203e-02 1.027454e-03 -1.058368e-03
6.012540e+00 -3.250958e-01 -5.247909e-01 6.904921e-02 2.148255e-02 -1.330794e-02 -1.976798e-03
3.159252e+00 -9.956590e-01 -8.387786e-02 4.274131e-02 1.538441e-03 -1.826182e-02 3.047527e-04
1.693430e+00 -1.412940e-01 7.976432e-02 -5.043018e-03 -2.571703e-02 -4.555497e-02 1.385938e-03
5.987401e+00 -4.031824e-02 4.468545e-02 3.692742e-03 -5.922504e-02 -5.343684e-02 8.453482e-04
7.324414e+00 1.106658e-01 -5.467273e-01 -9.463237e-02 2.769923e-02 5.606740e-03 1.222446e-03
9.681703e-01 -1.217980e-01 -8.176487e-01 5.544615e-02 2.352871e-02 -3.504868e-03 -3.332672e-04
1.578283e+00 4.325686e-01 -9.139219e-02 -4.189944e-02 6.463486e-03 3.059234e-02 -1.317900e-03
1.214644e+00 -6.302277e-01 8.430392e-02 -2.726637e-02 -3.893293e-03 -2.910494e-02 -7.108121e-04
6.646517e+00 -1.179214e-01 8.715410e-01 -4.587525e-04 -2.411772e-02 -3.263182e-03 7.629024e-04
7.550892e+00 1.415863e-01 1.324750e-01 -1.637051e-02 -3.121828e-02 3.336541e-02 1.671927e-04
1.697264e+00 8.623485e-01 3.870672e-01 -1.235177e-01 -8.178422e-03 1.822074e-02 5.402408e-05
7.263401e+00 -3.532019e-03 -2.384075e-02 -5.121559e-03 1.490291e-01 -2.207873e-02 -1.089019e-03
6.643679e+00 2.632311e-02 -5.468717e-01 3.606052e-02 2.643138e-02 1.272248e-03 1.621886e-03
2.355333e+00 6.989392e-03 -2.888256e-02 4.121763e-03 1.207915e-01 2.923076e-02 -6.857290e-03
4.921442e+00 4.294247e-01 5.529037e-01 7.719064e-03 -2.215006e-02 1.720333e-02 1.047079e-03
6.738275e+00 -6.574558e-01 -4.816661e-01 4.532809e-03 1.426012e-02 -1.946452e-02 1.291970e-03
9.890136e+00 1.745853e-01 6.803599e-01 -5.170090e-02 -2.554528e-02 6.555106e-03 4.238194e-04
1.078718e+00 -1.197531e-01 -6.198463e-01 4.224931e-02 2.530800e-02 -4.889456e-03 8.238148e-04
2.549960e+00 1.865942e-01 2.295788e-01 1.390342e-02 -2.869668e-02 2.332372e-02 2.619210e-05
9.029152e+00 6.792724e-01 -6.024682e-01 -9.702184e-02 1.451065e-02 1.636051e-02 -3.050921e-03
2.349945e+00 -8.829677e-01 3.715994e-02 -1.232395e-01 -1.000291e-03 -2.376820e-02 -4.763177e-04
9.621052e+00 7.767574e-01 -1.733932e-01 -1.157503e-01 4.444299e-03 1.990933e-02 6.062346e-04
8.460367e+00 -3.286526e-01 2.965699e-01 -4.728180e-03 -2.369325e-02 -2.625637e-02 1.757032e-03
2.944839e+00 7.414935e-01 2.352818e-01 -8.678972e-03 -7.805945e-03 2.460053e-02 -6.552666e-04
1.640846e+00 -2.617633e-02 1.460486e-01 1.257228e-02 -5.801334e-02 -1.039775e-02 -3.790893e-03
2.761398e+00 9.099015e-02 -3.234603e-02 6.816622e-03 2.279517e-02 6.412335e-02 -1.083390e-03
9.052373e+00 -2.844932e-01 1.579180e-01 -1.725994e-02 -1.720764e-02 -3.099999e-02 4.790295e-04
4.164337e+00 5.511134e-01 3.448735e-01 -8.149892e-02 -1.474154e-02 2.355722e-02 -1.101216e-03
7.136329e+00 -5.313304e-02 1.731381e-01 2.584397e-03 -4.872067e-02 -1.495151e-02 1.817568e-03
4.368419e+00 -2.990031e-01 -8.808707e-01 -5.144528e-02 2.222175e-02 -7.542959e-03 1.735895e-03
3.218335e+00 -1.980773e-01 2.987795e-01 3.496350e-03 -2.806952e-02 -1.860882e-02 1.071381e-03
4.609590e+00 -3.208390e-01 -2.324466e-01 -3.442418e-02 2.175586e-02 -3.002896e-02 1.097612e-04
6.779335e+00 -3.527150e-01 5.565677e-01 -6.031449e-02 -1.903108e-02 -1.206061e-02 -2.807439e-04
8.977998e+00 3.550138e-01 -2.469244e-02 1.545720e-02 2.614719e-03 3.759294e-02 3.522589e-03
9.998265e+00 -3.978101e-01 -6.759350e-02 -1.789998e-02 6.098811e-03 -3.589352e-02 -2.936604e-03
3.045099e+00 -8.136827e-01 9.315489e-02 -7.891348e-02 -2.433660e-03 -2.125736e-02 -9.450944e-04
3.187394e+00 1.241667e-01 4.768007e-02 7.556551e-03 -2.109008e-02 5.492202e-02 -2.387676e-03
8.879482e-01 -4.548982e-01 3.265032e-01 -3.030984e-02 -1.588526e-02 -2.213202e-02 1.591074e-03
5.424253e+00 -5.770786e-01 5.963624e-01 -2.031199e-01 -1.670454e-02 -1.616438e-02 9.863134e-05
1.434233e+00 -5.093489e-01 7.457995e-02 8.330455e-03 -4.142633e-03 -2.829240e-02 8.695020e-04
1.160132e+00 -1.235301e-02 1.172714e-02 -1.849006e-03 -1.097118e-01 -1.155671e-01 -9.805690e-03
5.149911e-01 -5.460379e-02 -3.072695e-01 3.343317e-02 4.041207e-02 -7.181486e-03 2.789994e-03
6.945444e+00 5.776269e-02 -7.429493e-01 -7.518939e-02 2.461021e-02 1.913390e-03 -1.325047e-04
6.830499e+00 -5.933079e-01 3.914945e-01 1.647853e-01 -1.324237e-02 -2.006874e-02 -4.444980e-04
3.571234e+00 9.028167e-02 6.265689e-01 -5.264528e-03 -2.703992e-02 3.896155e-03 1.926385e-03
1.855192e+00 3.435175e-01 -4.840531e-01 -3.316472e-02 2.326996e-02 1.651397e-02 1.831979e-04
7.599160e+00 4.465600e-01 6.178017e-01 -1.172075e-01 -1.861985e-02 1.345882e-02 2.589155e-03
6.978741e+00 -7.845365e-02 -3.441886e-01 2.752832e-02 3.491694e-02 -7.958898e-03 -1.732655e-03
7.081932e+00 -5.775912e-01 -7.268289e-01 1.473090e-01 1.582980e-02 -1.257952e-02 1.054991e-03
6.180707e+00 -4.098226e-01 -8.897197e-01 1.144079e-01 1.925004e-02 -8.866949e-03 1.113667e-03
2.428014e+00 -2.215922e-01 2.656229e-01 -3.028652e-02 -2.911591e-02 -2.428954e-02 -2.289177e-03
5.987878e+00 -8.481096e-03 -1.117213e-02 6.293963e-04 1.352372e-01 -1.026626e-01 7.296817e-03
8.501735e+00 1.542597e-04 -5.928968e-03 1.941661e-05 2.867375e-01 7.460329e-03 1.440314e-02
4.393720e+00 -8.281277e-01 2.945043e-01 -2.893727e-02 -8.007177e-03 -2.251568e-02 -7.444080e-04
6.619784e+00 2.449058e-01 -1.505618e-01 2.456506e-02 2.031874e-02 3.305071e-02 1.722926e-03
5.999747e+00 3.465934e-02 1.805422e-01 1.186924e-02 -4.582832e-02 8.797827e-03 -1.381993e-03
4.181295e+00 2.169535e-02 -5.287631e-01 3.241147e-02 2.523010e-02 1.035201e-03 -1.004536e-03
2.029538e+00 8.712414e-03 8.393648e-03 -3.526665e-04 -1.272421e-01 1.320744e-01 2.302626e-03
5.553227e+00 8.880850e-02 1.263657e-01 1.124950e-02 -4.038280e-02 2.838061e-02 -6.105250e-05
7.735111e-01 -2.660755e-02 4.821457e-03 -2.197562e-03 -2.273871e-02 -1.254852e-01 3.161572e-03
7.178167e+00 -1.964055e-01 -1.674407e-01 -9.827965e-03 2.807883e-02 -3.293606e-02 -7.872252e-04
8.283350e+00 9.647331e-02 -1.521226e-02 2.623342e-02 9.823305e-03 6.229755e-02 1.378300e-03
8.032533e+00 7.949882e-01 -3.539574e-01 5.980801e-02 1.030042e-02 2.313474e-02 -1.040216e-03
5.910339e+00 1.721720e-01 2.811650e-02 -1.292770e-02 -8.388593e-03 5.136772e-02 -9.365903e-04
4.751333e+00 -1.507689e-02 -1.407701e-01 4.170641e-02 5.613480e-02 -6.012202e-03 9.350544e-04
9.842934e+00 -2.058528e-01 -5.130904e-02 -1.939728e-02 9.893534e-03 -3.969304e-02 1.431031e-03
9.196901e+00 -3.918142e-03 -3.599234e-02 -1.693757e-03 1.039456e-01 -1.131556e-02 -4.080256e-03
5.865394e+00 -1.680736e-01 -3.191773e-01 4.945726e-02 3.085796e-02 -1.624930e-02 -7.943035e-04
8.573757e+00 -7.851307e-01 5.136570e-01 3.905164e-02 -1.135646e-02 -1.735848e-02 9.201360e-04
2.763946e+00 3.412229e-02 -3.693566e-01 1.088563e-02 3.183923e-02 2.941404e-03 -4.228545e-04
6.677891e+00 -4.520672e-01 -5.322216e-02 4.886779e-02 3.794892e-03 -3.223369e-02 7.527825e-04
5.739167e-01 1.385246e-01 -3.104434e-01 2.109017e-02 3.243422e-02 1.447265e-02 1.380097e-03
4.190352e+00 -2.626888e-03 4.505131e-05 1.794730e-04 -7.895806e-03 -4.603949e-01 -2.346831e-03
9.163783e+00 1.815913e-01 8.680632e-01 -3.518722e-02 -2.315862e-02 4.844581e-03 -7.112447e-04
3.053068e+00 -7.516738e-02 6.340072e-01 -5.062792e-02 -2.883573e-02 -3.418740e-03 1.326837e-03
7.145916e+00 -1.450332e-02 3.867089e-01 2.452417e-02 -2.993853e-02 -1.122830e-03 -1.081635e-03
4.325221e+00 4.290328e-01 -6.186782e-01 8.470605e-02 1.905534e-02 1.321424e-02 6.928336e-04
6.240712e+00 3.309721e-01 2.318538e-01 -4.919221e-02 -1.692054e-02 2.415412e-02 1.655874e-03
5.788389e-01 -3.887330e-01 8.927634e-01 -3.965266e-02 -1.867290e-02 -8.130678e-03 -3.448054e-04
6.191597e+00 -2.605516e-02 -7.715559e-01 -5.650289e-02 2.497291e-02 -8.433260e-04 -4.150563e-04
3.297534e+00 -1.597832e-01 2.058066e-01 1.348883e-02 -3.454546e-02 -2.682024e-02 4.075178e-03
6.532486e+00 1.024071e-01 -4.139780e-01 -3.183780e-03 3.040646e-02 7.521746e-03 -6.838647e-04
3.764252e+00 6.885183e-01 -7.061993e-02 2.333087e-02 2.644588e-03 2.578376e-02 -1.265957e-04
1.067528e+00 5.931759e-01 2.834047e-02 -2.197672e-02 -1.420736e-03 2.973650e-02 -8.313764e-05
9.991619e-01 4.963174e-02 2.792147e-01 -2.479393e-03 -3.894266e-02 6.922243e-03 -2.179543e-03
6.417791e+00 9.663392e-02 4.007205e-01 4.266610e-02 -2.849593e-02 6.871806e-03 2.225908e-03
6.973359e+00 -2.373083e-01 -3.205650e-01 -1.563761e-02 2.768807e-02 -2.049697e-02 1.042283e-03
8.383845e+00 -2.679734e-01 -5.543885e-02 -1.845969e-02 8.239657e-03 -3.982783e-02 9.218758e-04
7.107584e+00 -5.139028e-01 -1.843371e-01 -3.081486e-02 1.065654e-02 -2.970876e-02 5.140138e-05
2.449098e+00 3.300114e-02 -4.078184e-02 -6.130791e-03 6.227845e-02 5.039644e-02 1.406341e-03
3.805283e+00 4.714420e-01 -4.856889e-02 -1.008958e-02 2.912521e-03 2.827087e-02 3.901506e-04
8.207967e+00 -2.851347e-01 -6.077006e-01 7.264765e-02 2.119525e-02 -9.944867e-03 2.663733e-04
2.880009e+00 1.365386e-01 5.926269e-01 7.507114e-02 -2.902325e-02 6.686828e-03 -7.928240e-04
4.117958e+00 -2.771695e-03 3.351878e-03 -1.757136e-04 -2.682433e-01 -2.218125e-01 -2.729730e-02
1.884752e+00 -8.691898e-03 -6.447478e-02 -2.391195e-03 9.049666e-02 -1.219993e-02 4.827614e-03
1.948396e+00 2.599398e-01 8.846513e-01 -2.748955e-02 -2.112297e-02 6.206628e-03 -3.780458e-04
8.106226e+00 -5.854717e-01 1.628890e-01 -1.059432e-01 -6.476780e-03 -2.327948e-02 8.407431e-04
1.116187e+00 -8.142102e-02 4.144223e-01 2.916801e-02 -2.746426e-02 -5.395868e-03 -7.538407e-04
1.963483e+00 -1.586887e-01 4.811335e-02 3.303109e-02 -1.585476e-02 -5.229259e-02 1.764010e-03
7.363493e-01 2.448494e-02 2.133380e-02 -2.138782e-03 -7.684262e-02 8.819275e-02 -3.383538e-03
4.511026e+00 2.357828e-01 -5.276639e-01 -2.713006e-04 2.526010e-02 1.128729e-02 -1.589466e-04
6.011621e+00 -2.684909e-02 3.092028e-01 -5.258985e-02 -3.524234e-02 -3.060208e-03 -2.603347e-03
5.439607e+00 -6.386122e-01 -1.269203e-01 -5.131401e-02 4.963783e-03 -2.497577e-02 -4.994531e-04
3.249973e+00 2.907284e-02 -4.023876e-01 2.930086e-02 2.904164e-02 2.098283e-03 3.311541e-04
9.286761e+00 2.436321e-03 -3.320632e-01 1.433144e-02 3.183319e-02 2.335576e-04 -8.776793e-04
2.864727e+00 8.070003e-01 1.550931e-01 -2.022695e-02 -4.567155e-03 2.376440e-02 -2.147195e-03
7.352669e+00 -2.254108e-01 -3.354568e-01 -2.062923e-02 2.450770e-02 -1.646799e-02 2.737051e-03
9.703293e-01 7.007870e-01 7.323119e-02 8.970728e-02 -2.659846e-03 2.545344e-02 -8.479713e-04
6.034776e+00 5.609193e-02 2.470142e-01 2.040231e-02 -4.109775e-02 9.332471e-03 1.564851e-03
1.886948e+00 -4.265205e-01 -3.704728e-01 6.807291e-03 1.665469e-02 -1.917433e-02 -2.281448e-03
3.303656e+00 1.134797e-01 4.689547e-02 -1.974589e-02 -2.469695e-02 5.976275e-02 3.052609e-03
5.542058e+00 1.285440e-01 7.712648e-01 -2.343832e-01 -2.417428e-02 4.029044e-03 -1.909521e-03
1.358457e+00 2.448499e-01 -8.226873e-01 -1.041925e-01 2.171883e-02 6.464002e-03 -1.724664e-03
3.348245e+00 1.595782e-01 8.325330e-01 -1.285427e-01 -2.081442e-02 3.989665e-03 -9.922094e-04
9.383634e+00 -7.483286e-02 1.253139e-01 5.267708e-03 -4.624445e-02 -2.761548e-02 6.008680e-03
5.583007e+00 -9.466025e-01 2.311891e-01 8.254564e-02 -4.842102e-03 -1.982596e-02 -1.420291e-03
6.286508e+00 -2.020752e-01 1.437883e-01 1.440974e-02 -2.258968e-02 -3.174678e-02 4.319754e-03
6.663110e+00 7.975739e-01 4.022149e-01 5.505698e-03 -1.125588e-02 2.231990e-02 7.321963e-04
7.388715e+00 3.944462e-01 -1.011261e-01 1.039017e-02 8.072233e-03 3.148607e-02 1.378789e-03
2.568364e+00 -7.663005e-01 -3.908943e-01 -1.453585e-01 1.035003e-02 -2.028996e-02 1.902387e-04
1.975553e+00 3.209261e-01 7.141461e-01 -1.787411e-01 -1.973166e-02 8.867101e-03 -1.326912e-03
1.406628e+00 -5.135694e-01 -3.988690e-01 4.134611e-03 1.723292e-02 -2.218849e-02 -2.035473e-04
1.204747e+00 -2.845053e-02 -4.492609e-01 6.168524e-02 3.340278e-02 -2.115311e-03 -1.768120e-04
2.368316e+00 3.998020e-01 3.131815e-01 4.480249e-02 -1.953687e-02 2.494043e-02 -1.587210e-05
1.468900e+00 6.150480e-01 -4.551534e-01 -6.657852e-03 1.521378e-02 2.055836e-02 -1.036199e-03
4.995183e+00 7.744172e-01 -4.701222e-01 -1.239532e-02 1.277577e-02 2.104511e-02 4.352997e-04
4.317699e+00 3.875680e-01 -7.497596e-04 1.498795e-02 6.545266e-05 3.383399e-02 7.891636e-04
9.718987e+00 3.215095e-01 6.785704e-03 1.800434e-02 -7.210381e-04 3.416309e-02 -3.326322e-04
8.291537e+00 8.033619e-01 4.206020e-01 7.996241e-02 -1.105963e-02 2.112422e-02 1.758568e-03
1.577699e+00 -4.582909e-01 -6.344943e-01 -8.962569e-02 2.149868e-02 -1.552835e-02 7.675137e-04
4.801076e+00 -5.639104e-01 -9.934871e-02 -1.688203e-02 5.360161e-03 -3.042466e-02 6.256575e-04
2.703303e+00 5.315219e-01 -5.713968e-01 -3.377458e-02 1.518777e-02 1.412790e-02 -6.260877e-04
1.217451e+00 -3.866987e-01 6.670383e-01 -8.243288e-02 -1.862274e-02 -1.079606e-02 5.216265e-04
7.237389e+00 3.841545e-03 5.284385e-02 4.605925e-03 -9.986969e-02 7.260143e-03 3.993704e-03
7.009303e-01 7.721306e-01 -4.803065e-01 9.743100e-02 1.106617e-02 1.778974e-02 -2.030294e-04
3.441665e+00 3.100574e-02 -7.577951e-03 3.497115e-03 2.985974e-02 1.221733e-01 1.090535e-02
6.959145e+00 6.133912e-01 -3.923847e-01 5.568363e-02 1.260661e-02 1.970714e-02 -1.393943e-03
9.219061e+00 5.580952e-02 2.101118e-02 -7.849879e-03 -3.074889e-02 8.167464e-02 2.227329e-03
5.442099e+00 8.037558e-01 4.123533e-01 1.187913e-01 -9.615365e-03 1.874220e-02 -1.040119e-05
4.909437e+00 -3.260487e-01 1.024823e-01 -2.645990e-02 -9.802980e-03 -3.118829e-02 -1.783889e-04
5.293835e+00 -6.526570e-01 3.414857e-01 1.312134e-01 -1.051869e-02 -2.010362e-02 1.451067e-04
7.550305e+00 -3.027183e-01 -3.854494e-02 3.661159e-02 5.292530e-03 -4.156565e-02 -3.404057e-04
8.244558e+00 -4.833448e-01 2.013633e-01 5.590227e-02 -1.198091e-02 -2.875851e-02 1.377232e-03
8.093515e+00 7.333909e-01 1.550690e-01 -3.754153e-02 -5.445722e-03 2.575526e-02 2.437964e-04
7.572786e+00 2.988767e-02 -5.955510e-02 -2.905205e-03 6.986252e-02 3.506044e-02 1.601035e-03
5.394670e+00 5.328247e-02 -1.558052e-01 1.011378e-02 4.969432e-02 1.699453e-02 -1.782522e-03
3.022637e+00 8.733144e-02 1.333311e-01 -1.545573e-02 -4.821555e-02 3.158103e-02 1.659021e-03
2.567892e+00 -5.042073e-01 2.581172e-01 4.906069e-03 -1.284554e-02 -2.509254e-02 7.838674e-04
7.100602e+00 -3.086947e-01 5.396535e-01 -1.284535e-01 -2.548659e-02 -1.457894e-02 2.707826e-04
3.116646e+00 1.376332e-02 7.689990e-01 1.328882e-01 -2.156259e-02 3.859210e-04 1.788795e-04
7.550756e+00 4.180897e-01 -7.373935e-01 1.665105e-02 2.079081e-02 1.178804e-02 -5.217108e-06
3.963700e+00 -3.198480e-01 7.116454e-01 -1.250366e-01 -2.018024e-02 -9.069978e-03 8.749136e-04
6.321922e+00 2.089035e-01 2.819304e-01 -3.930719e-03 -3.193599e-02 2.366379e-02 -1.190215e-03
6.309858e+00 2.251588e-02 5.225397e-01 9.446862e-02 -3.020160e-02 1.301366e-03 -1.249948e-03
7.279441e+00 -3.641949e-01 9.023434e-01 -1.007823e-01 -1.848655e-02 -7.461359e-03 2.043693e-03
4.118627e+00 -6.849998e-02 3.901099e-01 9.263178e-03 -2.877507e-02 -5.052656e-03 -8.394967e-04
7.255459e+00 5.261454e-01 1.659272e-01 2.692459e-02 -8.210056e-03 2.603361e-02 3.862064e-04
2.015968e+00 -5.446408e-01 -5.377650e-01 -1.175889e-02 1.626959e-02 -1.647761e-02 3.338498e-04
3.956745e+00 9.655576e-02 -7.445424e-01 -3.252671e-02 2.569233e-02 3.331902e-03 -6.915661e-04
3.299308e+00 -2.684314e-02 6.721095e-02 1.178807e-03 -7.085786e-02 -2.829967e-02 1.887025e-03
4.633224e+00 -9.760859e-01 7.634112e-02 -4.352412e-02 -1.682925e-03 -2.151762e-02 1.799191e-04
1.318631e+00 -6.004354e-01 -3.386316e-01 5.805270e-02 1.380709e-02 -2.448167e-02 -2.303819e-03
6.376765e+00 1.657543e-01 3.633585e-01 -4.355459e-02 -3.284232e-02 1.498178e-02 1.503935e-03
3.493642e+00 6.564372e-01 -4.302533e-01 8.233302e-02 1.222447e-02 1.865086e-02 -4.628792e-04
2.684633e+00 4.284524e-01 8.611576e-01 -9.951684e-02 -1.667356e-02 8.295606e-03 -1.441637e-03
5.600373e+00 3.267294e-02 -3.068940e-01 -8.055355e-02 3.775428e-02 4.019444e-03 2.924132e-03
