7.231878e+09 0.000000e+00 0.000000e+00 0.000000e+00 0.000000e+00 0.000000e+00 0.000000e+00
2.731792e+00 3.367524e-02 2.939174e-02 1.062195e-03 -1.176762e-01 1.348261e-01 2.810670e-03
8.596075e+00 4.868400e-01 8.580551e-01 1.239268e-01 -3.214492e-02 1.823826e-02 -2.579390e-03
6.688358e-01 -2.807050e-01 -2.419987e-01 4.512555e-02 3.715613e-02 -4.309904e-02 -1.581170e-03
5.011278e+00 2.923726e-01 7.667378e-01 -5.617361e-02 -3.659767e-02 1.395543e-02 3.960636e-03
1.507718e+00 6.265154e-01 2.614906e-01 1.165960e-01 -1.936191e-02 4.638996e-02 -7.746612e-04
6.238378e+00 -7.417325e-01 6.663218e-01 -5.897048e-02 -2.813318e-02 -3.131714e-02 4.398494e-04
9.498763e-01 2.676312e-01 7.419895e-02 -3.831315e-02 -1.810988e-02 6.532124e-02 -3.498710e-03
8.869612e+00 4.549840e-01 -6.376089e-01 6.645118e-02 3.471081e-02 2.476888e-02 1.534240e-03
5.655537e+00 -4.915659e-01 6.271162e-01 1.713255e-02 -3.663753e-02 -2.871838e-02 3.098362e-03
6.451233e+00 1.448180e-02 2.140921e-02 1.228047e-03 -2.235502e-01 1.512158e-01 -6.353241e-03
5.800755e-01 6.757017e-01 3.598697e-01 1.015026e-03 -2.305257e-02 4.328417e-02 1.543886e-03
1.434942e+00 7.343750e-01 1.052358e-01 5.380129e-02 -6.638245e-03 4.632418e-02 4.186420e-04
3.968791e+00 3.006783e-01 2.531001e-01 -9.242068e-03 -3.609895e-02 4.288489e-02 -3.719422e-03
4.272424e+00 -4.570099e-01 -8.493486e-01 1.117473e-01 3.020694e-02 -1.625348e-02 1.072260e-04
3.335666e+00 5.139206e-01 3.762418e-02 -3.813681e-02 -4.255935e-03 5.813317e-02 -2.643035e-03
9.152277e+00 -1.865215e-01 1.728200e-02 -2.967522e-03 -7.717350e-03 -8.329198e-02 6.097864e-03
8.374829e+00 -4.692928e-01 -7.403032e-01 -1.093101e-01 3.096117e-02 -1.962690e-02 1.311476e-03
4.606134e+00 -2.608550e-01 8.807039e-01 -4.347137e-02 -3.889022e-02 -1.151886e-02 -6.396288e-04
2.591897e+00 -7.485787e-01 -3.859009e-01 -5.521317e-02 1.842661e-02 -3.574433e-02 2.663528e-03
7.696916e+00 4.803545e-03 2.796893e-03 -5.208544e-04 -2.490662e-01 4.277606e-01 9.176250e-03
9.958719e-01 3.442541e-01 -2.176441e-01 2.140699e-03 3.568796e-02 5.644871e-02 -2.453093e-03
9.475506e+00 -1.005465e-01 -6.257493e-02 1.178206e-02 5.833709e-02 -9.373709e-02 7.209896e-03
8.384006e+00 -7.410476e-01 -4.546387e-01 1.266737e-01 1.948407e-02 -3.175846e-02 -8.817994e-04
6.590987e+00 -1.537179e-01 -7.137362e-02 -1.243216e-02 3.874982e-02 -8.345578e-02 -7.863516e-04
6.932811e+00 9.329333e-01 -3.404513e-01 -1.778584e-01 1.483374e-02 4.064866e-02 -1.773285e-03
7.129338e+00 2.517052e-01 7.927721e-02 -4.759438e-02 -2.094883e-02 6.651255e-02 -4.783016e-03
2.505560e+00 -4.043041e-02 -1.114676e-01 1.190357e-02 1.073961e-01 -3.895363e-02 -2.483245e-03
6.055932e+00 -7.857305e-01 2.192921e-01 -1.535475e-02 -1.035501e-02 -3.710235e-02 -2.852579e-03
5.589535e+00 -1.001442e-02 1.982763e-01 -1.350330e-02 -7.582914e-02 -3.829933e-03 3.480413e-03
6.197205e+00 -1.991462e-01 -4.407990e-01 -3.485461e-02 4.755255e-02 -2.148351e-02 1.452678e-03
2.618711e+00 1.486445e-02 -2.572138e-02 1.806176e-03 2.106938e-01 1.217604e-01 -2.979291e-03
8.651708e+00 4.303486e-01 3.753689e-01 -4.185209e-02 -3.443929e-02 3.948355e-02 2.892364e-03
6.277811e+00 -4.878097e-01 1.005395e-01 2.356793e-02 -1.074495e-02 -5.213364e-02 3.196303e-03
5.793798e+00 -2.550827e-01 1.455783e-01 3.334077e-02 -3.674542e-02 -6.438544e-02 -9.843411e-04
4.391253e+00 -4.079601e-02 -1.616623e-01 -1.665739e-02 9.371693e-02 -2.364977e-02 -5.284331e-03
3.888268e+00 9.271122e-02 -4.704395e-01 -7.318492e-03 5.940478e-02 1.170712e-02 -4.353611e-03
5.810154e+00 6.772488e-01 4.211436e-02 3.774172e-02 -2.868296e-03 4.612559e-02 -2.899196e-03
1.896966e+00 2.219056e-01 -6.436550e-01 -4.022011e-02 4.960215e-02 1.710077e-02 2.749225e-03
7.635425e+00 6.966957e-02 -1.119187e-01 -7.526007e-04 9.771030e-02 6.082485e-02 -1.469923e-03
8.583894e+00 2.467935e-01 4.353477e-01 -2.763303e-02 -4.696498e-02 2.662390e-02 -4.880257e-03
9.814018e+00 -3.392600e-01 1.397184e-01 -1.005690e-02 -2.722085e-02 -6.609684e-02 -2.121899e-04
7.394159e+00 -7.349358e-01 5.624342e-01 -4.499449e-02 -2.697790e-02 -3.525216e-02 -2.222487e-03
3.799739e+00 7.290046e-01 2.471611e-02 9.890686e-03 -1.431382e-03 4.221878e-02 3.278135e-03
9.025003e+00 -2.611317e-01 -8.549463e-01 -1.768311e-02 3.677332e-02 -1.123191e-02 9.517551e-04
1.790078e+00 3.166502e-01 -6.872648e-02 -9.738161e-03 1.392986e-02 6.418038e-02 6.298961e-04
4.162615e+00 2.004274e-01 2.619410e-01 4.580175e-02 -4.797672e-02 3.670998e-02 2.255761e-03
6.628917e+00 -7.739003e-01 -2.940318e-01 -2.647484e-02 1.666627e-02 -4.386612e-02 2.767939e-03
5.750081e+00 -8.190108e-01 4.913807e-01 -1.408529e-01 -1.809143e-02 -3.015397e-02 -2.691944e-03
6.922707e+00 3.007429e-01 2.780772e-01 -2.234048e-02 -4.439257e-02 4.801095e-02 -8.839123e-04
9.231462e+00 -3.536070e-01 3.755783e-01 -6.978111e-02 -3.484537e-02 -3.280692e-02 4.203663e-03
2.954078e+00 4.772071e-01 1.830924e-01 3.346025e-02 -1.729216e-02 4.506981e-02 2.236252e-03
1.671510e+00 1.221799e-01 -1.671021e-01 -2.953955e-02 6.389001e-02 4.671442e-02 -5.990643e-04
2.919109e+00 -5.292658e-03 -1.829741e-01 1.865923e-03 8.793858e-02 -2.543687e-03 8.438203e-03
3.330592e+00 -2.834593e-01 -3.312733e-03 -4.537695e-02 9.394247e-04 -8.038338e-02 -5.488103e-03
8.763744e+00 1.242223e-01 -8.310143e-02 -6.799027e-03 6.085993e-02 9.097509e-02 -3.731154e-03
8.271617e+00 4.154816e-01 -3.081556e-01 5.135048e-02 3.455973e-02 4.659636e-02 3.207278e-03
6.163564e+00 3.511433e-01 1.548701e-02 -2.265389e-02 -2.830213e-03 6.417058e-02 -1.616508e-03
6.387095e+00 4.868593e-02 -2.228038e-01 4.686725e-02 6.930430e-02 1.514402e-02 -1.408854e-03
8.518486e+00 1.847105e-01 -4.285207e-01 -3.911014e-02 5.298657e-02 2.283944e-02 -5.831729e-04
5.125327e+00 -2.365384e-01 4.659609e-01 8.412438e-02 -4.702823e-02 -2.387321e-02 -3.111530e-03
8.460905e+00 6.090476e-01 7.687167e-01 7.332704e-03 -2.714955e-02 2.151036e-02 2.280563e-03
7.037680e+00 1.243084e-01 -2.485060e-01 -5.401619e-03 6.205679e-02 3.104222e-02 -3.482567e-04
6.286834e+00 5.684845e-01 2.889623e-01 -6.744350e-02 -2.301062e-02 4.526950e-02 1.915013e-03
7.542514e+00 8.280975e-01 -3.129909e-01 7.266421e-03 1.365448e-02 3.612641e-02 2.547499e-03
6.747923e+00 -2.078250e-01 1.003015e-01 2.323663e-02 -3.913049e-02 -8.107846e-02 1.953664e-03
8.494380e+00 2.860924e-01 -5.804108e-02 3.851923e-02 1.575928e-02 7.767967e-02 -3.899626e-03
3.740680e+00 -3.871083e-01 9.131622e-01 8.217974e-02 -3.974716e-02 -1.684964e-02 3.346543e-03
8.852810e+00 5.256790e-01 -2.969760e-01 2.008399e-03 2.451099e-02 4.338704e-02 -1.116654e-03
3.562013e+00 -1.289801e-02 -3.235809e-01 3.826007e-03 6.116270e-02 -2.437959e-03 -2.459458e-03
8.025564e+00 -1.790693e-01 7.385594e-01 -2.201126e-02 -4.523462e-02 -1.096747e-02 -2.372158e-03
7.095008e+00 -4.534596e-01 5.114465e-02 -6.438439e-03 -6.877813e-03 -6.098019e-02 9.588026e-05
9.853368e+00 2.319091e-02 8.993056e-01 -1.255182e-01 -4.576039e-02 1.180049e-03 3.182880e-03
4.408625e+00 7.486434e-01 -2.870125e-01 -4.448113e-02 1.683697e-02 4.391756e-02 5.921187e-04
7.949334e-01 2.933152e-01 -4.804214e-01 -2.924901e-03 4.419279e-02 2.698134e-02 -3.223801e-03
7.339406e+00 8.567225e-02 8.230940e-01 -2.238222e-02 -4.422500e-02 4.603186e-03 3.345900e-03
9.285638e+00 -2.597286e-01 1.667831e-01 -2.253276e-02 -3.565863e-02 -5.553059e-02 -1.555297e-03
3.158858e+00 -3.159182e-01 -6.496353e-01 -9.633834e-02 4.181194e-02 -2.033318e-02 -3.748600e-04
9.784964e+00 -1.711313e-01 1.444082e-01 -6.848958e-03 -5.755984e-02 -6.821142e-02 4.363905e-03
4.899392e+00 -7.815120e-01 2.615955e-01 -2.709634e-02 -1.528919e-02 -4.567620e-02 -2.173276e-03
2.606102e+00 9.169987e-01 -7.076323e-02 -3.708619e-02 2.787652e-03 3.612432e-02 -1.251316e-04
5.942955e+00 -8.072764e-01 3.726271e-01 -3.882170e-02 -1.537105e-02 -3.330055e-02 1.002550e-03
1.038963e+00 1.278120e-01 5.406110e-03 2.352371e-02 -4.190810e-03 9.907971e-02 5.838734e-04
7.432646e+00 -6.654619e-03 4.474071e-01 -4.378059e-02 -5.175165e-02 -7.697409e-04 -5.953543e-03
9.554320e+00 -1.241440e-01 7.882593e-02 1.006324e-02 -5.369651e-02 -8.456733e-02 -4.289704e-03
5.260960e+00 -4.213779e-01 7.209619e-01 9.489687e-02 -3.827441e-02 -2.237010e-02 -4.650766e-04
9.146046e+00 -6.252539e-02 -7.807497e-02 -6.355988e-03 9.093185e-02 -7.282166e-02 -2.023895e-03
8.936550e+00 -8.005847e-01 -5.042425e-01 3.524428e-02 2.319780e-02 -3.683110e-02 2.736647e-03
6.667552e+00 1.140685e-01 8.503869e-02 1.743808e-02 -6.792138e-02 9.110781e-02 5.829188e-04
4.496256e+00 8.959125e-03 3.222964e-01 -1.272952e-02 -6.822065e-02 1.896383e-03 6.990834e-03
2.511333e+00 1.749100e-01 9.754106e-01 -3.162939e-02 -3.450811e-02 6.187972e-03 1.635681e-03
5.371828e+00 7.494216e-01 -1.801661e-01 -9.708558e-02 1.082275e-02 4.501848e-02 2.378998e-03
8.798526e+00 -1.679754e-01 3.863919e-01 -2.777472e-02 -6.025329e-02 -2.619380e-02 -6.860772e-05
9.432525e+00 -8.308975e-01 -4.170035e-01 -9.292289e-02 1.562602e-02 -3.113552e-02 6.387896e-05
5.056387e+00 4.286213e-01 1.832131e-01 5.601250e-02 -2.186872e-02 5.116118e-02 -4.404859e-03
7.626744e-01 -2.409643e-01 3.357660e-01 -2.886815e-02 -4.766395e-02 -3.420630e-02 3.765859e-03
3.712755e+00 -7.005742e-01 5.332196e-01 3.032708e-02 -2.266090e-02 -2.977318e-02 2.876146e-04
8.721505e+00 3.990029e-01 4.262380e-02 1.863149e-02 -6.403608e-03 5.994441e-02 -4.888909e-04
3.766470e+00 -2.195528e-01 6.439238e-02 -3.143629e-04 -2.119448e-02 -7.226488e-02 2.521377e-03
4.547517e+00 -1.338322e-01 -1.547015e-01 7.322261e-03 7.129488e-02 -6.167713e-02 -3.490607e-03
5.402655e+00 3.332433e-01 2.749390e-01 3.312650e-02 -3.459127e-02 4.192679e-02 4.283446e-03
1.316246e+00 -6.428232e-01 7.606766e-01 1.055776e-01 -3.261305e-02 -2.756023e-02 -1.603431e-03
4.930029e+00 -8.800438e-02 -4.897017e-03 -2.939845e-03 7.647817e-03 -1.374391e-01 -5.397194e-03
3.901379e+00 -6.132225e-01 -3.695850e-03 -2.780201e-03 3.295385e-04 -5.467767e-02 -9.463620e-04
3.061711e+00 -3.474098e-01 -6.599472e-01 -6.598967e-03 4.444242e-02 -2.339540e-02 6.162465e-03
7.496401e-01 -7.492463e-01 -5.739695e-01 8.920463e-02 2.551836e-02 -3.331107e-02 9.098652e-04
4.182429e+00 1.822427e-01 -1.521267e-01 3.881670e-02 5.257096e-02 6.297824e-02 -4.743852e-03
7.332784e+00 -5.772509e-01 -4.726388e-01 -1.967833e-02 2.541773e-02 -3.104360e-02 -2.034822e-03
5.595014e+00 -5.174359e-01 -8.120147e-02 4.074392e-02 7.829939e-03 -4.989432e-02 -1.242622e-03
8.273188e+00 -6.997678e-01 4.175999e-01 -6.640900e-02 -1.930045e-02 -3.234156e-02 -2.173188e-03
1.816859e+00 -6.327492e-01 -4.057704e-01 -3.182807e-02 2.510836e-02 -3.915341e-02 4.545769e-04
8.989747e+00 -3.319840e-02 7.359999e-01 -1.588772e-03 -4.889657e-02 -2.205555e-03 -1.998737e-03
5.105535e+00 3.919976e-02 -1.662180e-01 -2.161817e-02 9.660862e-02 2.278355e-02 1.508884e-03
7.381690e+00 -3.900138e-01 -2.527172e-01 4.487438e-02 3.095528e-02 -4.777271e-02 1.043947e-03
6.485330e-01 -6.757931e-01 4.461250e-01 -3.432881e-02 -2.391530e-02 -3.622705e-02 -3.914928e-04
8.369154e+00 7.458984e-01 -1.472099e-01 8.457541e-02 9.276494e-03 4.700310e-02 -3.910651e-03
1.293051e+00 9.228085e-02 -1.083488e-01 -2.439282e-02 7.427563e-02 6.326070e-02 -1.038176e-03
6.520106e+00 3.048390e-02 8.295603e-01 1.243101e-01 -3.863783e-02 1.419827e-03 2.277692e-03
3.323584e+00 9.821028e-02 -9.917795e-01 1.500907e-01 3.756141e-02 3.719492e-03 -6.157327e-04
7.486781e+00 1.762444e-03 -8.839272e-04 -4.194368e-04 3.877377e-01 7.731021e-01 4.498249e-02
3.142556e+00 -7.697796e-01 -3.609406e-01 7.916522e-02 1.796870e-02 -3.832193e-02 -1.012678e-03
1.116916e+00 7.662863e-02 1.602080e-02 -4.503801e-03 -2.983235e-02 1.426903e-01 8.351438e-03
8.514237e+00 -9.375095e-01 9.309671e-02 -3.537549e-03 -3.595113e-03 -3.620378e-02 -1.239632e-03
9.575939e+00 8.646867e-02 7.752096e-01 -3.178298e-02 -4.395312e-02 4.902632e-03 -1.923637e-03
1.230686e+00 1.259615e-02 2.131344e-02 -2.095084e-03 -2.389804e-01 1.412365e-01 3.342892e-03
8.717412e+00 -9.381547e-02 -2.157346e-02 -1.296867e-02 2.442582e-02 -1.062194e-01 -1.312117e-02
2.531275e+00 4.210500e-03 -4.874898e-03 -1.726699e-04 3.755792e-01 3.243916e-01 6.848031e-04
1.806942e+00 -2.969960e-01 9.079207e-01 -5.004599e-02 -3.831988e-02 -1.253507e-02 3.533966e-03
1.791258e+00 6.657835e-01 2.430597e-01 -2.361919e-02 -1.554929e-02 4.259225e-02 -4.186502e-03
6.916183e+00 1.885713e-01 -1.817227e-01 1.362706e-02 4.886389e-02 5.070543e-02 -5.224057e-03
4.602996e+00 -1.662331e-01 7.439946e-01 -2.297152e-02 -4.654037e-02 -1.039867e-02 2.379690e-03
5.607077e+00 8.031121e-02 -2.338429e-01 -2.659265e-02 6.913861e-02 2.374502e-02 -1.875363e-03
4.954457e+00 5.032344e-01 1.828093e-02 -1.159065e-01 -2.006682e-03 5.523962e-02 1.551291e-03
2.112802e+00 -1.394532e-02 -5.532601e-02 -3.611449e-03 1.650953e-01 -4.161347e-02 3.376371e-03
4.161278e+00 -1.513970e-02 6.219640e-02 -3.792494e-03 -1.355896e-01 -3.300491e-02 6.636863e-03
4.929691e+00 4.519009e-02 6.042202e-02 -3.837022e-03 -1.201700e-01 8.987606e-02 -4.068360e-03
3.814048e+00 5.464396e-01 -1.335418e-02 -3.539985e-03 1.293864e-03 5.294362e-02 -4.579568e-04
9.765680e+00 -8.306207e-01 3.443691e-01 -5.628155e-02 -1.659581e-02 -4.002920e-02 -3.208810e-03
3.492461e+00 -4.260505e-01 -4.093589e-02 -4.709294e-02 5.883588e-03 -6.123491e-02 2.005830e-03
3.023307e+00 -2.370200e-01 -2.956351e-01 3.291165e-02 4.442291e-02 -3.561525e-02 5.635996e-03
7.292070e-01 -7.228799e-01 -5.514452e-01 5.234516e-02 2.392481e-02 -3.136261e-02 -6.937795e-04
8.419696e-01 -3.571310e-01 -2.265923e-01 -3.363311e-02 3.431265e-02 -5.408001e-02 2.413573e-03
5.977629e+00 -4.641037e-01 5.891303e-01 -8.109714e-02 -3.854094e-02 -3.036170e-02 1.056355e-03
9.667195e+00 4.524494e-01 2.609514e-01 -6.052186e-02 -2.740320e-02 4.751292e-02 -2.106289e-03
1.623178e+00 -3.504761e-01 -9.324496e-01 1.375843e-01 3.387951e-02 -1.273416e-02 4.592008e-04
7.077510e-01 5.297683e-01 2.174447e-01 3.473745e-02 -1.955813e-02 4.765019e-02 -3.410719e-04
3.719266e+00 7.682198e-02 1.288034e-01 -1.909644e-02 -7.428663e-02 4.430665e-02 2.979658e-03
9.251552e+00 8.466585e-01 -3.557997e-01 -2.449852e-02 1.568540e-02 3.732487e-02 9.663236e-04
2.271835e+00 -4.403750e-02 -6.046764e-01 7.344234e-02 4.467386e-02 -3.253517e-03 -3.298254e-04
6.832039e+00 -4.794243e-01 -1.858436e-01 -7.617240e-02 2.149938e-02 -5.546237e-02 2.777172e-03
6.233523e+00 6.502503e-01 -5.923950e-01 -9.787877e-03 2.926760e-02 3.212597e-02 -2.143070e-03
6.322226e+00 7.957223e-02 7.433882e-01 -1.410478e-02 -4.549267e-02 4.869533e-03 -4.363042e-05
1.300108e+00 -5.333651e-01 -2.119193e-01 -8.517209e-02 1.678210e-02 -4.223771e-02 1.868848e-03
9.508998e+00 -6.827355e-01 7.958415e-02 -2.712272e-02 -5.733620e-03 -4.918751e-02 -1.183329e-03
4.329620e+00 -4.673851e-01 7.368237e-01 4.830061e-02 -3.139158e-02 -1.991244e-02 -5.545481e-04
7.583662e+00 1.828836e-01 -5.295294e-01 5.160131e-02 4.743403e-02 1.638229e-02 -4.126518e-04
1.041655e+00 9.776228e-02 -8.991699e-02 -1.029159e-02 6.619990e-02 7.197587e-02 3.602894e-03
1.070130e+00 3.232970e-01 8.513095e-01 5.779546e-02 -3.415610e-02 1.297127e-02 -2.981644e-04
9.624783e+00 -4.539330e-02 -4.071438e-04 4.484861e-03 1.817048e-03 -2.025864e-01 -8.778744e-03
8.207095e+00 9.776601e-01 1.400091e-01 -5.807714e-02 -5.892036e-03 4.114310e-02 -6.396176e-04
3.707422e+00 -7.622716e-01 7.293172e-02 7.639138e-02 -4.052564e-03 -4.235680e-02 -9.198705e-07
9.527220e+00 3.467143e-01 1.594597e-01 -1.061961e-02 -2.558928e-02 5.563895e-02 1.557520e-03
1.645599e+00 -5.479017e-03 -5.498666e-01 -5.438513e-03 5.192717e-02 -5.174161e-04 -4.939517e-04
9.546659e+00 3.551174e-04 -1.646671e-01 -4.963188e-03 1.076449e-01 2.321446e-04 -8.685338e-03
7.893288e-01 -6.836447e-01 -3.603897e-03 3.277726e-02 2.427834e-04 -4.605502e-02 3.015340e-03
8.112437e+00 5.792229e-02 -2.416217e-02 -7.155897e-03 6.478395e-02 1.553021e-01 -2.371398e-02
3.196258e+00 4.737167e-01 5.165942e-01 -1.309632e-02 -3.258077e-02 2.987656e-02 -4.487355e-04
3.664445e+00 1.354037e-01 8.316019e-01 8.523954e-02 -3.883452e-02 6.323144e-03 -1.123593e-04
9.307518e+00 6.551243e-01 6.174713e-01 -3.833713e-02 -3.134165e-02 3.325284e-02 -2.570171e-03
7.579090e-01 -1.619208e-01 7.498669e-01 1.336266e-01 -4.266911e-02 -9.213655e-03 4.191314e-04
6.292692e+00 3.213861e-01 -7.762034e-01 -1.429499e-01 3.754593e-02 1.554585e-02 1.982014e-03
3.541779e+00 -8.876068e-02 -8.461556e-02 1.740955e-02 8.565818e-02 -8.985437e-02 -1.063488e-03
3.927020e+00 2.147931e-01 3.823093e-01 -1.892037e-02 -4.458521e-02 2.504933e-02 -1.621443e-03
7.888630e+00 -2.312683e-01 -2.991563e-01 -8.238507e-03 5.457473e-02 -4.218999e-02 -4.849238e-03
7.429751e+00 8.476113e-01 -1.625025e-01 2.005082e-02 7.521905e-03 3.923418e-02 1.036619e-03
2.307405e+00 2.890917e-02 -1.056276e-01 4.184962e-03 1.040850e-01 2.848697e-02 5.026397e-03
6.447640e+00 2.084371e-01 -1.915415e-01 -6.545028e-02 4.957879e-02 5.395208e-02 -1.284851e-04
2.303590e+00 4.243974e-01 5.623169e-01 -6.237643e-02 -3.687298e-02 2.782915e-02 -6.709110e-05
5.818480e+00 1.076998e-01 -5.727097e-02 1.405310e-02 5.149443e-02 9.683685e-02 -5.160744e-03
7.176702e-01 -4.205520e-02 2.515075e-02 9.173297e-04 -8.565991e-02 -1.432341e-01 2.004812e-04
7.901614e+00 -6.508683e-01 5.767434e-01 -3.125083e-04 -2.868517e-02 -3.237189e-02 2.719442e-03
4.556844e+00 -6.770196e-01 2.120821e-01 -7.848297e-02 -1.401776e-02 -4.474824e-02 3.118571e-03
3.189575e+00 -5.702131e-01 -3.025425e-01 5.540214e-02 1.964100e-02 -3.701813e-02 -2.730510e-03
1.558042e+00 -5.387126e-02 1.799428e-01 1.536878e-02 -9.459418e-02 -2.831959e-02 -2.064971e-03
3.902278e+00 9.626567e-01 -1.524680e-01 4.436065e-03 6.756543e-03 4.265965e-02 -1.957978e-03
6.107363e+00 -1.517619e-01 7.590512e-02 1.798224e-02 -4.065703e-02 -8.128814e-02 -1.415923e-04
5.121382e+00 2.547837e-01 9.376257e-02 4.566507e-02 -2.305909e-02 6.265912e-02 -1.364818e-03
5.267531e+00 -6.134229e-03 -2.078164e-02 -2.735795e-03 2.291651e-01 -6.764388e-02 -4.603085e-03
9.472676e-01 2.225345e-01 7.156374e-01 7.224749e-02 -4.809912e-02 1.495690e-02 1.674428e-03
6.600669e+00 -9.235970e-01 3.745715e-01 -1.243198e-01 -1.293817e-02 -3.190220e-02 3.918000e-04
5.939922e+00 3.713763e-01 1.339076e-01 -4.222174e-02 -1.980150e-02 5.491700e-02 -7.058266e-04
5.370739e+00 1.697484e-01 -1.851671e-01 -4.763551e-02 5.236904e-02 4.800832e-02 1.031511e-03
1.882056e+00 -3.532767e-02 -2.576371e-01 -2.772598e-02 8.139356e-02 -1.116083e-02 1.854803e-03
4.767151e+00 -6.231902e-01 -1.566373e-01 -3.316847e-02 1.252603e-02 -4.983553e-02 -1.882287e-03
8.969835e+00 -4.872317e-03 -1.242107e-02 3.416961e-04 3.390455e-01 -1.329947e-01 7.056203e-03
3.079369e+00 3.955730e-01 4.581856e-01 9.430712e-02 -3.570498e-02 3.082577e-02 8.291204e-04
4.239789e+00 -4.278288e-02 -2.569370e-01 5.422520e-02 6.955236e-02 -1.158124e-02 -1.240614e-03
4.653743e+00 2.483936e-01 7.422346e-01 -1.244668e-01 -4.663764e-02 1.560759e-02 -4.433062e-04
1.064388e+00 7.049690e-01 3.394225e-01 1.389590e-01 -1.908082e-02 3.963021e-02 3.436410e-03
6.879410e+00 -5.733399e-02 -3.115561e-02 3.077496e-03 7.687900e-02 -1.414763e-01 1.407867e-02
7.673689e+00 2.062525e-01 7.137505e-01 1.097245e-01 -4.549484e-02 1.314665e-02 -5.362183e-03
6.313092e+00 5.703329e-01 7.933704e-01 -1.558612e-01 -3.518190e-02 2.529133e-02 4.745162e-03
6.959553e+00 6.236775e-01 6.333972e-01 1.034329e-01 -2.614305e-02 2.574187e-02 -1.331712e-03
8.568440e+00 4.552529e-02 1.973754e-02 1.742755e-03 -7.384787e-02 1.703325e-01 -1.304670e-02
6.475653e+00 -5.538379e-01 2.919407e-01 -2.543952e-02 -2.444661e-02 -4.637742e-02 -2.189436e-03
8.647607e+00 5.223846e-01 -3.643183e-01 -7.943436e-03 2.942509e-02 4.219172e-02 -3.309858e-03
6.753834e+00 -1.671704e-02 -3.307608e-03 -1.795204e-04 5.941672e-02 -3.002991e-01 -3.731700e-03
9.741515e+00 6.513395e-01 1.239911e-01 1.069117e-02 -9.566259e-03 5.025264e-02 -3.399902e-03
4.868677e+00 -6.252693e-01 -5.779271e-01 -2.972706e-02 3.132325e-02 -3.388917e-02 1.203802e-03
2.281353e+00 -1.473204e-01 -3.424257e-01 3.047171e-02 5.865920e-02 -2.523670e-02 -2.286014e-03
9.311780e+00 8.711702e-01 -5.586622e-02 -1.414301e-01 2.804838e-03 4.373826e-02 2.530282e-03
2.925165e+00 7.217120e-01 3.358296e-01 -2.277249e-02 -1.626792e-02 3.496045e-02 -3.340179e-04
3.357567e+00 -1.495923e-01 -3.493182e-01 6.723230e-02 6.133784e-02 -2.626736e-02 -3.283132e-03
5.570567e+00 4.671370e-01 4.432781e-01 8.067121e-03 -3.283587e-02 3.460322e-02 2.156068e-03
7.133178e+00 3.727196e-01 -3.333288e-01 1.127737e-01 4.073524e-02 4.554907e-02 -3.389361e-03
6.028561e+00 5.095951e-01 -4.290362e-02 -1.702537e-03 4.826913e-03 5.733248e-02 1.187863e-03
5.736492e+00 -4.325773e-01 7.236146e-01 -1.241295e-01 -3.312791e-02 -1.980389e-02 -1.679142e-03
7.889333e-01 5.354531e-01 -3.850571e-01 -5.255161e-02 2.646550e-02 3.680243e-02 -6.166006e-04
7.047454e+00 -2.944572e-01 1.015860e-01 2.982030e-02 -2.082324e-02 -6.035822e-02 -3.517663e-03
6.231475e+00 -6.645563e-01 -4.567597e-01 3.614748e-02 2.251363e-02 -3.275590e-02 -1.110908e-03
7.883432e+00 -1.662105e-01 7.124266e-01 5.417468e-02 -4.609340e-02 -1.075368e-02 3.760653e-03
6.690904e+00 5.909543e-02 4.153419e-03 4.740489e-04 -9.896254e-03 1.408053e-01 -1.984359e-03
6.680719e+00 1.066695e-02 2.730549e-02 1.594045e-03 -2.380454e-01 9.299295e-02 -1.213240e-03
4.300267e+00 2.711858e-01 -5.899072e-02 2.282398e-02 1.375569e-02 6.323617e-02 3.472009e-03
6.841776e-01 -8.994111e-02 -3.237632e-02 6.714021e-04 4.244252e-02 -1.179049e-01 7.206851e-03
7.506884e+00 2.678103e-02 -9.594865e-03 2.487655e-03 8.601849e-02 2.400934e-01 7.304856e-03
1.304154e+00 7.323485e-01 5.788844e-01 -8.794557e-02 -2.787364e-02 3.526303e-02 3.245096e-03
7.052303e+00 -6.412330e-01 -5.723564e-01 3.939224e-02 2.424109e-02 -2.715823e-02 -2.400065e-04
5.174085e+00 1.000828e-01 5.923952e-02 6.953704e-04 -5.660600e-02 9.563357e-02 -1.608795e-03
2.989050e+00 -5.279011e-01 -2.273169e-01 -1.267520e-02 2.216149e-02 -5.146594e-02 -2.076986e-03
9.667718e+00 3.004218e-01 5.879124e-02 2.230547e-04 -1.490135e-02 7.614554e-02 3.928227e-03
6.247401e+00 4.524135e-01 -6.710127e-01 1.767842e-01 3.117698e-02 2.102030e-02 -8.501652e-04
2.382970e+00 1.324161e-01 -5.189354e-01 -5.965318e-02 5.235236e-02 1.335869e-02 6.640798e-03
3.272539e+00 -6.080549e-01 8.974032e-02 -4.736174e-03 -7.465042e-03 -5.058101e-02 2.814200e-03
4.704986e+00 -4.251925e-01 5.631546e-01 2.839846e-03 -3.489277e-02 -2.634471e-02 2.854111e-04
9.847562e+00 -2.682526e-01 -4.098581e-01 -2.941544e-03 4.845604e-02 -3.171454e-02 4.195855e-03
4.695613e+00 -5.958627e-02 -1.172034e-01 -1.213273e-02 9.680835e-02 -4.921743e-02 -1.576012e-03
7.309267e+00 -9.197275e-02 2.466546e-01 9.198332e-03 -7.916677e-02 -2.951977e-02 -1.283346e-03
1.544806e+00 1.100893e-01 3.068153e-01 -4.356485e-02 -6.901820e-02 2.476462e-02 5.821322e-03
8.757438e+00 -5.370285e-01 -1.474016e-01 -1.320641e-02 1.496216e-02 -5.451169e-02 -4.776535e-04
2.281693e+00 2.519175e-01 5.782584e-01 5.706037e-02 -4.049558e-02 1.764185e-02 -3.549588e-04
5.257687e+00 -7.209709e-01 1.476038e-02 3.187086e-02 -9.442857e-04 -4.612366e-02 2.021813e-03
7.270685e+00 -5.721072e-01 -3.229269e-01 -1.118203e-01 2.597872e-02 -4.602469e-02 3.480326e-04
3.705347e+00 3.853668e-02 -6.008127e-02 4.201283e-03 1.259053e-01 8.075682e-02 7.836482e-03
1.758939e+00 -7.269589e-01 6.540810e-02 7.266916e-02 -3.839570e-03 -4.267376e-02 3.312031e-03
9.757414e+00 8.801921e-01 -3.624322e-01 8.731752e-02 1.587214e-02 3.854662e-02 2.526390e-04
2.983877e+00 -2.064476e-02 2.659023e-01 1.434037e-02 -7.810013e-02 -6.063725e-03 -1.503210e-03
2.872642e+00 8.151396e-03 -2.558084e-03 1.430733e-03 1.380619e-01 4.399376e-01 -2.218591e-02
9.314274e+00 2.246244e-02 -1.886568e-01 1.940889e-02 8.120595e-02 9.668795e-03 3.241413e-03
9.896480e+00 3.539747e-02 -4.919428e-02 6.355959e-03 1.226998e-01 8.828791e-02 2.835313e-03
6.877057e+00 -3.842468e-02 -3.641891e-01 3.244393e-02 5.753020e-02 -6.069867e-03 4.778591e-03
4.223285e+00 -5.744509e-01 3.977941e-02 5.656661e-02 -3.539232e-03 -5.110973e-02 2.340681e-03
6.488117e+00 -2.698631e-02 8.694887e-01 6.308871e-02 -3.855042e-02 -1.196489e-03 4.267976e-04
8.288558e+00 4.638593e-02 6.703343e-02 -1.762296e-02 -1.105810e-01 7.652010e-02 -4.819731e-03
2.189587e+00 2.151019e-01 -6.127449e-01 4.948837e-02 4.533035e-02 1.591306e-02 3.174785e-03
5.090870e+00 5.158441e-01 1.870792e-01 7.844125e-03 -1.911786e-02 5.271475e-02 -1.613883e-03
2.385578e+00 5.733772e-01 -3.582906e-01 -6.509037e-02 2.536785e-02 4.059651e-02 -5.670601e-03
5.026066e+00 -1.898610e-01 -4.386115e-01 -1.379590e-01 5.136361e-02 -2.223368e-02 9.535995e-04
5.154907e+00 1.903683e-01 -8.822598e-01 -1.510056e-01 3.688468e-02 7.958739e-03 -2.353981e-03
5.765643e+00 -2.771509e-01 -1.288026e-02 -2.783468e-03 3.033608e-03 -6.527563e-02 2.333637e-03
9.925615e-01 -5.159752e-01 5.315718e-01 -5.624893e-02 -3.299351e-02 -3.202546e-02 9.347512e-04
5.325067e+00 9.102668e-01 3.150306e-01 1.585238e-01 -1.446286e-02 4.178978e-02 2.137503e-03
9.827560e+00 9.992175e-02 4.663420e-01 1.035426e-02 -5.369776e-02 1.150566e-02 -2.041878e-04
3.477341e+00 -2.868057e-02 -7.114531e-03 1.487932e-03 5.282224e-02 -2.129405e-01 9.873128e-03
8.822866e+00 -4.908184e-02 -9.899720e-01 3.759453e-02 4.363561e-02 -2.163410e-03 5.584779e-05
2.206905e+00 1.239203e-01 -2.250790e-02 -2.678086e-03 1.837709e-02 1.011776e-01 -7.980428e-04
4.117968e+00 6.396997e-01 -3.350901e-01 4.441034e-02 2.375748e-02 4.535394e-02 1.582686e-05
6.722799e+00 4.795646e-01 -6.156522e-01 -8.227431e-03 3.074902e-02 2.395206e-02 5.262006e-04
9.119783e+00 -2.182515e-01 3.452363e-01 -2.933302e-02 -5.463048e-02 -3.453630e-02 9.905364e-04
1.931180e+00 -7.703283e-02 2.550763e-01 -2.476977e-02 -7.624318e-02 -2.302537e-02 1.753475e-03
7.353452e-01 4.119035e-02 -9.955836e-01 8.426250e-02 4.232628e-02 1.751168e-03 4.284810e-04
4.024142e+00 1.184351e-01 -2.888055e-01 1.158961e-02 5.702162e-02 2.338377e-02 2.236018e-03
7.376148e-01 -9.584389e-03 -3.783662e-02 -6.982558e-03 1.675851e-01 -4.245095e-02 -5.419000e-04
2.643986e+00 -2.978644e-01 -1.243505e-01 9.708569e-03 2.775306e-02 -6.647858e-02 -2.227350e-03
3.856483e+00 5.073575e-01 2.657054e-01 -3.843858e-02 -2.089554e-02 3.989950e-02 -4.021871e-04
2.222854e+00 4.933129e-02 -3.293663e-01 -2.347195e-02 6.465257e-02 9.683429e-03 9.456024e-04
7.879793e+00 7.216399e-01 -2.075502e-01 2.178210e-02 1.138261e-02 3.957666e-02 1.515697e-03
4.408041e+00 5.107323e-01 1.762623e-01 4.072626e-02 -1.532613e-02 4.440853e-02 -8.802634e-04
3.617313e+00 -1.940182e-02 3.767349e-01 -8.374275e-02 -5.616075e-02 -2.892275e-03 5.358002e-04
4.132041e+00 -9.057142e-01 3.117234e-01 -5.448276e-03 -1.440826e-02 -4.186329e-02 -8.159614e-04
4.492836e+00 2.122399e-01 -6.848768e-01 6.333799e-02 3.857588e-02 1.195448e-02 -2.374979e-04
1.286752e+00 6.352505e-03 -9.771210e-04 -9.883745e-04 6.821347e-02 4.434726e-01 -3.800634e-02
4.895819e+00 -8.829144e-01 -3.363761e-01 3.865091e-02 1.299255e-02 -3.410262e-02 3.036616e-03
7.631616e+00 -1.696265e-01 6.848689e-02 5.760385e-03 -3.731284e-02 -9.241546e-02 5.993676e-04
8.094646e+00 -1.264155e-01 -2.836612e-02 1.821784e-02 2.580015e-02 -1.149801e-01 9.383468e-03
5.337218e+00 1.926960e-01 -4.072093e-01 -1.069631e-03 5.728397e-02 2.710741e-02 4.274655e-03
1.190553e+00 -6.032897e-01 -3.283739e-01 -3.394075e-02 2.506617e-02 -4.605167e-02 -7.417669e-04
1.407985e+00 6.078820e-01 2.119870e-01 -4.531907e-02 -1.731373e-02 4.964787e-02 3.421763e-04
6.678175e+00 -1.930086e-01 7.395817e-02 8.319347e-03 -2.799908e-02 -7.306918e-02 -5.024338e-03
8.183201e+00 -4.843025e-01 5.965130e-01 8.146257e-02 -3.392618e-02 -2.754430e-02 -2.492888e-04
3.700082e+00 -4.769511e-02 -7.722679e-01 5.515438e-02 4.557440e-02 -2.814666e-03 2.161213e-03
7.654186e+00 -3.576999e-01 -4.996330e-01 -9.522424e-02 4.078810e-02 -2.920123e-02 1.543693e-03
2.442601e+00 -1.889342e-01 -8.383194e-01 -3.105732e-02 3.629151e-02 -8.179110e-03 3.208394e-04
1.404897e+00 -4.960587e-01 -2.874958e-01 1.732727e-01 2.461682e-02 -4.247500e-02 -1.990129e-03
3.184840e+00 4.902850e-01 3.333889e-01 -1.120883e-02 -3.101868e-02 4.561637e-02 -3.185903e-04
5.778160e+00 -6.952259e-01 -2.367853e-01 -8.940124e-02 1.284064e-02 -3.770144e-02 2.000573e-03
3.721054e+00 -4.195856e-01 -1.926014e-01 4.507727e-02 2.200418e-02 -4.793650e-02 -4.073216e-03
3.833770e+00 7.594812e-01 3.118737e-01 1.421823e-02 -1.589289e-02 3.870269e-02 2.402077e-03
8.616493e+00 1.246708e-01 5.878636e-01 -1.539574e-02 -5.410629e-02 1.147456e-02 -1.144528e-03
9.195001e+00 -4.714048e-01 -2.096571e-01 -1.833861e-02 2.151351e-02 -4.837219e-02 -4.368728e-05
3.493930e+00 6.260597e-01 -5.367486e-01 -6.493947e-03 2.606995e-02 3.040780e-02 -2.235089e-03
4.486487e+00 -4.541851e-02 4.138690e-02 -7.797309e-03 -1.104724e-01 -1.212338e-01 7.603578e-03
8.547712e+00 -5.287573e-01 1.157763e-01 -1.886976e-02 -1.039308e-02 -4.746582e-02 -2.970951e-03
5.284447e+00 3.804038e-01 6.024523e-01 -5.214974e-02 -3.604839e-02 2.276188e-02 -1.940309e-03
9.173521e+00 -1.049773e-01 -7.897773e-01 2.541816e-02 4.302666e-02 -5.719107e-03 -1.628055e-03
6.587438e+00 -5.182521e-01 -8.132718e-01 4.193992e-03 3.536383e-02 -2.253536e-02 1.263915e-04
8.199283e+00 -2.598120e-01 -2.587174e-01 -7.675294e-02 4.705807e-02 -4.725716e-02 -2.211108e-03
7.322602e-01 -2.288535e-01 -2.294143e-01 -3.690761e-02 5.359922e-02 -5.346820e-02 -1.713328e-03
7.988752e+00 3.142293e-02 -1.449179e-01 5.750296e-03 1.074888e-01 2.330709e-02 -4.025614e-03
4.972666e+00 -1.138940e-02 4.209605e-02 5.234501e-03 -1.559473e-01 -4.219269e-02 5.438151e-03
7.281926e+00 1.080598e-01 1.845014e-01 -1.616420e-02 -7.281629e-02 4.264744e-02 -3.184542e-03
1.247857e+00 5.325291e-01 -3.413748e-01 1.100426e-01 2.818048e-02 4.396025e-02 -4.310803e-03
3.347778e+00 -4.432660e-01 -6.420808e-01 1.665735e-02 3.399692e-02 -2.347006e-02 1.451920e-03
7.112977e+00 3.884431e-01 7.176851e-01 -3.725249e-02 -3.731649e-02 2.019734e-02 -4.552282e-03
3.792975e+00 3.614843e-01 2.588132e-01 2.849741e-02 -3.737700e-02 5.220446e-02 3.551044e-03
4.300005e+00 1.640212e-01 4.559848e-01 -8.898384e-03 -5.884461e-02 2.116686e-02 -2.969841e-03
1.512397e+00 1.715748e-01 6.007794e-01 1.465388e-01 -4.412553e-02 1.260168e-02 5.410944e-05
9.555769e+00 8.376377e-02 3.527903e-01 -5.406140e-02 -5.878818e-02 1.395820e-02 1.931970e-03
1.662050e+00 9.188905e-01 -2.737696e-01 -1.580597e-02 1.250186e-02 4.196169e-02 9.290570e-04
7.961381e+00 4.321217e-01 9.546293e-02 -9.481313e-03 -1.102194e-02 4.989184e-02 -3.333969e-03
4.486413e+00 -9.244770e-02 -7.886768e-01 -5.311356e-04 4.430063e-02 -5.192864e-03 3.437780e-03
5.958540e-01 3.561297e-01 -3.027917e-01 4.098701e-02 3.975780e-02 4.676130e-02 -3.518564e-03
7.215705e+00 6.129876e-01 -5.590284e-01 -6.547729e-02 2.836911e-02 3.110738e-02 2.099249e-03
6.096110e+00 1.145009e-01 8.173624e-02 -4.671522e-04 -5.696220e-02 7.979599e-02 -7.210458e-05
9.855483e-01 2.258681e-02 1.136830e-01 -2.440734e-03 -1.120532e-01 2.226299e-02 4.834138e-03
2.601782e+00 -7.462636e-02 1.358616e-01 -4.311835e-03 -7.908845e-02 -4.344189e-02 -1.312964e-03
9.299742e+00 -1.452026e-01 9.752382e-02 -5.411584e-03 -5.111668e-02 -7.610730e-02 2.602870e-03
1.023048e+00 -1.252855e-01 -9.161620e-01 4.180701e-02 3.700733e-02 -5.060766e-03 -3.405678e-04
8.138869e+00 -2.965224e-01 -9.436439e-02 -2.655471e-02 2.367215e-02 -7.438530e-02 2.157464e-04
6.037559e-01 6.880667e-02 6.498714e-01 5.616125e-02 -5.197012e-02 5.502459e-03 1.898792e-03
5.453669e+00 -2.890438e-01 -6.455078e-01 4.234563e-03 4.358280e-02 -1.951539e-02 3.208260e-04
6.769636e+00 4.722873e-01 3.612611e-01 1.988178e-03 -3.158153e-02 4.128747e-02 2.126935e-03
7.885499e+00 7.259088e-01 4.277236e-01 -1.154969e-02 -2.420614e-02 4.108132e-02 -1.392589e-03
6.756946e+00 -2.349055e-01 -4.001881e-01 -2.053578e-02 4.277394e-02 -2.510778e-02 -3.644060e-04
3.430706e+00 2.018185e-01 4.134557e-01 3.251783e-02 -5.417392e-02 2.644369e-02 1.046069e-03
7.518067e+00 5.080677e-01 8.274036e-01 1.673896e-03 -3.072594e-02 1.886728e-02 -4.701394e-05
9.648536e+00 -2.389449e-01 4.749982e-01 -5.123086e-02 -4.710385e-02 -2.369530e-02 -1.998565e-03
3.137803e+00 -3.062972e-01 -2.758745e-01 5.041917e-02 4.092727e-02 -4.544062e-02 -2.718104e-03
4.376925e+00 -7.189186e-01 -4.369466e-01 -9.133902e-02 2.404501e-02 -3.956182e-02 -2.272220e-03
1.858456e+00 2.960373e-01 5.678308e-01 5.051830e-02 -4.371689e-02 2.279170e-02 2.114941e-03
9.111460e+00 -1.780959e-04 2.868192e-01 -2.322699e-02 -6.401393e-02 -3.974845e-05 -3.817138e-03
6.845758e+00 3.813741e-02 2.391321e-02 6.084176e-03 -9.170083e-02 1.462469e-01 -1.396819e-02
4.320102e+00 -2.510627e-01 -9.007906e-01 1.490318e-02 3.923767e-02 -1.093608e-02 -8.659092e-05
1.961076e+00 3.451622e-01 -4.079616e-01 1.161576e-02 4.554281e-02 3.853219e-02 -3.548720e-03
2.203383e+00 -4.212417e-01 4.408006e-01 2.606717e-02 -3.893655e-02 -3.720888e-02 4.834777e-04
2.106566e+00 -1.625412e-01 -4.333683e-01 -7.206323e-02 4.836824e-02 -1.814123e-02 -3.132416e-03
7.363055e+00 2.769521e-01 7.462107e-01 1.551601e-01 -4.047970e-02 1.502383e-02 2.725760e-03
7.628228e+00 3.445388e-02 6.006165e-01 6.866659e-02 -5.231514e-02 3.001016e-03 -5.561480e-04
5.785222e+00 -9.143606e-01 -1.125687e-01 -2.690444e-02 4.929246e-03 -4.003875e-02 -1.333779e-03
2.114108e+00 1.928258e-02 6.225990e-01 -3.274547e-02 -4.605550e-02 1.426389e-03 -2.725948e-03
8.497628e+00 5.971302e-01 5.853393e-01 -2.811385e-02 -3.258882e-02 3.324528e-02 -1.942967e-03
9.545380e+00 -7.552006e-01 -2.594255e-01 -6.916614e-02 1.517028e-02 -4.416144e-02 -9.347154e-04
8.430931e+00 3.111348e-02 2.854728e-01 1.239572e-02 -7.441535e-02 8.110477e-03 -7.636458e-03
5.779408e+00 -6.483494e-03 -2.507386e-01 2.429698e-02 7.624122e-02 -1.971414e-03 -8.199521e-03
9.223958e+00 -3.153865e-01 2.545641e-01 -8.893190e-03 -3.748857e-02 -4.644563e-02 -2.250427e-03
8.118133e-01 6.481253e-01 -6.334095e-01 4.864983e-02 3.109776e-02 3.182024e-02 -2.320531e-03
5.370333e+00 1.511913e-01 7.377434e-01 -3.534543e-02 -4.127973e-02 8.459764e-03 -8.145209e-04
1.805069e+00 -1.826660e-01 9.764488e-01 2.572880e-02 -4.155550e-02 -7.773861e-03 5.116068e-04
4.967512e+00 3.046478e-01 8.319607e-01 6.398579e-02 -3.925731e-02 1.437526e-02 2.051496e-03
5.207271e+00 4.280309e-01 6.497557e-01 -4.960724e-02 -3.576546e-02 2.356074e-02 -3.476029e-03
7.989371e+00 9.257339e-01 -4.069234e-02 6.308454e-02 1.710889e-03 3.892201e-02 1.389595e-03
4.486070e+00 5.805602e-02 2.295814e-02 1.845833e-03 -6.374745e-02 1.612031e-01 -1.427420e-02
3.754932e+00 -6.001273e-02 1.640681e-01 1.677056e-02 -8.358820e-02 -3.057484e-02 4.274613e-04
3.316077e+00 4.735856e-01 -6.443408e-01 1.649160e-01 3.758387e-02 2.762386e-02 -1.637293e-03
2.129635e+00 -2.354005e-01 -7.365056e-02 3.747990e-02 2.063187e-02 -6.594316e-02 -3.264225e-04
4.022569e+00 -7.531612e-01 5.474415e-01 2.471616e-02 -2.460206e-02 -3.384711e-02 -1.430369e-03
1.339517e+00 -5.057019e-01 5.564284e-01 4.461182e-02 -3.385410e-02 -3.076781e-02 1.368054e-04
4.334995e+00 -1.492020e-01 -1.167783e-01 2.671045e-02 5.603718e-02 -7.159595e-02 6.363169e-03
4.548453e+00 -3.311282e-02 -6.688087e-02 -1.497650e-03 1.159961e-01 -5.742986e-02 7.456595e-03
1.296606e+00 2.486247e-01 4.784166e-01 -5.863664e-03 -4.714287e-02 2.449933e-02 3.122481e-03
2.980287e+00 -1.047901e-01 4.345224e-01 4.253736e-03 -5.384968e-02 -1.298647e-02 -3.550315e-03
7.853075e+00 4.402162e-02 3.551805e-02 -3.119830e-03 -1.048530e-01 1.299565e-01 2.143171e-03
7.603148e+00 -5.747045e-01 -1.376596e-01 6.679905e-02 1.032726e-02 -4.311450e-02 -4.281953e-03
6.754028e+00 1.664486e-01 9.087975e-03 -1.807188e-03 -4.661805e-03 8.538217e-02 2.248846e-03
7.353977e+00 3.099970e-01 -1.428588e-01 1.026020e-02 2.488947e-02 5.400898e-02 -4.633690e-03
2.815832e+00 6.424252e-01 4.372024e-01 -3.290041e-02 -2.765906e-02 4.064222e-02 -2.435525e-03
5.561294e+00 1.528984e-01 6.606163e-01 7.025160e-02 -4.700245e-02 1.087863e-02 -9.556428e-04
7.518410e+00 4.370169e-01 -4.076246e-01 -9.011750e-03 3.786506e-02 4.059538e-02 -3.474147e-03
8.877724e+00 5.722268e-01 7.382417e-01 9.675499e-02 -2.875674e-02 2.228996e-02 -1.582594e-04
7.608562e+00 -8.394695e-04 9.032682e-01 -3.420080e-04 -4.367635e-02 -4.059144e-05 -1.167836e-03
2.432498e+00 -1.007266e-01 -1.239574e-02 5.440355e-03 1.531618e-02 -1.244578e-01 -4.216560e-03
5.453753e+00 -8.414785e-02 -4.412252e-02 -8.375071e-03 5.471963e-02 -1.043580e-01 4.026368e-03
6.768790e+00 6.492400e-01 7.495997e-01 6.331029e-02 -2.662688e-02 2.306196e-02 -2.367926e-03
4.885050e+00 6.085792e-01 1.220576e-01 9.838673e-02 -1.073026e-02 5.350108e-02 5.271329e-03
5.092791e+00 -8.883929e-01 -4.054684e-01 -5.959972e-02 1.726389e-02 -3.782568e-02 -5.544090e-03
9.731549e+00 1.252105e-01 7.203615e-02 4.184351e-03 -5.490162e-02 9.542793e-02 -6.243577e-03
6.393116e+00 -6.880983e-01 -1.285585e-01 -3.820930e-02 9.453727e-03 -5.060027e-02 -2.920856e-04
9.703166e+00 5.525307e-02 1.274798e-01 -1.001331e-02 -1.003430e-01 4.349129e-02 -4.000679e-03
9.627352e+00 5.365316e-01 6.280198e-01 1.541046e-01 -3.131091e-02 2.674962e-02 4.804979e-05
4.251262e+00 -4.899008e-02 -1.165080e-01 4.023933e-03 9.867432e-02 -4.149124e-02 5.736372e-03
6.984894e+00 2.818512e-02 6.400339e-01 6.031927e-02 -4.465693e-02 1.966554e-03 -1.184798e-03
6.567097e+00 -3.704766e-02 -6.508416e-02 -5.548218e-03 1.146761e-01 -6.527676e-02 1.063693e-02
6.942246e+00 1.077232e-02 -1.586338e-03 6.546981e-04 5.553619e-02 3.771288e-01 -2.925340e-02
4.214333e+00 1.779067e-01 -3.208290e-01 1.150133e-02 5.175145e-02 2.869731e-02 2.398715e-03
2.988747e+00 -7.997231e-01 -2.191702e-01 -3.678897e-02 1.101971e-02 -4.020946e-02 4.600766e-04
3.119271e+00 5.621542e-01 -4.678599e-01 -6.156856e-02 2.561126e-02 3.077306e-02 -5.837301e-04
6.034335e+00 -2.868482e-01 -7.555898e-01 -1.556347e-01 4.122648e-02 -1.565101e-02 -1.459416e-03
6.541819e+00 -9.422920e-02 4.391534e-01 1.873523e-02 -6.285160e-02 -1.348607e-02 1.696352e-03
3.893638e+00 9.061631e-01 2.930473e-01 -1.081830e-01 -1.299013e-02 4.016819e-02 8.373287e-04
2.181300e+00 2.570350e-02 -1.618141e-02 4.236773e-03 1.132717e-01 1.799273e-01 2.180715e-03
6.021917e+00 8.441010e-01 -2.634468e-01 1.149487e-01 1.173132e-02 3.758793e-02 6.247218e-04
1.917243e+00 2.851755e-02 -7.323920e-03 -2.190916e-03 5.065979e-02 1.972568e-01 -6.800034e-03
2.242516e+00 -2.651440e-01 -2.276928e-01 -1.686402e-02 4.131073e-02 -4.810557e-02 3.169284e-04
1.725288e+00 -1.002123e-01 -6.302005e-01 6.504426e-02 4.695118e-02 -7.466012e-03 -9.332427e-04
3.772761e+00 4.852913e-02 3.312295e-01 4.528702e-02 -6.384882e-02 9.354627e-03 -1.627815e-03
9.186273e+00 2.235578e-01 -7.812637e-01 -4.059352e-02 4.441424e-02 1.270909e-02 -3.053599e-03
9.093429e+00 -4.724342e-02 4.697833e-01 -8.236562e-03 -5.437821e-02 -5.468506e-03 -6.582477e-04
1.697872e+00 -1.229454e-01 -2.050629e-02 1.285183e-02 1.843144e-02 -1.105057e-01 1.056825e-02
4.876443e+00 1.741141e-01 -1.233231e-01 -2.316289e-02 4.312951e-02 6.089254e-02 3.989481e-03
7.197068e+00 -6.271565e-01 1.686196e-01 -7.429840e-02 -1.331014e-02 -4.950517e-02 2.194796e-03
4.047383e+00 3.969724e-01 6.687672e-01 3.930536e-02 -3.761207e-02 2.232608e-02 -1.843080e-03
3.898185e+00 2.382599e-01 -4.304472e-01 -1.098105e-02 5.123835e-02 2.836130e-02 -2.264908e-03
1.687053e+00 -2.998374e-02 -4.805786e-01 -1.294380e-02 6.006875e-02 -3.747744e-03 2.622413e-04
5.723135e+00 -1.680779e-02 5.185012e-01 -2.975814e-03 -5.670980e-02 -1.838311e-03 -1.709259e-03
1.754355e+00 -8.000158e-01 3.518204e-01 -8.183331e-02 -1.780497e-02 -4.048730e-02 1.414097e-03
4.846484e+00 -2.270887e-01 -1.031439e-01 1.200134e-02 3.024055e-02 -6.657965e-02 -1.418081e-03
2.108912e+00 3.701413e-01 -4.107401e-01 1.030647e-01 4.046849e-02 3.646846e-02 -1.076026e-03
8.002012e+00 2.485300e-01 -4.583281e-01 1.319996e-03 4.292192e-02 2.327456e-02 -9.293650e-05
9.699223e+00 1.743835e-01 2.982764e-01 -2.661350e-02 -6.278978e-02 3.670925e-02 -3.072460e-03
9.424733e+00 -9.625011e-01 -1.575318e-01 -9.221554e-03 6.632181e-03 -4.052187e-02 8.354407e-04
1.541653e+00 1.362172e-02 -6.553958e-01 -6.032090e-02 5.184757e-02 1.077598e-03 -8.720847e-04
4.512683e+00 -4.834751e-01 6.511102e-02 1.854953e-02 -7.834515e-03 -5.817438e-02 2.281647e-04
4.505209e+00 1.934411e-01 9.112640e-01 1.546524e-01 -3.427499e-02 7.275818e-03 1.590067e-05
1.208302e+00 5.137130e-01 -7.427945e-01 -1.954482e-01 3.457108e-02 2.390919e-02 -1.842292e-03
8.917031e-01 -1.971827e-01 -2.896043e-01 7.062640e-03 5.760758e-02 -3.922324e-02 -8.004077e-03
9.353242e+00 7.373542e-01 6.070850e-01 1.022687e-01 -2.708362e-02 3.289526e-02 6.482088e-04
7.648731e+00 -7.404654e-02 -3.672528e-01 4.073354e-02 5.917793e-02 -1.193162e-02 2.558201e-03
4.120802e+00 -3.967360e-02 -9.354027e-02 -4.773263e-03 1.126364e-01 -4.777291e-02 3.226650e-03
9.146224e+00 3.905961e-01 -7.707099e-01 -7.138044e-02 3.788377e-02 1.919951e-02 3.034131e-03
7.785424e+00 -2.005121e-01 7.365098e-02 -1.030728e-02 -2.724930e-02 -7.418522e-02 -2.421947e-04
8.103500e+00 -7.162958e-01 5.468159e-03 4.166068e-02 -3.611021e-04 -4.730220e-02 -1.304521e-04
5.156447e+00 -4.275728e-01 -1.584018e-02 -3.028660e-02 2.441827e-03 -6.591203e-02 -4.367382e-03
5.971391e+00 1.719616e-01 1.096018e-01 -4.886000e-03 -4.095419e-02 6.425576e-02 1.325264e-03
8.570359e+00 6.627815e-01 4.057930e-01 5.273383e-02 -2.553205e-02 4.170149e-02 -1.332019e-03
3.704725e+00 -1.464917e-01 -9.663561e-01 7.301680e-02 4.288786e-02 -6.501448e-03 2.145267e-03
1.456387e+00 7.331531e-01 -2.972352e-01 7.746501e-02 1.830121e-02 4.514131e-02 -5.345970e-03
6.296258e+00 -4.414139e-01 2.075543e-01 -4.124664e-02 -2.595907e-02 -5.520819e-02 2.337485e-03
9.631750e+00 7.645425e-01 4.560847e-01 1.118552e-01 -1.951548e-02 3.271413e-02 -3.556670e-03
4.898626e+00 1.654001e-01 4.243219e-02 1.490492e-02 -2.430987e-02 9.475958e-02 -3.374674e-03
6.757748e+00 -3.267763e-02 -7.684909e-01 9.206861e-02 4.046682e-02 -1.720722e-03 2.265052e-03
6.790359e+00 1.511013e-01 -2.763304e-01 3.483168e-02 5.865444e-02 3.207306e-02 1.749294e-03
5.342020e+00 1.259532e-01 2.292781e-01 -4.614309e-03 -6.124711e-02 3.364591e-02 1.771073e-03
1.235207e+00 -2.082345e-01 7.888199e-01 -6.093812e-03 -3.718613e-02 -9.816483e-03 1.784933e-03
5.582601e-01 4.947493e-01 -5.153813e-01 -6.130629e-02 2.878373e-02 2.763145e-02 3.058666e-03
6.177341e+00 -3.289341e-01 8.707242e-01 7.119852e-02 -3.298847e-02 -1.246208e-02 -8.030341e-04
4.127292e+00 1.509249e-02 -2.216365e-01 2.186141e-02 8.107996e-02 5.521196e-03 -4.225488e-03
2.420259e+00 1.394393e-01 5.740277e-01 -8.117000e-02 -4.356269e-02 1.058198e-02 -4.097364e-03
3.296797e+00 -3.434168e-01 6.929667e-01 -1.646500e-01 -3.792099e-02 -1.879269e-02 -1.159542e-03
8.237843e+00 3.304127e-01 3.363521e-02 -1.573468e-02 -7.121329e-03 6.995578e-02 -4.289948e-03
1.517315e+00 -5.634439e-01 -1.929110e-01 7.910626e-02 1.694666e-02 -4.949689e-02 -2.790190e-03
3.514743e+00 -1.485305e-01 -1.096546e-01 -2.560307e-02 5.652620e-02 -7.656648e-02 -5.490029e-03
1.276690e+00 4.087965e-01 6.267364e-01 1.571925e-02 -3.772905e-02 2.460924e-02 4.723900e-03
7.309291e+00 8.695358e-01 -1.619918e-01 5.729303e-02 7.330906e-03 3.935067e-02 2.983569e-03
5.874426e+00 1.860659e-02 4.227641e-02 -6.288314e-03 -1.465828e-01 6.451366e-02 -1.140142e-03
9.202798e+00 4.985173e-02 4.556808e-01 -4.181573e-02 -5.699684e-02 6.235486e-03 1.372966e-03
3.657857e+00 -1.755638e-03 4.451422e-04 2.615471e-04 -2.455987e-01 -9.686397e-01 -3.486286e-02
1.249721e+00 -6.212748e-02 2.504447e-01 -6.562685e-03 -8.084570e-02 -2.005528e-02 -7.699382e-04
7.916271e+00 -1.202432e-01 -5.282718e-02 1.513270e-02 4.551830e-02 -1.036070e-01 -3.490399e-05
3.380337e+00 2.834128e-01 -2.280528e-02 2.577986e-02 5.549012e-03 6.896039e-02 1.134328e-03
9.994027e+00 7.016597e-01 -1.610084e-01 -9.993760e-02 1.128450e-02 4.917679e-02 -1.652961e-04
9.071093e-01 -2.210371e-02 3.619024e-02 1.907263e-03 -1.594721e-01 -9.739985e-02 3.694752e-03
3.007575e+00 -7.445532e-01 -2.001570e-01 9.513826e-02 1.155338e-02 -4.297678e-02 3.171978e-04
1.145074e+00 5.676441e-01 2.105976e-01 -1.498071e-03 -1.780590e-02 4.799398e-02 3.334200e-04
2.405772e+00 2.792454e-01 -7.604197e-02 -1.134815e-02 1.968940e-02 7.230447e-02 6.850601e-03
7.122978e+00 -3.238352e-01 -8.540318e-02 6.287550e-03 1.825241e-02 -6.921023e-02 2.569952e-03
4.196023e+00 -6.075999e-01 4.456818e-01 -1.115848e-01 -2.896848e-02 -3.949285e-02 4.317177e-03
8.455789e+00 -4.628320e-01 7.378377e-03 -6.137759e-02 -9.807272e-04 -6.151921e-02 -1.785766e-03
3.680691e+00 -3.906685e-01 -4.898161e-02 -5.293692e-02 7.767733e-03 -6.195404e-02 -4.373340e-04
9.981653e+00 -8.705646e-01 6.704017e-02 4.251419e-02 -3.552893e-03 -4.613686e-02 -7.496142e-05
8.705765e-01 -1.711004e-01 3.267560e-01 -2.135284e-03 -6.108605e-02 -3.198669e-02 -1.553231e-03
1.282039e+00 2.983711e-01 -7.472490e-01 8.546814e-02 3.876428e-02 1.547830e-02 -1.902262e-03
1.086260e+00 -8.302620e-02 -4.935979e-02 -2.046469e-03 6.182467e-02 -1.039929e-01 8.980929e-03
7.420208e+00 5.533760e-01 -9.796449e-02 -2.962889e-02 9.547005e-03 5.392855e-02 2.682814e-03
3.571808e+00 4.045084e-01 6.403114e-01 -1.884396e-02 -3.608067e-02 2.279349e-02 6.212464e-04
7.754775e+00 6.014284e-01 -9.721949e-02 7.228447e-03 8.439731e-03 5.221066e-02 -4.465585e-04
3.597446e+00 -3.073151e-02 1.117833e-02 3.276930e-03 -7.422043e-02 -2.040471e-01 3.849488e-03
6.915809e+00 -8.788372e-01 -2.306150e-01 1.389468e-01 9.711397e-03 -3.700860e-02 -1.995082e-03
2.413038e+00 7.328607e-01 -5.811871e-01 -6.962463e-02 2.751072e-02 3.469025e-02 -1.332288e-03
2.990397e+00 -1.923943e-02 3.064417e-02 -4.205079e-03 -1.816995e-01 -1.140770e-01 -2.747798e-03
1.729809e+00 -3.526255e-01 8.465804e-02 8.635911e-03 -1.665336e-02 -6.936612e-02 2.545230e-03
2.603523e+00 9.334450e-02 1.241479e-01 -1.559546e-02 -8.229956e-02 6.187953e-02 -1.726455e-04
9.194294e+00 2.488574e-01 8.870437e-01 -1.708410e-01 -4.201629e-02 1.178754e-02 2.181845e-03
4.746088e+00 -3.125407e-02 3.864195e-01 -1.716115e-02 -6.930992e-02 -5.605868e-03 1.254048e-03
5.254925e+00 2.124907e-01 -3.368876e-01 4.542787e-02 4.978951e-02 3.140455e-02 1.171941e-03
6.837185e+00 1.350295e-01 -1.371118e-01 1.157312e-02 6.049002e-02 5.957134e-02 -1.560833e-03
7.273665e-01 1.829688e-01 5.497240e-03 -3.018091e-03 -2.725637e-03 9.071942e-02 -1.480266e-03
9.227893e+00 -8.924420e-02 6.908442e-02 4.545049e-04 -7.887262e-02 -1.018887e-01 -3.107991e-04
8.865614e+00 -4.549526e-03 -2.934641e-01 5.443949e-02 6.585357e-02 -1.020917e-03 2.133546e-03
2.889834e+00 1.542141e-01 -1.169230e-01 -3.353361e-02 4.844255e-02 6.389268e-02 -5.911446e-03
2.198565e+00 -1.910140e-01 4.018207e-01 -7.950027e-02 -4.695732e-02 -2.232215e-02 -2.523839e-03
6.889143e+00 -9.270018e-01 1.135960e-01 3.476141e-02 -4.502908e-03 -3.674605e-02 2.142441e-03
6.290967e+00 7.528672e-01 -2.054927e-01 -9.540044e-02 1.070320e-02 3.921348e-02 1.771780e-03
6.523004e-01 -2.964196e-03 -6.853053e-01 -7.252486e-02 4.443954e-02 -1.922173e-04 4.641976e-03
3.828440e+00 -4.448481e-01 1.831092e-01 -2.439446e-02 -1.933407e-02 -4.697047e-02 -1.023969e-03
1.387393e+00 6.937068e-02 7.050990e-01 1.370960e-02 -4.742594e-02 4.665968e-03 -1.589618e-03
2.679031e+00 -1.282141e-02 -3.109768e-02 -2.365419e-03 1.748460e-01 -7.208805e-02 -1.182081e-02
3.264206e+00 -8.658151e-01 1.667558e-01 1.054855e-01 -8.203450e-03 -4.259325e-02 -1.298782e-03
3.258218e+00 1.926473e-01 1.284917e-01 3.469259e-03 -4.453469e-02 6.677075e-02 4.258791e-03
6.184860e+00 -4.132988e-02 -9.328785e-01 -3.443832e-02 4.523816e-02 -2.004214e-03 2.369786e-03
7.124938e+00 -2.688836e-01 -3.634206e-01 -4.025157e-02 4.257473e-02 -3.149972e-02 -6.124562e-04
1.709317e+00 3.710357e-01 -3.444617e-01 8.061796e-02 4.048100e-02 4.360396e-02 6.602884e-03
1.378549e+00 -2.141119e-01 -1.921311e-01 -2.805387e-02 4.448188e-02 -4.957085e-02 5.576565e-03
3.103133e+00 -5.063602e-01 3.966859e-01 -2.895839e-02 -3.074150e-02 -3.924079e-02 -5.687975e-04
7.937059e+00 -1.193116e-01 -5.770800e-03 -8.073016e-04 5.997250e-03 -1.239935e-01 -1.893228e-03
2.641946e+00 1.802940e-01 1.899110e-01 2.289705e-02 -5.895765e-02 5.597206e-02 -5.063066e-03
3.025522e+00 2.196003e-01 4.311445e-01 1.199482e-02 -5.353494e-02 2.726763e-02 -6.337394e-04
9.452968e+00 1.210636e-01 5.924092e-01 -5.561528e-02 -4.362232e-02 8.914569e-03 1.304276e-03
3.043428e+00 -5.610456e-02 3.775963e-01 -7.584760e-03 -5.683159e-02 -8.444233e-03 -1.072515e-04
1.969395e+00 6.180015e-02 -8.260044e-02 1.471303e-02 1.072688e-01 8.025657e-02 -6.652022e-03
4.057802e+00 9.130449e-01 2.406853e-01 -1.272001e-01 -9.140018e-03 3.467286e-02 -2.228394e-03
4.703921e+00 -9.204563e-01 -2.883021e-01 1.162421e-01 1.018796e-02 -3.252690e-02 1.014786e-04
4.477615e+00 -2.674444e-03 -2.899098e-02 -1.332000e-03 2.402378e-01 -2.216216e-02 -4.140153e-03
1.530377e+00 -4.167778e-01 1.324717e-01 7.369007e-02 -1.820328e-02 -5.727053e-02 -2.289293e-03
7.987277e+00 -8.091750e-01 -5.007120e-01 9.524906e-03 1.989143e-02 -3.214553e-02 -4.561075e-03
1.083664e+00 -1.433378e-02 2.248829e-03 5.921188e-04 -4.733323e-02 -3.016967e-01 1.917758e-02
6.587492e+00 8.700339e-01 -4.136245e-02 -1.416829e-01 1.903136e-03 4.003131e-02 -3.798560e-05
8.383123e+00 8.502399e-01 -3.495838e-01 -1.106230e-02 1.416741e-02 3.445726e-02 -7.325837e-05
1.741770e+00 -1.425901e-01 -3.389714e-01 1.304518e-02 6.450818e-02 -2.713570e-02 1.072951e-03
5.583164e+00 -9.203759e-02 -3.372719e-01 -3.194899e-02 6.753307e-02 -1.842899e-02 -5.602533e-03
9.955282e+00 -4.583005e-01 -5.831692e-01 -2.493853e-02 3.431561e-02 -2.696792e-02 2.121211e-03
2.348906e+00 2.504374e-01 -4.341422e-01 4.591823e-02 4.306844e-02 2.484427e-02 3.028391e-04
8.926459e-01 3.512088e-01 9.990040e-02 1.546577e-03 -1.820010e-02 6.398406e-02 6.654415e-03
4.142026e+00 -6.026002e-01 3.089629e-01 -5.385652e-02 -1.865790e-02 -3.639029e-02 1.231000e-03
3.663842e+00 -2.302716e-01 -1.563337e-01 6.860056e-03 4.623540e-02 -6.810239e-02 -3.731766e-03
7.600528e+00 1.776707e-01 -9.111839e-02 2.691657e-02 3.664495e-02 7.145356e-02 6.647378e-03
2.677166e+00 -2.352481e-02 1.951053e-01 -5.921473e-03 -7.622358e-02 -9.190656e-03 3.483108e-03
5.519569e+00 -3.095373e-01 8.058636e-01 -3.503522e-02 -3.511628e-02 -1.348838e-02 -1.097179e-03
1.881034e+00 3.037879e-01 -2.067172e-01 4.950448e-02 3.218817e-02 4.730314e-02 -2.233612e-04
7.952202e+00 -2.842310e-01 2.870193e-01 2.854765e-02 -3.769529e-02 -3.732909e-02 -2.478802e-03
4.949216e+00 -6.447010e-02 -4.237501e-01 2.486826e-02 5.501699e-02 -8.370382e-03 2.596326e-03
3.889300e+00 4.470487e-01 2.377443e-01 -1.776792e-02 -2.585339e-02 4.861409e-02 4.614641e-03
7.936790e+00 2.743331e-01 4.125722e-01 -3.543077e-02 -4.782742e-02 3.180206e-02 1.929213e-03
8.332024e+00 1.803284e-02 5.486868e-01 -3.950736e-02 -5.608019e-02 1.843100e-03 -1.972833e-03
1.134083e+00 -7.279356e-01 2.222657e-01 1.273775e-01 -1.454479e-02 -4.763519e-02 -1.972458e-03
9.725715e+00 3.582301e-02 4.153195e-02 -9.033356e-03 -1.158384e-01 9.991539e-02 -1.372882e-02
1.005908e+00 -1.486728e-01 2.088011e-02 -1.548599e-03 -1.346835e-02 -9.589878e-02 3.619026e-03
6.536607e+00 -3.318570e-01 -3.641676e-02 -1.886256e-02 6.788576e-03 -6.186262e-02 4.837598e-04
1.193484e+00 1.426275e-01 9.541327e-02 -2.528580e-02 -4.504271e-02 6.733162e-02 -2.923949e-03
5.234958e+00 -3.215083e-02 -9.756343e-01 1.474182e-01 3.416751e-02 -1.125948e-03 2.530147e-04
4.142667e+00 2.396752e-01 6.398032e-01 -9.770182e-02 -4.259850e-02 1.595772e-02 -2.789780e-03
6.462189e+00 5.754319e-01 -6.822395e-02 -8.400253e-02 6.529625e-03 5.507383e-02 -3.472971e-03
2.244489e+00 -5.370399e-01 7.395954e-02 3.054752e-02 -7.499866e-03 -5.445852e-02 -9.077719e-04
8.354102e+00 -1.065381e-01 1.095684e-01 -5.219086e-04 -7.750386e-02 -7.536037e-02 5.462467e-03
4.594929e+00 3.545243e-01 -5.169856e-01 2.099383e-02 4.178182e-02 2.865200e-02 -2.697669e-03
4.788225e+00 8.330442e-02 -7.318317e-01 -4.016128e-02 4.418510e-02 5.029591e-03 1.962449e-03
8.172667e+00 8.559949e-01 4.716358e-02 -7.789836e-02 -2.590374e-03 4.701397e-02 2.416423e-03
4.554566e+00 -3.312528e-01 5.876828e-02 -3.233554e-02 -1.297256e-02 -7.312101e-02 1.879151e-03
7.125469e+00 1.439733e-02 -2.521250e-01 3.765136e-02 7.663209e-02 4.375995e-03 1.432789e-03
4.826659e+00 -6.713051e-02 -1.297150e-01 -4.629494e-03 8.709434e-02 -4.507333e-02 1.509992e-03
3.154572e+00 -1.598397e-01 -8.184972e-02 1.946408e-02 3.939246e-02 -7.692732e-02 6.046911e-03
3.129536e+00 -5.397186e-01 -6.636652e-01 -3.693498e-02 3.265564e-02 -2.655685e-02 2.040514e-04
7.960796e+00 -6.560080e-01 -4.373730e-01 -4.489603e-03 2.497094e-02 -3.745347e-02 -2.223007e-03
6.777399e+00 -2.826644e-01 4.039944e-02 9.008055e-03 -1.130975e-02 -7.913139e-02 -2.439246e-03
6.651827e+00 -5.094690e-01 -6.506149e-01 5.288560e-02 3.256309e-02 -2.549878e-02 -4.574422e-04
6.465248e+00 -6.026533e-02 1.038621e-01 -1.291206e-02 -1.072351e-01 -6.222254e-02 6.203771e-03
4.746789e+00 2.200711e-01 4.788874e-01 4.069948e-02 -5.262151e-02 2.418203e-02 7.516442e-04
7.538259e+00 7.574718e-01 2.402555e-01 9.574559e-02 -1.144768e-02 3.609197e-02 -3.623713e-04
3.508489e+00 -1.338357e-02 1.383017e-02 1.337420e-03 -2.261169e-01 -2.188151e-01 1.163289e-02
4.911169e+00 -3.180548e-01 -5.711701e-01 6.283471e-02 4.133018e-02 -2.301462e-02 -1.011631e-03
8.014543e+00 -2.613766e-01 -2.649934e-01 -3.101349e-02 4.693780e-02 -4.629717e-02 -1.193730e-03
9.024384e+00 2.442532e-01 -8.294805e-01 -1.388865e-01 3.691829e-02 1.087115e-02 2.535215e-03
7.396652e+00 -6.036386e-02 -2.233394e-01 -1.817559e-02 7.309739e-02 -1.975666e-02 -5.920026e-03
2.859871e+00 -5.808033e-01 7.814913e-01 2.077788e-03 -3.182025e-02 -2.364876e-02 2.428260e-04
6.660746e+00 -5.826955e-01 -7.504631e-04 6.706475e-02 6.035741e-05 -4.686439e-02 2.485778e-04
4.238833e+00 8.624125e-01 2.505598e-01 8.079225e-02 -1.181382e-02 4.066247e-02 2.487799e-05
5.761935e+00 1.781129e-01 7.365779e-01 -2.503778e-02 -4.736535e-02 1.145348e-02 -6.158739e-04
5.660725e+00 2.777845e-01 2.036279e-01 -5.233876e-02 -4.057894e-02 5.535687e-02 5.450923e-03
2.066778e+00 3.540870e-01 2.472164e-01 3.029410e-02 -2.950486e-02 4.225968e-02 -1.959053e-04
6.266328e+00 5.173696e-01 -5.348862e-01 -6.573008e-02 3.340417e-02 3.231024e-02 -4.358979e-04
3.125767e+00 2.467500e-01 -1.408997e-01 2.551373e-02 3.791962e-02 6.640657e-02 -6.405558e-04
3.544575e+00 2.974081e-01 -2.534491e-01 3.029478e-02 4.327069e-02 5.077570e-02 1.293075e-03
3.625242e+00 -6.771403e-01 1.555909e-01 -3.360950e-02 -1.015739e-02 -4.420552e-02 -1.093222e-03
6.305112e+00 2.666463e-01 -2.433065e-02 2.889556e-02 6.624055e-03 7.259485e-02 5.171334e-03
5.108088e+00 -1.980156e-02 2.662254e-01 -1.124388e-02 -7.763528e-02 -5.774428e-03 1.126590e-03
8.391623e+00 -4.398899e-01 6.459631e-01 1.026649e-02 -4.015127e-02 -2.734233e-02 3.645110e-03
1.938339e+00 5.079893e-01 1.055944e-01 -4.177587e-02 -1.058926e-02 5.094240e-02 -2.098900e-03
9.365925e+00 -3.881723e-01 -6.390309e-01 -7.928611e-02 4.304832e-02 -2.614923e-02 3.931616e-03
9.671291e+00 2.323461e-01 -6.924709e-01 1.024675e-02 3.760495e-02 1.261766e-02 -3.976546e-04
3.742278e+00 3.446666e-01 -7.449167e-01 1.692119e-03 4.096921e-02 1.895610e-02 2.222242e-03
6.542360e+00 1.494906e-02 -1.676224e-01 1.862090e-02 1.043797e-01 9.308891e-03 -6.418952e-03
4.306342e+00 -1.636398e-01 -5.699886e-01 -1.596342e-01 5.225938e-02 -1.500331e-02 -9.966702e-04
2.526806e+00 -2.352461e-01 -5.240703e-02 2.136477e-02 1.686447e-02 -7.570171e-02 7.887579e-04
6.490096e+00 -1.119333e-02 -1.646326e-01 -1.419558e-02 9.337685e-02 -6.348666e-03 -3.833080e-04
9.819540e+00 -6.658941e-01 5.983210e-01 2.130663e-02 -2.509192e-02 -2.792574e-02 1.984034e-03
5.914162e+00 5.785513e-01 -4.016620e-02 2.948473e-03 3.103864e-03 4.470785e-02 1.103948e-03
4.940777e+00 -1.457545e-01 7.318252e-01 6.763784e-02 -4.643538e-02 -9.248335e-03 -1.725466e-03
2.765643e+00 -7.728078e-01 -5.441608e-01 7.728533e-02 2.490439e-02 -3.536878e-02 9.984439e-04
7.812386e+00 -9.055778e-02 -7.581535e-01 -1.329381e-01 3.809035e-02 -4.549708e-03 1.791764e-03
3.924390e+00 -6.866763e-01 -3.988711e-01 -2.763382e-02 2.102978e-02 -3.620381e-02 -6.786502e-04
3.935428e+00 6.000202e-03 -6.384142e-01 1.752122e-02 4.234033e-02 3.979400e-04 5.308719e-04
1.642606e+00 -5.797078e-01 -7.358530e-01 -3.296288e-02 3.065948e-02 -2.415365e-02 -2.802670e-04
4.114987e+00 -3.357774e-01 -1.817852e-01 -5.919868e-02 3.026421e-02 -5.590134e-02 -8.941985e-04
7.052048e+00 -4.820543e-02 -4.668901e-02 9.027139e-03 1.143031e-01 -1.180156e-01 -4.386475e-03
6.520978e+00 -9.078000e-01 6.553642e-02 -1.018634e-01 -2.807217e-03 -3.888511e-02 3.382776e-04
5.685046e+00 -4.291905e-02 1.381261e-01 3.184051e-03 -9.462364e-02 -2.940180e-02 5.928410e-03
6.919791e+00 5.985327e-01 -1.315172e-01 7.288238e-02 1.177762e-02 5.359978e-02 1.514107e-03
7.206367e+00 3.318332e-01 -1.620044e-01 1.762759e-02 3.049532e-02 6.246351e-02 -1.520424e-03
6.477586e-01 -8.830739e-01 -1.457261e-01 6.667903e-05 6.828364e-03 -4.137866e-02 -1.606084e-03
5.120685e+00 -4.089449e-01 -2.603965e-01 1.175517e-02 2.850686e-02 -4.476917e-02 3.992779e-03
5.799414e+00 2.107377e-02 -7.825106e-03 -6.946569e-04 8.758295e-02 2.358694e-01 7.197623e-03
5.187958e+00 -4.854830e-01 7.210599e-01 2.433819e-02 -3.876703e-02 -2.610148e-02 -1.956040e-03
1.239237e+00 3.877032e-01 2.960436e-01 3.098502e-03 -3.568902e-02 4.673889e-02 4.062293e-03
4.199511e+00 5.161928e-01 -2.905441e-01 -6.440047e-02 2.155673e-02 3.829859e-02 8.649196e-04
4.461770e+00 -1.184584e-01 -1.464738e-01 1.962395e-02 7.253846e-02 -5.866432e-02 -1.970835e-03
9.104599e+00 -2.882950e-01 8.937908e-01 -4.136656e-02 -3.756038e-02 -1.211522e-02 -7.191446e-04
7.119228e-01 6.627729e-01 -2.433564e-01 -3.750568e-02 1.399489e-02 3.811463e-02 4.799147e-05
9.053718e-01 -4.977674e-01 2.262367e-02 -9.993672e-02 -2.308591e-03 -5.079376e-02 3.388431e-03
8.707926e+00 -2.461308e-01 -3.066841e-01 -3.522466e-02 4.823232e-02 -3.870908e-02 -3.083442e-03
7.770510e+00 1.891146e-01 -2.648203e-01 -7.700928e-03 5.327153e-02 3.804249e-02 -3.211790e-03
1.365316e+00 -8.141733e-01 1.693010e-01 -6.384159e-02 -7.858559e-03 -3.779203e-02 6.317219e-04
4.176191e+00 -7.970307e-02 -9.141800e-02 -2.221979e-02 8.124511e-02 -7.083381e-02 4.053806e-03
5.680787e-01 6.292667e-01 -1.319292e-01 -1.146255e-02 1.055788e-02 5.035826e-02 -7.224346e-04
3.092158e+00 -2.199783e-01 8.011226e-01 6.159344e-02 -4.020219e-02 -1.103902e-02 1.468356e-03
3.254375e+00 -2.553162e-01 5.263992e-01 6.823045e-03 -4.166124e-02 -2.020670e-02 1.723369e-03
2.765676e+00 1.983060e-01 1.954985e-01 -1.288150e-02 -5.292254e-02 5.368255e-02 -2.982119e-03
4.251770e+00 1.615047e-01 -9.607229e-01 -2.811360e-02 3.537857e-02 5.947404e-03 1.806631e-04
9.915842e+00 -4.334849e-01 -1.084172e-01 -3.714416e-02 1.302200e-02 -5.206593e-02 -3.484618e-03
9.176462e+00 1.976562e-01 1.819981e-01 -4.136588e-03 -5.453127e-02 5.922285e-02 -3.024196e-03
2.450700e+00 4.489865e-01 7.225329e-01 7.210535e-02 -3.623982e-02 2.251966e-02 -1.010720e-03
7.348284e+00 -8.194000e-02 -8.447227e-01 7.663733e-02 3.678855e-02 -3.568572e-03 1.827127e-03
5.849012e+00 8.904139e-02 1.657732e-02 -4.265338e-03 -2.388327e-02 1.282837e-01 6.422174e-03
6.221922e+00 4.900415e-01 3.730083e-01 2.531538e-02 -2.833971e-02 3.723145e-02 2.081763e-03
8.640999e+00 -1.272529e-01 -2.447296e-01 -1.060915e-02 6.308340e-02 -3.280169e-02 6.537186e-03
4.509737e+00 -1.143027e-01 -6.476909e-02 -1.293725e-03 5.120084e-02 -9.035783e-02 8.083985e-04
8.868134e+00 -4.498588e-02 -4.811849e-01 5.581941e-03 5.833333e-02 -5.453572e-03 3.719133e-03
4.736322e+00 8.874431e-02 -9.388317e-02 6.361684e-03 7.268867e-02 6.870993e-02 -4.015481e-03
5.692711e+00 -3.853153e-01 -4.592386e-01 -3.267904e-02 3.486441e-02 -2.925231e-02 1.004414e-03
9.211629e+00 3.795185e-01 -2.210283e-01 5.175717e-02 3.250861e-02 5.581917e-02 8.855681e-03
5.629004e+00 -1.574367e-01 -5.436519e-01 5.625079e-02 4.434211e-02 -1.284108e-02 -1.240238e-03
1.473205e+00 1.270495e-01 6.850882e-02 -1.320649e-03 -5.024684e-02 9.318272e-02 -4.518105e-03
6.579150e+00 -8.454569e-02 -4.652116e-02 2.268924e-03 6.011357e-02 -1.092480e-01 -8.334706e-03
2.542722e+00 -2.605240e-01 3.467528e-01 -3.651741e-02 -4.985332e-02 -3.745604e-02 -3.510114e-03
3.003596e+00 2.344462e-01 -8.105908e-01 1.145258e-01 4.383567e-02 1.267854e-02 -3.068571e-03
7.623360e+00 -9.384037e-01 -2.541152e-01 -4.970035e-02 1.125187e-02 -4.155123e-02 -9.032631e-04
7.826375e+00 -8.762318e-03 -4.551755e-01 1.207080e-02 6.362130e-02 -1.224736e-03 -1.723884e-03
6.708835e+00 -2.653664e-01 2.333330e-01 -6.950197e-02 -4.441033e-02 -5.050726e-02 7.652379e-04
8.293673e+00 -1.813282e-02 -2.241330e-03 -3.179707e-03 3.929676e-02 -3.179189e-01 1.151694e-02
4.113627e+00 -1.614116e-01 -5.734182e-02 2.305058e-02 3.517583e-02 -9.901649e-02 -1.912111e-03
6.717997e+00 4.171173e-01 -3.351267e-01 -4.746276e-02 3.203909e-02 3.987763e-02 3.672289e-04
6.083639e+00 6.626876e-01 6.466918e-01 -6.596992e-02 -2.688658e-02 2.755162e-02 -2.335956e-03
6.057530e+00 4.503612e-01 5.040807e-01 6.436991e-02 -3.683738e-02 3.291166e-02 -6.042616e-03
3.334384e+00 6.406670e-01 -5.882020e-01 7.608456e-02 3.140735e-02 3.420875e-02 -1.897145e-03
8.618572e-01 -1.179957e-03 2.457465e-03 8.815317e-05 -6.605231e-01 -3.171514e-01 3.455695e-02
8.183824e+00 -1.498508e-01 9.122897e-01 4.434113e-02 -4.245237e-02 -6.973137e-03 -8.939829e-04
5.461294e+00 6.816504e-01 5.447569e-01 6.304769e-02 -2.590488e-02 3.241459e-02 1.290706e-03
1.561607e+00 -6.542351e-01 -1.583070e-01 -3.039187e-02 1.183444e-02 -4.890818e-02 2.708257e-03
9.085152e-01 1.893402e-01 -7.149073e-01 3.179724e-02 4.057662e-02 1.074655e-02 -3.344107e-04
3.614078e+00 -2.774906e-01 6.513664e-01 -6.600784e-02 -4.173609e-02 -1.778012e-02 -2.339772e-03
2.119822e+00 -1.440632e-03 9.111920e-01 -1.732271e-01 -4.455722e-02 -7.044680e-05 1.758018e-04
1.077586e+00 -1.713181e-01 -9.302988e-02 -1.759972e-02 4.699343e-02 -8.654021e-02 1.985975e-03
3.986427e+00 -4.627818e-02 1.383571e-01 -2.192639e-02 -9.858563e-02 -3.297527e-02 6.641245e-04
3.678251e+00 6.931920e-01 4.644207e-01 2.094927e-02 -2.178055e-02 3.250953e-02 -3.029852e-03
4.510472e+00 -1.110020e-01 5.302832e-02 1.637838e-02 -4.149378e-02 -8.685724e-02 3.171889e-03
7.957363e+00 6.167151e-01 6.166613e-01 1.649614e-02 -3.043915e-02 3.044181e-02 -1.880945e-03
8.029727e+00 4.368071e-01 7.861998e-02 -5.411326e-02 -9.809787e-03 5.450248e-02 2.375972e-04
8.019784e+00 -2.225890e-01 -3.113024e-01 -1.769877e-02 5.582816e-02 -3.991854e-02 -4.875058e-03
8.457361e+00 6.938850e-01 2.991186e-01 2.492423e-02 -1.529678e-02 3.548493e-02 4.564339e-05
7.476483e+00 2.712660e-02 -3.813818e-02 -5.486434e-03 1.518180e-01 1.079838e-01 4.757818e-03
7.862027e-01 4.971165e-01 3.197605e-01 2.396282e-02 -2.428790e-02 3.775924e-02 3.516975e-03
7.099646e+00 2.242741e-01 -6.123961e-02 -4.315403e-03 2.140488e-02 7.838978e-02 -5.657311e-03
7.958703e+00 2.005546e-01 -4.741307e-01 -5.106233e-02 4.538397e-02 1.919716e-02 1.837172e-03
1.436296e+00 7.715118e-01 -3.918697e-01 5.178833e-03 1.848138e-02 3.638609e-02 -3.748731e-03
9.081298e+00 -7.357979e-01 -5.655035e-01 -1.365123e-02 2.296454e-02 -2.988004e-02 5.418868e-04
2.811281e+00 -3.640147e-02 1.150617e-01 -2.261821e-02 -1.105408e-01 -3.497122e-02 3.194575e-03
4.514853e+00 -8.679764e-03 2.757575e-02 -6.749435e-04 -2.391858e-01 -7.528628e-02 1.025358e-03
4.045195e+00 1.013529e-01 -1.175018e-01 2.419368e-02 7.564023e-02 6.524457e-02 2.065394e-03
1.773457e+00 -6.336259e-01 5.857133e-01 -4.181758e-02 -3.103420e-02 -3.357286e-02 1.133045e-05
3.354088e+00 5.987548e-01 -2.602206e-01 -8.306595e-03 2.065208e-02 4.751943e-02 2.650096e-03
3.322294e+00 -5.512709e-01 3.050765e-01 8.992668e-02 -2.435669e-02 -4.401235e-02 -4.274252e-04
2.906681e+00 -8.000062e-02 -5.184138e-01 9.422759e-02 5.442176e-02 -8.398262e-03 -4.210218e-03
2.562552e+00 -2.220404e-01 5.296283e-02 -1.753104e-02 -1.731757e-02 -7.260186e-02 -3.656033e-03
9.803856e+00 -6.811118e-01 -6.702407e-01 2.638348e-02 2.564005e-02 -2.605592e-02 -1.596081e-03
6.037256e+00 6.839360e-01 6.981884e-01 -2.339855e-02 -2.985917e-02 2.924964e-02 1.373796e-03
6.796943e+00 1.903371e-01 -3.933838e-01 1.735313e-02 4.625597e-02 2.238075e-02 -1.744887e-03
2.288778e+00 -4.160594e-03 9.954412e-02 1.236586e-02 -1.212119e-01 -5.066230e-03 -1.343819e-02
6.895920e+00 -3.701191e-02 1.844631e-01 -1.736635e-02 -8.124623e-02 -1.630178e-02 7.683751e-04
8.589614e+00 -8.783449e-04 -1.165167e-02 1.759229e-03 3.559305e-01 -2.683133e-02 1.016392e-02
8.876544e+00 -5.446353e-01 8.340918e-01 -7.191567e-02 -3.513132e-02 -2.293963e-02 7.938275e-04
6.890231e+00 4.754111e-04 -8.529489e-01 -4.439583e-02 3.782446e-02 2.108235e-05 2.272197e-03
8.058793e-01 8.366580e-01 2.377763e-01 -1.294917e-02 -1.026089e-02 3.610475e-02 -1.910680e-03
8.017535e+00 -4.441618e-01 3.829171e-01 -2.546357e-02 -3.681694e-02 -4.270553e-02 2.334133e-03
7.992771e-01 -3.665091e-01 -1.094894e-01 1.125526e-02 1.975143e-02 -6.611672e-02 -1.321680e-03
5.354015e+00 -8.421730e-01 2.962647e-01 -5.520206e-03 -1.463400e-02 -4.159915e-02 1.850069e-03
4.647506e+00 4.211417e-02 1.257007e-02 5.257654e-03 -5.703776e-02 1.910967e-01 1.153477e-02
1.497429e+00 -1.984799e-01 -3.784313e-01 1.952408e-02 5.655693e-02 -2.966301e-02 1.826806e-03
4.466999e+00 -2.687629e-01 3.607955e-01 1.635565e-02 -4.661307e-02 -3.472290e-02 -2.195989e-03
6.303911e+00 5.275302e-02 1.417125e-02 -3.110056e-03 -4.685803e-02 1.744308e-01 -1.219901e-02
4.543538e+00 -1.445547e-01 8.733279e-01 1.112674e-02 -4.119641e-02 -6.818898e-03 2.538924e-03
5.044694e+00 -8.897079e-02 -3.071080e-01 2.300613e-02 6.894240e-02 -1.997297e-02 -3.588609e-03
8.495741e+00 -1.585702e-01 2.795982e-02 -1.407006e-02 -1.461419e-02 -8.288231e-02 -2.028884e-03
8.153137e+00 2.052321e-01 -1.590171e-01 -1.081782e-02 4.410051e-02 5.691741e-02 -2.698286e-04
3.141520e+00 9.985469e-02 -5.555480e-02 -8.513765e-03 5.979778e-02 1.074811e-01 -2.577194e-03
6.183537e+00 1.489739e-02 6.636509e-03 -2.674473e-04 -1.314525e-01 2.950798e-01 8.133304e-03
4.518769e+00 -1.687072e-01 -1.179383e-01 3.109228e-02 5.094965e-02 -7.288193e-02 -7.601840e-03
5.845366e+00 -1.930859e-02 -2.847214e-01 1.927403e-03 7.407320e-02 -5.023327e-03 2.347695e-04
2.480362e+00 -6.420164e-01 5.281980e-01 -2.974321e-02 -2.709665e-02 -3.293556e-02 -1.593794e-03
8.898427e+00 -7.710886e-01 -3.868630e-01 9.707091e-02 2.026090e-02 -4.038368e-02 -2.469548e-03
9.039255e+00 8.031148e-02 -4.604440e-03 -1.463613e-02 7.842685e-03 1.367935e-01 8.957727e-03
4.766704e+00 -2.549604e-02 -2.387611e-02 1.557531e-03 1.374142e-01 -1.467374e-01 1.970470e-03
6.206068e-01 -7.968041e-03 -7.659144e-02 6.574027e-03 1.379178e-01 -1.434800e-02 5.992516e-04
3.717265e+00 -2.701592e-01 1.685929e-01 -2.941772e-02 -3.643761e-02 -5.838892e-02 -2.643817e-03
1.382322e+00 3.249017e-01 -1.251386e-01 1.702906e-02 2.570209e-02 6.673126e-02 -1.638956e-03
5.612277e+00 2.707216e-02 -2.404612e-01 3.084549e-02 8.094863e-02 9.113547e-03 -9.265138e-04
7.147645e-01 -1.775883e-02 -9.669480e-01 -7.061791e-02 3.977079e-02 -7.304248e-04 -4.628016e-04
4.699370e+00 3.983797e-01 -8.401142e-01 4.976730e-03 3.411226e-02 1.617593e-02 4.303504e-03
6.930180e+00 8.440195e-01 3.860780e-02 -1.196679e-01 -1.709559e-03 3.737331e-02 -2.667652e-03
9.427395e+00 2.616218e-02 4.540126e-01 -5.483339e-02 -5.376769e-02 3.098328e-03 -3.200859e-04
3.895774e+00 -2.610862e-02 1.538215e-02 1.408875e-03 -1.215890e-01 -2.063770e-01 -8.578552e-03
8.820599e+00 -3.234806e-02 -9.254823e-01 1.046262e-01 4.498966e-02 -1.572508e-03 -1.920556e-03
4.037290e+00 -4.821153e-01 5.897051e-01 -6.007192e-02 -3.202634e-02 -2.618323e-02 1.207355e-03
1.259271e+00 -2.734413e-02 -1.970507e-01 -2.013794e-02 8.636187e-02 -1.198417e-02 -1.063261e-03
3.427670e+00 -3.026376e-02 -4.665116e-02 -3.504234e-03 1.442211e-01 -9.355982e-02 1.699952e-02
6.819936e+00 2.480639e-01 -7.082967e-02 -2.616852e-02 2.302222e-02 8.062980e-02 -1.761095e-03
7.038101e+00 1.501959e-01 3.236515e-01 -6.235836e-02 -6.050306e-02 2.807746e-02 -3.087307e-04
6.093947e+00 1.621538e-03 2.609757e-03 1.718980e-04 -6.249495e-01 3.883041e-01 7.078736e-02
8.579675e+00 2.182692e-01 -2.348169e-01 -5.255405e-02 5.172193e-02 4.807705e-02 -2.973054e-03
7.375004e-01 1.519746e-01 2.607473e-01 6.364480e-03 -6.282008e-02 3.661421e-02 3.914528e-04
3.786025e+00 4.535710e-01 -3.861690e-03 4.568377e-02 5.317755e-04 6.245917e-02 -3.610027e-05
1.734810e+00 4.740350e-01 -2.343551e-01 -1.630744e-02 2.264540e-02 4.580533e-02 -2.457374e-03
6.459557e+00 -3.141836e-01 -6.452852e-01 -7.076397e-02 4.437590e-02 -2.160623e-02 5.071751e-03
9.982896e+00 -5.174266e-01 -5.015640e-01 7.147943e-02 2.748976e-02 -2.835916e-02 4.913414e-04
9.600422e+00 2.973572e-01 4.403081e-01 3.379592e-03 -4.398520e-02 2.970492e-02 -2.517810e-03
1.079560e+00 -7.569717e-02 -3.802240e-01 5.560106e-03 6.265017e-02 -1.247275e-02 1.089404e-03
8.256629e+00 1.789430e-01 4.263855e-01 2.609591e-02 -5.428627e-02 2.278255e-02 -2.180232e-03
7.373713e+00 1.170970e-01 1.600393e-01 -4.178821e-02 -7.501119e-02 5.488391e-02 -1.917598e-03
4.103854e+00 8.983871e-02 2.372382e-01 2.600928e-02 -7.489936e-02 2.836332e-02 -1.681598e-03
7.810807e+00 8.852895e-02 3.759562e-01 3.610675e-02 -5.380142e-02 1.266899e-02 -1.692393e-03
8.599179e-01 -5.310438e-01 1.896635e-01 -2.275396e-02 -1.920626e-02 -5.377611e-02 -7.491647e-04
9.174775e+00 3.235067e-03 2.901361e-02 -1.203048e-03 -2.527166e-01 2.817833e-02 1.235072e-02
3.950856e+00 -4.471435e-01 -4.688082e-01 -7.733292e-02 3.421092e-02 -3.262996e-02 3.474374e-03
7.956715e+00 1.290009e-01 -1.815996e-01 -4.144792e-03 6.631523e-02 4.710763e-02 3.390464e-03
1.449606e+00 -3.518477e-01 -2.705791e-01 4.422929e-02 3.093463e-02 -4.022586e-02 2.739910e-03
5.558806e+00 -6.757608e-03 -8.914786e-01 1.053128e-01 4.048517e-02 -3.068867e-04 -2.363573e-03
7.221415e+00 1.404963e-02 8.905379e-01 -8.408506e-02 -3.978629e-02 6.276912e-04 -1.563972e-03
6.905078e+00 -4.395489e-01 -2.655332e-01 1.590423e-02 2.783074e-02 -4.606947e-02 -2.456514e-03
7.475022e-01 5.076051e-01 5.535160e-01 4.807185e-02 -3.277014e-02 3.005205e-02 -2.767728e-03
2.121868e+00 2.526023e-01 1.443290e-01 -4.992011e-02 -3.684079e-02 6.447816e-02 -6.922011e-03
7.129587e+00 2.553729e-01 3.310040e-01 -2.270660e-02 -4.862024e-02 3.751100e-02 -1.574183e-05
6.569465e+00 -4.007391e-01 3.160861e-01 -1.729669e-03 -3.266685e-02 -4.141557e-02 -3.317167e-03
1.270325e+00 -6.676015e-01 -4.488761e-01 -8.820124e-02 2.593665e-02 -3.857490e-02 -4.677699e-04
8.264443e+00 3.150302e-01 1.260203e-01 -5.644260e-02 -2.662465e-02 6.655732e-02 4.160002e-03
8.036874e+00 2.108184e-01 -8.357785e-01 -1.866290e-02 4.334721e-02 1.093399e-02 1.880667e-03
1.788644e+00 8.731788e-01 2.003207e-01 -3.104016e-03 -8.838835e-03 3.852764e-02 -2.025313e-03
5.026091e+00 1.224300e-02 2.740042e-03 -7.479567e-04 -8.179914e-02 3.654931e-01 9.387762e-03
9.740265e+00 4.449608e-03 2.896001e-02 -4.354809e-03 -2.466245e-01 3.789302e-02 -1.542652e-03
8.560370e+00 4.868849e-02 -7.126588e-01 -3.866005e-03 4.318008e-02 2.950042e-03 -3.390841e-03
6.469764e+00 7.882381e-03 -3.205784e-01 -2.067639e-02 7.381717e-02 1.815017e-03 -6.781750e-04
5.518482e+00 -2.720972e-01 1.412230e-02 6.064380e-02 -3.460271e-03 -6.666972e-02 -2.335128e-03
8.862759e+00 -4.603713e-02 -2.494079e-01 3.924540e-02 7.290056e-02 -1.345640e-02 3.449908e-03
5.556352e+00 1.344843e-01 1.513069e-01 2.758058e-03 -7.184787e-02 6.385966e-02 -6.396996e-03
4.666859e+00 1.754783e-01 2.328697e-01 -2.874641e-02 -6.086057e-02 4.586130e-02 -4.833131e-03
7.544103e+00 -3.114951e-01 -1.863019e-01 3.936990e-02 2.972860e-02 -4.970595e-02 1.173448e-03
7.884376e+00 5.303603e-01 -3.034307e-01 1.171156e-01 2.619968e-02 4.579390e-02 -1.754075e-03
1.848080e+00 1.070457e-01 -6.802583e-01 8.821108e-02 4.795427e-02 7.546103e-03 -6.861341e-04
4.991100e+00 7.265175e-01 -4.637596e-01 -2.009015e-03 2.343831e-02 3.671803e-02 1.450442e-04
4.247079e+00 -5.439819e-01 4.310306e-01 -1.274919e-02 -3.200602e-02 -4.039317e-02 -6.574336e-03
1.087947e+00 1.461170e-01 6.956811e-02 -1.568422e-02 -4.272228e-02 8.973150e-02 1.898919e-03
7.470531e+00 -1.788665e-01 9.115944e-01 1.202449e-02 -4.387708e-02 -8.609247e-03 -1.634225e-03
6.109197e+00 2.197327e-01 -1.910998e-01 3.487889e-02 4.793398e-02 5.511604e-02 2.919177e-03
7.628041e+00 1.298403e-01 -5.474690e-01 -4.861211e-02 5.457852e-02 1.294410e-02 2.369887e-04
2.779377e+00 -4.701774e-02 1.349811e-01 -2.953496e-02 -1.004763e-01 -3.499875e-02 -2.245244e-03
6.533264e+00 6.938667e-03 3.615954e-01 1.528379e-02 -5.911025e-02 1.134269e-03 7.032560e-03
7.325361e+00 3.347082e-01 6.530543e-03 -3.607943e-02 -1.288074e-03 6.601731e-02 5.754345e-04
4.760626e+00 2.928846e-01 6.915392e-01 1.627643e-02 -4.538396e-02 1.922127e-02 1.703755e-03
7.183336e+00 1.189976e-01 -1.284225e-02 5.866118e-03 1.202204e-02 1.113975e-01 4.965939e-03
7.317676e+00 4.088117e-01 -5.501699e-01 2.010402e-02 3.972467e-02 2.951799e-02 1.714489e-03
9.004463e+00 5.819045e-01 1.178159e-01 3.157861e-02 -1.013894e-02 5.007725e-02 5.028011e-04
9.191903e+00 -3.315390e-01 1.793922e-01 -5.175651e-02 -2.875737e-02 -5.314720e-02 2.468150e-03
2.595202e+00 -4.636810e-02 -2.730496e-01 1.528989e-02 6.289357e-02 -1.068031e-02 7.086448e-05
3.664550e+00 2.577775e-01 1.607695e-01 -4.816866e-03 -3.767313e-02 6.040504e-02 3.029115e-03
3.864351e+00 2.855512e-02 5.543989e-03 -1.873358e-03 -3.786698e-02 1.950394e-01 -8.808765e-04
4.985513e+00 2.819305e-01 -3.107154e-01 2.265903e-02 3.873263e-02 3.514441e-02 -1.212690e-03
9.032438e+00 9.523622e-02 -9.370426e-02 1.662132e-02 8.299402e-02 8.435088e-02 6.920008e-04
9.728414e+00 -1.754505e-01 3.887085e-01 -2.939869e-02 -5.333328e-02 -2.407293e-02 -8.340538e-04
7.424090e+00 -8.637794e-01 -2.323628e-01 -1.362600e-01 1.137891e-02 -4.229967e-02 -4.293532e-04
8.802500e-01 -3.859764e-01 4.243691e-01 5.918495e-02 -3.385094e-02 -3.078844e-02 3.672208e-04
3.464626e+00 3.358132e-01 -4.246439e-02 -6.823907e-04 8.831969e-03 6.984419e-02 8.159096e-03
3.715320e+00 6.167826e-01 2.873998e-02 -1.369703e-02 -2.088212e-03 4.481467e-02 9.497763e-04
6.852432e+00 -6.618809e-01 6.286741e-01 -9.772747e-02 -3.077233e-02 -3.239774e-02 -6.151500e-03
8.785187e-01 2.623960e-02 7.104751e-01 4.765127e-02 -4.817809e-02 1.779336e-03 1.543960e-03
9.020084e+00 -3.108752e-01 4.943903e-03 7.028089e-03 -1.227470e-03 -7.718394e-02 -9.472173e-04
7.900611e+00 1.461755e-01 -2.907632e-01 2.423271e-02 6.214110e-02 3.124023e-02 -1.337550e-03
6.195444e+00 -7.317009e-02 6.687782e-02 1.409547e-02 -8.803446e-02 -9.631728e-02 1.487023e-03
8.616920e+00 -2.579544e-01 2.752540e-01 -1.126023e-02 -4.209085e-02 -3.944546e-02 -1.422795e-03
9.112501e+00 1.813383e-01 -2.904801e-01 -5.827150e-02 5.482490e-02 3.422559e-02 -5.589699e-03
3.319567e+00 1.702040e-01 9.467398e-01 -4.718777e-02 -3.556199e-02 6.393303e-03 3.168002e-03
1.997837e+00 -4.824794e-01 -5.117039e-01 4.417098e-02 3.638632e-02 -3.430822e-02 -2.480705e-03
3.746130e+00 3.088074e-02 1.408614e-02 1.680885e-03 -7.596304e-02 1.665322e-01 1.093554e-02
8.061523e+00 -1.033611e-01 8.558678e-03 -1.682832e-02 -9.781280e-03 -1.181262e-01 2.009655e-03
3.787474e+00 -6.690240e-01 4.378914e-01 -1.797197e-02 -2.284233e-02 -3.489922e-02 -3.214016e-03
8.493274e+00 7.059977e-02 -2.182455e-02 -9.523709e-04 3.717218e-02 1.202475e-01 -5.165624e-03
5.842768e+00 3.758762e-01 1.463417e-01 -3.748151e-02 -2.208420e-02 5.672290e-02 3.907205e-03
1.211255e+00 7.926940e-02 2.540498e-01 7.096949e-03 -6.796085e-02 2.120535e-02 -2.029596e-04
3.806124e+00 -3.843950e-01 -1.400599e-01 1.206044e-02 2.335676e-02 -6.410273e-02 4.748413e-03
7.736771e+00 1.255352e-01 8.291542e-01 -1.549030e-02 -4.228813e-02 6.402484e-03 1.471478e-03
2.732800e+00 8.113991e-01 3.659999e-01 8.109253e-03 -1.788973e-02 3.966041e-02 -1.540468e-04
4.856019e+00 3.015476e-01 9.360676e-01 1.273942e-01 -4.077163e-02 1.313429e-02 1.548406e-03
4.815126e+00 -2.640106e-01 7.513165e-01 -1.580322e-01 -4.362319e-02 -1.532908e-02 -4.642898e-04
5.247491e+00 -4.824547e-02 2.669157e-02 -4.224721e-03 -7.294800e-02 -1.318547e-01 -1.980159e-03
6.335607e+00 6.397614e-01 3.644681e-01 3.200408e-02 -2.258061e-02 3.963640e-02 4.480782e-03
2.969279e+00 3.827109e-01 2.090153e-01 7.799553e-03 -2.862652e-02 5.241569e-02 -3.713558e-04
2.967010e+00 -3.336816e-02 -3.739516e-01 -1.178131e-01 5.721166e-02 -5.105067e-03 -7.731050e-03
9.061680e+00 -2.824947e-01 -1.269011e-01 3.182969e-02 2.632531e-02 -5.860280e-02 -3.519278e-04
1.410740e+00 1.212424e-01 -3.446815e-02 -2.257921e-02 3.072802e-02 1.080865e-01 -4.803323e-03
8.395648e+00 -3.336242e-01 7.948551e-02 1.648721e-02 -1.415724e-02 -5.942214e-02 -2.298052e-03
8.951355e+00 -5.273543e-02 7.151950e-01 -3.672303e-02 -4.227087e-02 -3.116874e-03 -8.539460e-04
8.293699e+00 -2.789465e-03 -2.891586e-04 5.361504e-05 8.275087e-02 -7.982839e-01 1.420525e-02
9.213629e+00 -1.474604e-02 6.774012e-03 -1.749025e-03 -1.117615e-01 -2.432885e-01 -1.490751e-03
5.071747e+00 -1.012594e-01 -4.956174e-02 1.894772e-02 5.277280e-02 -1.078199e-01 1.749439e-02
4.306759e+00 1.906500e-01 1.950191e-02 -1.941424e-03 -1.005490e-02 9.829632e-02 -3.517344e-03
4.231163e+00 1.989562e-01 2.052036e-01 2.412376e-02 -4.813142e-02 4.666606e-02 -4.348353e-03
3.583340e+00 -1.013108e-01 -4.787595e-01 -6.048774e-03 5.847942e-02 -1.237489e-02 1.787449e-03
9.031255e+00 -2.708155e-04 7.281784e-03 -9.752254e-04 -4.860925e-01 -1.807818e-02 1.362797e-02
3.737268e+00 -2.093673e-01 4.318845e-02 -1.488356e-02 -1.847527e-02 -8.956367e-02 3.417911e-04
7.835346e+00 7.877478e-01 1.355767e-01 6.321819e-02 -7.946889e-03 4.617418e-02 4.785021e-04
2.402047e+00 2.406110e-01 7.295356e-01 -3.217703e-02 -3.664324e-02 1.208545e-02 1.454669e-03
9.800730e+00 4.550503e-02 1.137543e-01 5.099635e-03 -1.018297e-01 4.073482e-02 -3.660705e-03
5.661305e+00 -7.155147e-01 -4.340424e-01 -5.764164e-02 2.118855e-02 -3.492913e-02 -1.082118e-03
2.659207e+00 4.708312e-01 5.915071e-01 -8.413714e-02 -3.587428e-02 2.855541e-02 1.041764e-05
1.891718e+00 3.305658e-01 6.648246e-01 -3.236121e-02 -4.321347e-02 2.148672e-02 4.091336e-03
9.319208e+00 -8.738859e-03 -9.765206e-01 -1.030920e-01 3.962515e-02 -3.546045e-04 -1.273047e-03
5.191307e+00 2.239526e-02 1.448497e-01 -1.267748e-03 -1.067713e-01 1.650795e-02 -8.247684e-03
5.640620e+00 3.210972e-01 4.713263e-01 -1.550131e-03 -4.387142e-02 2.988798e-02 -9.730647e-04
8.998471e+00 -9.338133e-02 7.553409e-01 1.325483e-01 -4.698092e-02 -5.808160e-03 4.738768e-03
4.759481e+00 -2.298344e-01 -2.525260e-01 7.227270e-02 5.360865e-02 -4.879146e-02 1.353125e-03
7.186568e+00 2.649684e-02 -2.934819e-01 -3.683425e-02 7.244581e-02 6.540728e-03 2.612559e-03
5.532230e+00 -8.538374e-01 -3.316209e-02 -6.948397e-02 1.501478e-03 -3.865916e-02 1.667085e-04
9.772369e+00 -1.460815e-01 -2.348876e-01 -1.575177e-02 7.044832e-02 -4.381329e-02 -1.553790e-03
2.520370e+00 -5.781421e-01 7.302423e-01 5.324799e-02 -2.770353e-02 -2.193323e-02 1.239059e-03
4.353105e+00 3.031629e-01 8.403100e-01 3.803832e-02 -4.154978e-02 1.499013e-02 -3.273556e-04
5.468824e+00 -7.803468e-01 2.609847e-01 -7.397218e-03 -1.332829e-02 -3.985171e-02 -1.254128e-03
2.324401e+00 5.570020e-01 4.140232e-01 3.579557e-02 -3.116278e-02 4.192453e-02 -7.889247e-04
3.111818e+00 1.766891e-03 4.184315e-02 3.833253e-03 -1.700059e-01 7.178760e-03 -1.046159e-04
6.119474e-01 -5.632447e-01 5.087164e-01 -5.828178e-02 -2.866577e-02 -3.173840e-02 4.020967e-04
9.055201e+00 -1.026275e-03 -2.353535e-04 -6.263467e-05 2.380284e-01 -1.037939e+00 -1.839299e-02
1.898720e+00 2.945341e-01 -1.196649e-01 -1.850134e-02 2.503332e-02 6.161511e-02 3.097495e-03
3.039943e+00 -2.888077e-01 2.789551e-01 -5.709659e-02 -4.059850e-02 -4.203242e-02 2.267105e-03
1.966072e+00 -2.114651e-01 7.326890e-02 -2.003869e-02 -2.566610e-02 -7.407623e-02 2.464983e-03
6.513275e+00 -5.309185e-02 -8.376228e-01 1.859460e-01 3.651283e-02 -2.314328e-03 3.369033e-03
4.609269e+00 6.827610e-01 3.718207e-01 -1.347257e-02 -1.841524e-02 3.381524e-02 -3.556546e-03
4.005822e+00 -9.362407e-01 -1.364303e-01 -2.030693e-02 5.262853e-03 -3.611586e-02 -1.478777e-03
6.585890e+00 4.778776e-01 -5.623031e-01 -3.598414e-02 3.318805e-02 2.820512e-02 -2.559644e-03
6.770937e+00 7.189642e-01 -3.613235e-01 -4.389225e-03 1.810310e-02 3.602168e-02 -1.676945e-04
5.244976e+00 -2.121621e-01 -2.335991e-01 1.661274e-03 4.640340e-02 -4.214503e-02 2.234577e-03
8.959510e+00 3.772595e-01 -6.635693e-01 -7.233695e-03 4.269773e-02 2.427497e-02 1.443585e-03
2.281594e+00 2.554971e-01 -3.345696e-01 -1.955033e-02 4.447078e-02 3.396051e-02 -3.622570e-03
3.416378e+00 5.779597e-01 3.286030e-01 -4.520759e-02 -2.331369e-02 4.100502e-02 -1.756324e-03
6.078973e+00 -1.634408e-01 1.378022e-01 7.222398e-03 -5.594179e-02 -6.634996e-02 2.906573e-03
9.468260e+00 -4.151764e-01 -6.243216e-01 -1.365928e-02 3.991054e-02 -2.654067e-02 -2.208306e-04
4.834799e+00 -6.018270e-01 3.634793e-01 1.286115e-01 -2.574822e-02 -4.263234e-02 3.099109e-04
7.244417e+00 -6.437879e-01 -3.849537e-01 -2.673095e-02 2.065000e-02 -3.453460e-02 -1.174522e-03
6.978966e+00 -5.966565e-02 -2.517036e-01 -2.384255e-02 8.024789e-02 -1.902255e-02 -6.115689e-03
9.074107e+00 -3.932151e-01 -1.930434e-01 -4.646028e-02 2.670094e-02 -5.438784e-02 -2.362418e-05
2.248057e+00 3.554380e-02 -4.082775e-01 4.793938e-02 6.583101e-02 5.731112e-03 6.757969e-03
9.535605e+00 -5.195637e-01 2.402200e-01 5.215065e-02 -2.336777e-02 -5.054136e-02 -1.438087e-03
7.163625e+00 9.365568e-01 -2.187243e-01 7.464477e-02 8.581306e-03 3.674434e-02 8.373661e-04
1.143082e+00 5.960144e-01 3.891825e-01 6.211950e-02 -2.688468e-02 4.117261e-02 4.473881e-03
9.482421e+00 -2.594801e-01 -2.995128e-01 -5.076982e-02 4.192916e-02 -3.632493e-02 -3.473905e-03
3.894143e+00 1.175116e-02 -1.203970e-02 6.777652e-05 2.385179e-01 2.328016e-01 -2.075683e-04
9.447001e+00 -7.236788e-02 -2.458209e-01 -2.475698e-02 7.055234e-02 -2.077010e-02 -6.404952e-03
8.668992e-01 2.114020e-01 1.725597e-01 -2.780043e-02 -4.573762e-02 5.603292e-02 -1.862741e-03
2.657994e+00 -9.195410e-01 -1.100751e-01 -2.057378e-02 5.259718e-03 -4.393843e-02 -1.753571e-04
6.234083e+00 2.458069e-02 -1.844000e-01 -1.183531e-02 9.054079e-02 1.206917e-02 -2.637722e-03
4.737443e+00 -1.778448e-01 -9.326447e-01 -9.895051e-02 4.227534e-02 -8.061430e-03 1.017761e-03
6.948543e+00 2.342084e-01 -9.522654e-01 1.016413e-02 3.306223e-02 8.131611e-03 3.913820e-04
9.713104e-01 5.427220e-01 -2.369618e-01 -4.149732e-02 2.192708e-02 5.022037e-02 6.647603e-04
7.541886e+00 -5.315601e-01 -6.868378e-01 -3.984614e-02 3.670423e-02 -2.840628e-02 -2.487990e-05
8.429250e+00 -3.184276e-01 1.532509e-01 6.022110e-02 -2.494892e-02 -5.183933e-02 1.677598e-03
2.316787e+00 3.127723e-02 -4.425017e-01 4.541311e-02 6.086900e-02 4.302388e-03 5.269705e-04
8.895525e-01 -5.351711e-01 1.054792e-01 -5.007607e-02 -1.075169e-02 -5.455099e-02 2.298951e-03
9.074416e+00 2.580947e-02 -5.439277e-02 9.437806e-03 1.577252e-01 7.484091e-02 -1.420820e-02
2.697681e+00 -3.058900e-01 -5.235082e-01 -8.277919e-03 4.457318e-02 -2.604447e-02 8.836049e-04
8.341062e+00 -6.644729e-01 2.528211e-01 5.236131e-02 -1.747074e-02 -4.591717e-02 1.585451e-04
9.387846e+00 3.412783e-03 1.441984e-02 7.101516e-04 -2.770492e-01 6.556997e-02 -1.006704e-02
9.458917e+00 1.798250e-01 -5.803106e-01 3.141621e-02 4.796173e-02 1.486225e-02 3.904836e-03
4.434087e+00 2.474609e-03 -6.552936e-03 -3.332565e-04 4.332274e-01 1.636012e-01 5.054174e-02
7.919415e+00 7.369259e-01 -3.025846e-02 1.325258e-01 1.686173e-03 4.106570e-02 4.022007e-05
4.805505e+00 3.421062e-02 2.493602e-01 -2.371372e-02 -8.129172e-02 1.115270e-02 -3.012996e-03
2.053391e+00 -2.230783e-01 -2.219480e-01 -1.375911e-02 4.681879e-02 -4.705720e-02 -5.791199e-03
8.626421e+00 -4.350071e-01 -6.852438e-01 -6.514911e-03 3.229189e-02 -2.049957e-02 -1.222138e-04
5.034927e+00 3.911489e-01 7.521840e-01 7.087075e-02 -3.972135e-02 2.065580e-02 -3.179619e-03
3.840997e+00 -2.215669e-01 -3.187543e-01 -5.264785e-02 5.168727e-02 -3.592795e-02 -5.633487e-03
1.850704e+00 2.589531e-01 8.711010e-01 1.958197e-01 -4.185099e-02 1.244109e-02 -8.662904e-04
7.587895e+00 -4.738772e-03 -5.787355e-04 1.906604e-04 7.496147e-02 -6.137955e-01 -1.019708e-02
5.763052e+00 2.184623e-01 6.396680e-01 -9.858583e-02 -4.847600e-02 1.655574e-02 1.295679e-03
9.336140e+00 -3.503315e-01 -8.102968e-02 5.022524e-02 1.487321e-02 -6.430427e-02 -4.786710e-03
6.838667e+00 -2.961040e-01 4.201660e-01 1.120747e-02 -4.856555e-02 -3.422565e-02 4.902576e-03
9.941620e+00 3.616780e-01 -4.664726e-02 2.866443e-03 7.269785e-03 5.636604e-02 4.718231e-03
5.011254e+00 -2.166905e-01 1.865309e-01 1.112911e-02 -4.410869e-02 -5.124048e-02 3.159349e-03
6.948896e+00 -7.404261e-01 -2.565850e-01 -6.164530e-02 1.344679e-02 -3.880333e-02 6.832049e-04
4.798576e+00 -3.869344e-02 1.199182e-01 -7.565893e-03 -1.114824e-01 -3.597151e-02 7.151022e-04
1.067777e+00 3.602586e-01 -2.789518e-01 5.302981e-02 3.541034e-02 4.573149e-02 -7.506693e-04
6.633645e-01 -9.549987e-02 -3.877663e-01 -1.910579e-02 6.616149e-02 -1.629438e-02 1.436383e-03
3.027791e+00 4.484961e-02 -9.723558e-02 -8.957797e-03 1.047830e-01 4.833083e-02 -1.077592e-02
3.416480e+00 5.193150e-01 -4.448011e-01 9.922992e-02 3.225280e-02 3.765585e-02 3.090633e-03
8.453135e+00 7.916033e-01 5.706658e-01 1.059633e-02 -2.381814e-02 3.303952e-02 -5.488355e-03
7.260104e+00 4.196946e-01 -1.289440e-01 3.490438e-02 1.621807e-02 5.278754e-02 -2.641968e-03
3.082067e+00 -7.902673e-01 2.944166e-01 1.113554e-01 -1.412859e-02 -3.792369e-02 2.110036e-03
6.730860e-01 3.024218e-01 -7.026313e-01 -9.858626e-02 4.511725e-02 1.941906e-02 4.831395e-04
3.255818e+00 -6.209926e-01 1.787761e-01 -1.859656e-02 -1.485778e-02 -5.160965e-02 -1.569815e-03
1.403369e+00 5.854284e-01 -6.401622e-01 -1.631293e-02 3.187559e-02 2.915023e-02 2.275073e-03
2.099682e+00 3.341033e-01 -2.659303e-02 -3.002888e-02 5.657168e-03 7.107422e-02 -1.654703e-03
8.851555e-01 -6.601603e-01 -2.381215e-01 -8.884007e-02 1.356364e-02 -3.760340e-02 -5.628041e-04
2.238391e+00 7.992877e-01 5.051630e-01 7.532397e-02 -2.281138e-02 3.609303e-02 1.412808e-03
8.943233e+00 -1.198665e-01 -3.300837e-01 -7.694540e-03 5.579421e-02 -2.026110e-02 3.408002e-03
3.629420e+00 -2.652614e-02 3.992660e-02 3.216210e-03 -1.324462e-01 -8.799363e-02 2.410062e-03
3.752308e+00 -1.222758e-01 -9.703203e-01 -1.332432e-01 4.216924e-02 -5.313997e-03 2.263221e-03
4.202578e+00 1.984633e-02 -2.533360e-02 -1.910382e-03 1.692260e-01 1.325716e-01 1.238025e-02
1.361661e+00 -5.201335e-02 6.584862e-02 -8.613073e-03 -9.772785e-02 -7.719452e-02 2.762622e-03
6.791996e+00 -2.224696e-01 -1.055479e-01 -9.848921e-03 3.463450e-02 -7.300117e-02 -3.590368e-03
2.477871e+00 5.373409e-03 -1.032286e-01 6.558376e-03 1.113340e-01 5.795322e-03 1.869257e-03
5.938646e+00 -3.028883e-01 -4.346391e-01 2.235911e-02 3.860625e-02 -2.690365e-02 3.080576e-03
2.268480e+00 -4.532613e-03 4.101272e-02 -2.470078e-03 -2.072198e-01 -2.290136e-02 3.485671e-03
6.563035e-01 -1.227032e-02 1.450796e-01 -2.353361e-02 -9.137048e-02 -7.727789e-03 1.181776e-03
4.908029e+00 9.277243e-01 3.683121e-01 6.302614e-02 -1.498319e-02 3.774046e-02 1.320336e-03
6.827060e+00 7.361486e-01 -4.614133e-01 1.174833e-01 2.076934e-02 3.313584e-02 4.308274e-04
3.656146e+00 -4.046816e-01 1.196560e-01 1.728108e-02 -1.797423e-02 -6.078958e-02 3.808732e-03
9.851869e+00 6.101046e-01 -3.718003e-01 -2.782986e-01 2.376076e-02 3.899014e-02 2.156904e-03
5.198967e+00 -2.290749e-01 -4.965361e-01 -1.017028e-01 4.938607e-02 -2.278406e-02 7.623211e-06
8.804959e+00 -4.253916e-01 3.013981e-01 2.524853e-02 -3.156722e-02 -4.455380e-02 3.293436e-03
4.404137e+00 -3.909277e-01 -5.137003e-02 -2.787799e-02 7.761117e-03 -5.906237e-02 -2.918940e-03
5.298858e+00 -9.423655e-01 1.926025e-01 8.402179e-02 -7.173445e-03 -3.509822e-02 -1.518318e-03
5.647836e+00 -6.082749e-01 -6.416066e-02 6.642106e-02 4.564819e-03 -4.327675e-02 -2.078015e-03
7.952668e+00 -3.443605e-02 -5.957374e-02 -1.676658e-02 1.408334e-01 -8.140748e-02 1.030833e-02
6.873532e+00 3.193743e-01 -5.336048e-01 5.647671e-02 3.755254e-02 2.247603e-02 -1.010058e-03
3.045976e+00 -4.138630e-01 2.044465e-01 5.280786e-02 -2.641673e-02 -5.347565e-02 -3.063268e-03
1.273411e+00 8.676961e-01 4.363422e-02 1.620119e-01 -2.130161e-03 4.235970e-02 -3.537442e-03
3.353343e+00 8.483912e-02 1.258736e-01 -2.179359e-02 -9.050033e-02 6.099746e-02 1.411772e-02
7.162583e+00 5.076839e-01 -8.295900e-02 9.949200e-02 7.740454e-03 4.736923e-02 2.973839e-04
7.558033e+00 -4.117675e-01 1.371169e-01 -9.797532e-03 -1.879201e-02 -5.643317e-02 -7.933410e-03
3.966520e+00 1.210761e-02 9.023942e-01 -7.584520e-02 -3.951589e-02 5.301927e-04 3.481551e-03
8.701265e+00 -8.369671e-02 7.259262e-03 4.622680e-03 -1.178625e-02 -1.358913e-01 -5.960342e-03
5.148897e+00 -5.385976e-02 3.973991e-01 -5.891639e-03 -6.168401e-02 -8.360074e-03 7.755360e-04
7.229464e+00 -7.235995e-01 -2.625199e-01 -1.191903e-02 1.308918e-02 -3.607849e-02 4.869202e-04
6.631949e-01 2.338239e-02 -6.008340e-02 -5.559663e-03 1.301501e-01 5.064992e-02 -1.229794e-02
6.301898e+00 7.191859e-01 -4.926497e-01 5.687462e-02 2.467394e-02 3.601982e-02 2.635615e-03
7.676426e+00 -1.971742e-01 9.298689e-01 6.643129e-03 -4.061053e-02 -8.611265e-03 1.176466e-03
7.256929e+00 -1.382855e-01 -8.400345e-02 5.193010e-03 5.419866e-02 -8.922120e-02 -2.503351e-03
9.525970e+00 -5.278415e-02 -2.483794e-01 1.665880e-02 7.169117e-02 -1.523539e-02 4.043428e-03
8.811934e+00 -7.826785e-01 3.901576e-01 3.872782e-02 -1.924895e-02 -3.861451e-02 -8.261917e-04
7.209001e+00 -3.618308e-01 -4.450146e-01 -4.430967e-02 4.185059e-02 -3.402771e-02 2.769122e-03
1.066084e+00 -1.943149e-02 2.969283e-02 -1.784196e-03 -1.593343e-01 -1.042711e-01 -5.871524e-03
5.909389e+00 1.925674e-02 -6.918503e-01 -4.430536e-02 5.089593e-02 1.416621e-03 -4.645427e-04
9.697415e+00 9.425932e-02 8.087210e-01 -9.913917e-02 -4.743375e-02 5.528572e-03 2.085741e-04
5.209700e+00 -5.074050e-01 1.764925e-01 7.595037e-04 -1.540237e-02 -4.428088e-02 -4.473478e-03
7.507209e+00 6.995999e-02 1.128442e-01 2.709024e-03 -9.433763e-02 5.848648e-02 -8.559612e-03
1.199941e+00 -8.805551e-02 3.361480e-01 -2.470729e-02 -5.748798e-02 -1.505924e-02 -1.316139e-03
2.514789e+00 -1.961103e-02 9.954525e-01 -2.371700e-02 -3.538461e-02 -6.970988e-04 2.084787e-04
1.225202e+00 4.008608e-02 -5.280520e-02 -9.950540e-03 1.078595e-01 8.187950e-02 1.405641e-02
2.393835e+00 4.801768e-01 8.317922e-01 1.049234e-01 -3.318606e-02 1.915764e-02 4.483999e-03
5.532232e+00 8.529791e-01 3.711620e-02 -1.711738e-02 -1.925459e-03 4.424957e-02 -2.430713e-03
