5.687169e+09 0.000000e+00 0.000000e+00 0.000000e+00 0.000000e+00 0.000000e+00 0.000000e+00
7.790233e+00 2.752621e-02 4.741475e-02 4.148062e-03 -1.116265e-01 6.480376e-02 -3.984168e-03
1.283312e+00 6.654071e-02 2.017135e-01 -1.504343e-02 -7.914850e-02 2.610930e-02 7.012994e-04
6.033120e+00 1.471928e-01 -1.768706e-01 1.898212e-02 5.507940e-02 4.583742e-02 -9.258059e-04
8.357843e+00 -5.970695e-01 3.890095e-01 -3.517676e-03 -2.049205e-02 -3.145214e-02 -3.170045e-03
4.178413e+00 1.872217e-01 -7.278164e-01 -6.792055e-02 3.570504e-02 9.184675e-03 9.760362e-05
2.503766e+00 -7.085619e-02 -3.696075e-03 -9.339697e-03 5.975448e-03 -1.145533e-01 5.159574e-03
8.950238e+00 -3.737201e-01 6.448369e-01 7.047184e-02 -3.190346e-02 -1.848989e-02 -1.916901e-03
1.343016e+00 -7.262399e-02 -1.276989e-01 -3.281844e-03 7.919186e-02 -4.503744e-02 2.688656e-03
1.732000e+00 -8.927712e-01 -4.440031e-01 1.005078e-01 1.546848e-02 -3.110296e-02 -6.209994e-04
2.446052e+00 2.720743e-01 1.701504e-01 2.838109e-02 -3.099995e-02 4.956963e-02 2.402009e-03
8.324815e+00 -5.631264e-01 -5.823290e-01 -7.076325e-02 2.801156e-02 -2.708787e-02 7.475325e-04
8.196322e+00 -6.413242e-02 6.661483e-01 -9.010782e-02 -4.252805e-02 -4.094323e-03 -1.699287e-03
3.542776e+00 -6.291406e-01 3.118465e-01 -1.334713e-01 -1.927465e-02 -3.888600e-02 7.725864e-04
6.566557e+00 -1.760827e-01 -9.596839e-01 8.875426e-02 3.766292e-02 -6.910389e-03 1.589027e-03
1.854319e+00 2.633341e-01 8.563920e-02 -6.188379e-02 -1.857875e-02 5.712826e-02 -8.796033e-04
4.899752e+00 -2.123901e-01 -5.761133e-02 6.117284e-03 1.839628e-02 -6.781978e-02 1.002636e-03
7.516121e-01 -5.725746e-01 2.529336e-01 -1.901908e-02 -1.842762e-02 -4.171524e-02 2.068152e-04
8.359744e+00 1.460531e-01 -7.646139e-01 6.034254e-02 3.777105e-02 7.214856e-03 -1.448313e-03
3.502108e+00 6.632636e-02 -6.643920e-01 -4.023436e-02 4.480371e-02 4.472761e-03 1.834082e-03
6.033221e+00 -2.508824e-03 -1.897677e-01 1.628945e-02 7.954485e-02 -1.051623e-03 -2.169816e-03
6.831661e+00 2.481879e-01 7.767268e-02 -4.346503e-02 -1.908300e-02 6.097601e-02 2.297795e-03
2.599859e+00 5.145227e-01 5.145337e-01 -3.208142e-02 -3.107461e-02 3.107395e-02 -5.679530e-03
7.014281e+00 9.669155e-02 5.834201e-01 3.356657e-03 -4.548359e-02 7.538099e-03 -1.325420e-04
3.864843e+00 1.376627e-01 -4.294493e-01 -8.305687e-04 4.993972e-02 1.600850e-02 2.423504e-03
8.342230e+00 -6.022093e-01 8.594842e-02 7.556403e-02 -5.478755e-03 -3.838764e-02 -1.777962e-03
6.843952e-01 8.687680e-01 -1.168153e-01 2.413089e-01 4.452275e-03 3.311204e-02 -1.784156e-04
2.242663e+00 7.138137e-02 1.223983e-01 1.512003e-02 -6.892603e-02 4.019691e-02 -1.955507e-03
4.195525e+00 7.798850e-01 4.946176e-01 5.670519e-02 -1.754656e-02 2.766642e-02 -2.415879e-03
6.646792e+00 1.756773e-01 -3.669832e-01 -3.716797e-02 4.463234e-02 2.136579e-02 9.015908e-04
3.993691e+00 -5.212815e-01 -7.800933e-01 -5.783393e-02 2.778094e-02 -1.856405e-02 1.659683e-03
1.059339e+00 -5.408202e-01 -3.265118e-01 3.741200e-03 2.457090e-02 -4.069819e-02 -1.185652e-03
3.720022e+00 9.172510e-01 1.752759e-01 1.400357e-01 -7.117536e-03 3.724736e-02 -4.040955e-04
7.028798e+00 -6.800646e-01 3.174439e-02 1.057407e-01 -2.096209e-03 -4.490739e-02 -2.679554e-04
6.105017e+00 -9.396792e-01 2.749554e-01 2.205328e-02 -8.624985e-03 -2.947648e-02 1.351887e-03
3.856995e+00 -1.507174e-02 -5.248923e-01 6.443578e-03 5.013090e-02 -1.439457e-03 2.887700e-03
7.434864e+00 -3.040713e-02 9.428348e-01 4.040533e-02 -3.741168e-02 -1.206555e-03 2.529746e-03
2.946096e+00 -7.503170e-01 5.274886e-01 3.951085e-02 -2.181462e-02 -3.102982e-02 -9.555831e-04
3.840087e+00 5.088224e-01 1.806109e-01 -9.845881e-02 -1.656248e-02 4.666031e-02 2.789043e-03
8.914667e+00 -3.954748e-01 -7.204374e-01 1.017046e-01 2.901266e-02 -1.592612e-02 -1.378304e-03
4.355791e+00 -5.549425e-01 5.685112e-01 -8.035869e-02 -2.439405e-02 -2.381183e-02 -2.458064e-03
4.452616e+00 3.519027e-01 3.034756e-02 -1.716890e-02 -5.351320e-03 6.205256e-02 -5.161413e-04
6.704550e+00 -9.950097e-02 -9.455454e-01 -1.579373e-01 3.626944e-02 -3.816680e-03 4.707137e-04
5.282187e+00 -1.287876e-02 4.734424e-02 5.863721e-03 -1.377168e-01 -3.746226e-02 -8.188259e-05
4.311905e+00 1.452411e-03 -1.043133e-01 -8.249288e-03 1.053699e-01 1.467124e-03 2.870520e-03
6.005136e+00 -2.671181e-01 -1.423563e-01 -4.063398e-02 2.812546e-02 -5.277478e-02 -4.684283e-03
4.303697e+00 1.982936e-01 2.997776e-01 -4.051106e-02 -5.359405e-02 3.545079e-02 -3.035678e-04
8.296257e+00 -3.893331e-01 -1.929201e-01 8.654674e-02 2.473708e-02 -4.992203e-02 1.755797e-03
7.637287e+00 -8.268240e-02 -5.939751e-01 -2.591510e-02 3.878122e-02 -5.398415e-03 -2.770991e-04
3.533697e+00 5.806730e-01 -7.088601e-01 5.569544e-02 2.796891e-02 2.291114e-02 9.929161e-04
7.224620e+00 -3.219156e-01 6.083575e-02 4.912066e-02 -1.227185e-02 -6.493715e-02 1.204652e-03
6.941238e+00 -3.713630e-01 4.940539e-01 -6.274742e-02 -3.681489e-02 -2.767246e-02 2.575997e-03
9.825068e-01 -7.193669e-02 3.224244e-01 -4.869281e-02 -5.402640e-02 -1.205393e-02 3.859437e-03
4.395622e+00 -9.177040e-02 9.937877e-03 3.049983e-03 -1.174680e-02 -1.084747e-01 -1.007135e-02
8.468164e+00 -1.057190e-01 -9.291025e-02 1.358802e-05 5.244909e-02 -5.967978e-02 -3.805662e-03
8.442523e+00 -2.244576e-01 3.040727e-01 -1.302934e-03 -4.464075e-02 -3.295250e-02 1.995939e-03
8.454582e+00 4.457705e-01 -4.512844e-01 1.335501e-03 3.391665e-02 3.350225e-02 -3.239073e-03
6.730058e+00 -4.624299e-01 -4.622418e-01 2.168220e-02 2.631194e-02 -2.632265e-02 -1.271774e-03
7.893598e+00 1.116861e-01 -5.972911e-01 6.095503e-02 3.976258e-02 7.435111e-03 1.850876e-03
2.078218e+00 -4.563038e-02 -1.611819e-01 1.880251e-02 8.261531e-02 -2.338828e-02 -1.237299e-02
3.623147e+00 4.640507e-01 8.719853e-01 1.503528e-02 -3.063809e-02 1.630489e-02 -1.052556e-04
5.080996e+00 -6.988383e-01 -2.860688e-01 2.556084e-02 1.303478e-02 -3.184270e-02 3.901420e-04
3.270004e+00 -1.069749e-01 6.848947e-03 -1.646602e-03 -7.163628e-03 -1.118900e-01 -7.558797e-03
8.855847e+00 -4.826265e-01 -5.196912e-01 -1.053097e-01 2.698516e-02 -2.506056e-02 -1.318324e-03
3.646121e+00 2.355279e-01 -6.091159e-01 -3.871316e-02 3.750708e-02 1.450293e-02 1.807571e-03
5.233257e+00 1.586342e-01 -1.007859e-01 -2.235627e-02 4.168775e-02 6.561538e-02 6.834615e-03
3.326715e+00 2.156585e-01 4.145662e-01 2.139738e-03 -4.606966e-02 2.396556e-02 -1.387784e-03
1.457039e+00 2.292543e-01 -3.118010e-01 4.806762e-02 4.034724e-02 2.966564e-02 -3.788939e-03
1.325589e+00 -1.352603e-01 6.203311e-01 -2.540325e-02 -3.687098e-02 -8.039544e-03 -4.293094e-04
6.249447e+00 1.858735e-01 3.926612e-01 3.523105e-03 -4.721297e-02 2.234914e-02 2.767474e-03
4.797012e+00 2.248251e-01 -1.845964e-01 -7.291249e-03 3.955300e-02 4.817269e-02 -3.422998e-03
7.743166e+00 -3.929598e-01 -3.442304e-01 8.270679e-02 2.777383e-02 -3.170551e-02 1.501141e-03
8.337153e+00 2.321428e-01 3.873014e-01 -2.774117e-03 -4.637959e-02 2.779925e-02 3.660319e-04
2.499385e+00 -1.996507e-01 -8.298518e-01 1.006838e-01 3.820021e-02 -9.190436e-03 -3.204974e-03
7.569182e+00 1.893226e-01 2.939362e-02 -9.604830e-03 -1.152907e-02 7.425808e-02 4.449941e-03
7.057426e+00 -3.324912e-02 -8.141177e-01 5.010417e-03 3.334044e-02 -1.361646e-03 5.110630e-04
4.581177e+00 -4.188582e-02 -4.580893e-02 1.236714e-03 8.954947e-02 -8.188037e-02 1.897413e-03
9.486319e+00 6.348473e-01 -2.450521e-01 -8.735255e-02 1.340556e-02 3.472929e-02 8.149590e-04
5.324815e+00 -4.526951e-01 7.508638e-01 -1.401383e-02 -3.430949e-02 -2.068516e-02 2.847583e-03
4.125305e+00 1.111507e-04 3.585084e-01 5.627620e-02 -5.251458e-02 1.628144e-05 -1.319307e-03
9.850452e+00 1.027914e-01 3.063567e-01 -3.918486e-03 -5.209317e-02 1.747874e-02 -3.060453e-03
6.287272e+00 7.197152e-01 -1.886480e-01 -2.406341e-02 1.094056e-02 4.173958e-02 -2.749967e-03
8.037831e+00 -1.329782e-01 -5.744534e-01 -1.128287e-01 4.535717e-02 -1.049958e-02 -1.685137e-03
1.527366e+00 -2.432402e-01 3.145291e-02 -5.680076e-03 -9.097992e-03 -7.035906e-02 -2.870360e-03
9.104689e+00 -5.180357e-02 1.899414e-01 1.304351e-02 -7.637530e-02 -2.083017e-02 4.267887e-03
5.985045e+00 4.872196e-01 3.967865e-01 -3.900608e-02 -2.478751e-02 3.043693e-02 6.741900e-04
8.614165e+00 1.838623e-01 -9.016064e-01 -6.846435e-02 3.878102e-02 7.908515e-03 -2.046913e-03
6.562717e+00 -4.154967e-01 -2.973912e-01 1.108137e-01 3.088466e-02 -4.315016e-02 -2.499447e-03
4.135837e+00 -1.468735e-01 5.333599e-01 -2.164132e-02 -4.866413e-02 -1.340084e-02 -1.271563e-03
7.436593e+00 1.643923e-01 -1.817398e-01 -9.192041e-04 4.979068e-02 4.503805e-02 -4.290739e-03
1.034579e+00 2.442450e-02 -7.015487e-01 -7.292334e-02 3.929720e-02 1.368137e-03 2.983216e-03
9.102716e+00 -4.923191e-01 -6.661554e-01 3.307426e-02 3.248537e-02 -2.400816e-02 7.557165e-04
7.962517e+00 5.043427e-01 -1.343387e-01 -1.279057e-02 1.179092e-02 4.426623e-02 -2.326167e-03
9.543225e+00 6.346020e-01 -2.413224e-01 1.040966e-02 1.494425e-02 3.929868e-02 2.165129e-03
5.055024e+00 6.808425e-01 -4.906644e-01 4.440313e-02 2.472676e-02 3.431068e-02 3.723547e-03
7.125255e+00 -9.115792e-02 -1.217430e-01 1.551967e-02 7.482278e-02 -5.602530e-02 2.929505e-03
6.731371e+00 -4.699523e-01 -6.024560e-01 -1.231437e-01 2.825594e-02 -2.204135e-02 -2.588512e-04
2.715691e+00 -5.613462e-01 3.618941e-02 6.434413e-02 -2.847805e-03 -4.417327e-02 6.577973e-04
2.626456e+00 -7.018003e-01 3.887360e-01 7.933838e-02 -1.929538e-02 -3.483470e-02 9.852758e-04
3.835724e+00 -3.037222e-01 -5.176136e-01 3.084158e-02 3.914248e-02 -2.296778e-02 -1.152417e-03
7.173929e+00 -1.154317e-01 -2.277775e-01 -3.616669e-02 5.687164e-02 -2.882107e-02 -2.904954e-04
3.947854e+00 -3.855283e-02 -4.551512e-02 -6.474328e-03 1.098161e-01 -9.301793e-02 -6.631344e-03
9.905915e+00 -8.242652e-02 -9.983757e-02 -1.973696e-03 7.945360e-02 -6.559739e-02 -2.078157e-03
6.644224e+00 -5.184445e-01 9.343604e-02 1.982370e-02 -8.905671e-03 -4.941451e-02 -1.055975e-03
6.659166e+00 4.652253e-01 2.525831e-01 -6.255704e-02 -2.166153e-02 3.989773e-02 -2.144884e-03
5.969990e+00 -5.069823e-01 -4.994329e-01 6.768016e-02 3.037374e-02 -3.083287e-02 -2.602573e-03
4.202109e+00 -1.968520e-01 9.731613e-01 2.048751e-01 -3.691534e-02 -7.467268e-03 2.562411e-03
7.304263e+00 2.351885e-01 2.370039e-01 1.745144e-02 -4.104175e-02 4.072739e-02 -1.256072e-03
6.548968e+00 -1.832030e-01 -9.637080e-01 -2.976902e-02 3.560680e-02 -6.768932e-03 -1.934086e-03
4.144738e+00 -5.752737e-01 -1.391279e-02 -1.193992e-02 1.190618e-03 -4.923035e-02 -1.843839e-03
7.997616e+00 9.381431e-01 1.659830e-01 -1.077871e-01 -6.190759e-03 3.499044e-02 -1.809335e-03
1.705597e+00 3.914586e-01 6.457431e-04 -2.951926e-02 -1.016050e-04 6.159437e-02 -2.467008e-03
8.855018e+00 5.603091e-01 -6.152388e-02 2.596811e-02 4.471568e-03 4.072338e-02 2.939764e-03
4.710297e+00 9.743281e-01 -7.065383e-02 -1.469289e-01 2.793348e-03 3.852074e-02 -2.379998e-03
1.894881e+00 -6.136474e-01 -1.323654e-01 -5.018830e-02 9.694056e-03 -4.494174e-02 1.920805e-03
4.624631e+00 5.758367e-01 5.354563e-01 -8.476696e-02 -2.751111e-02 2.958580e-02 -5.286696e-04
3.695543e+00 -2.728028e-01 4.550933e-01 -1.116611e-01 -3.804209e-02 -2.280409e-02 -7.784939e-04
9.991173e+00 5.996052e-01 -7.080776e-01 1.785605e-01 2.616744e-02 2.215878e-02 2.719590e-03
3.284988e+00 -5.033905e-02 3.606512e-03 8.461768e-04 -1.129456e-02 -1.576475e-01 3.653102e-03
1.526873e+00 1.479972e-01 2.179651e-01 -3.886389e-02 -5.197369e-02 3.528987e-02 -1.289050e-03
5.151117e+00 4.140881e-01 -9.023379e-01 -7.052828e-02 3.518081e-02 1.614468e-02 2.327677e-03
8.315216e+00 -1.013904e-01 -7.633616e-02 -7.145774e-03 5.445177e-02 -7.232334e-02 2.454948e-03
3.790179e+00 -3.356247e-01 -4.000398e-01 -7.845792e-02 3.387344e-02 -2.841908e-02 6.622226e-04
3.924714e+00 -8.958994e-02 -1.261133e-02 1.322350e-03 1.474854e-02 -1.047726e-01 5.401397e-03
1.313290e+00 -8.052327e-01 -2.765297e-01 1.897070e-01 1.243113e-02 -3.619848e-02 5.817159e-04
4.175324e+00 3.850843e-01 4.969761e-01 -9.845969e-03 -3.589808e-02 2.781580e-02 1.951107e-03
7.643729e+00 -7.697198e-02 6.497917e-02 1.189011e-02 -7.208670e-02 -8.539130e-02 -7.216019e-03
3.914187e+00 5.234295e-01 -4.862852e-01 4.209262e-04 2.575709e-02 2.772451e-02 -1.155092e-03
6.795209e+00 1.089946e-01 3.083174e-01 -2.225277e-02 -5.447269e-02 1.925687e-02 7.128635e-03
1.146229e+00 -2.672540e-01 -3.456442e-01 3.767549e-02 4.506747e-02 -3.484641e-02 7.370991e-04
2.141607e+00 -6.316168e-01 -7.418632e-01 -3.541399e-02 2.426880e-02 -2.066228e-02 4.503139e-05
3.872538e+00 8.324826e-01 8.899191e-02 3.506860e-02 -3.917794e-03 3.664935e-02 -9.656023e-04
8.394792e+00 -2.122587e-01 4.006565e-01 -7.549912e-03 -5.016889e-02 -2.657834e-02 6.056251e-04
1.348980e+00 -2.543794e-02 -5.187714e-01 8.681249e-02 4.882167e-02 -2.393969e-03 -2.371739e-04
9.791739e-01 -2.234964e-01 5.512981e-01 -1.560515e-02 -4.256637e-02 -1.725642e-02 6.909049e-04
7.406574e+00 1.089260e-01 1.081574e-01 -2.528920e-03 -6.855166e-02 6.903881e-02 -4.160141e-03
1.773941e+00 7.378438e-01 -1.800780e-01 -5.332604e-02 9.853121e-03 4.037174e-02 -1.451744e-04
8.713819e+00 -7.096100e-01 3.160036e-01 3.307186e-02 -1.418390e-02 -3.185102e-02 8.480541e-04
6.212291e+00 -3.539746e-01 2.393506e-01 1.017961e-01 -2.557483e-02 -3.782251e-02 3.472017e-03
2.341540e+00 -4.978070e-01 -5.777535e-01 1.098343e-01 3.176687e-02 -2.737114e-02 2.824349e-03
4.117247e+00 4.466732e-01 -3.195903e-01 1.099641e-02 2.743102e-02 3.833878e-02 -3.396347e-03
7.045745e+00 -7.614836e-01 -2.258599e-01 -1.590052e-01 9.582471e-03 -3.230717e-02 -3.252566e-03
3.239186e+00 3.590726e-01 -4.090984e-01 -2.065035e-02 3.627656e-02 3.184055e-02 1.646683e-03
5.168426e-01 -1.790797e-01 7.454345e-01 -1.216826e-01 -3.868476e-02 -9.293448e-03 1.918452e-03
4.914912e+00 -6.373843e-01 1.859105e-01 7.964815e-02 -1.290555e-02 -4.424600e-02 -2.811627e-03
4.851592e+00 -8.049591e-01 -3.368366e-01 -5.675057e-02 1.585112e-02 -3.788040e-02 -1.084264e-03
6.995010e+00 5.627231e-03 7.821967e-02 9.719403e-03 -1.341657e-01 9.652070e-03 -1.117258e-03
5.662994e+00 2.474544e-01 -1.592318e-01 -4.440766e-02 3.261548e-02 5.068612e-02 6.109547e-03
3.457924e+00 -8.321481e-01 -5.401048e-01 2.337930e-02 1.768035e-02 -2.724039e-02 -2.242529e-03
7.510109e-01 9.468905e-02 -2.842885e-01 2.108366e-02 6.366906e-02 2.120649e-02 -6.667141e-03
8.342680e+00 -8.078229e-01 1.876749e-01 5.477788e-04 -9.622614e-03 -4.141933e-02 -7.132532e-04
9.507731e+00 -4.168617e-02 9.277227e-03 -2.664887e-03 -3.958680e-02 -1.778788e-01 2.785445e-03
5.793908e+00 2.588612e-01 -5.415829e-01 4.895988e-02 3.478324e-02 1.662539e-02 2.001428e-03
1.936420e+00 6.980061e-01 3.581571e-01 -6.981876e-02 -1.634855e-02 3.186141e-02 -5.058222e-04
5.088250e+00 -4.015678e-02 -2.514805e-02 4.662054e-03 8.605080e-02 -1.374072e-01 -4.372338e-03
4.633107e+00 5.950813e-01 2.271058e-01 1.019154e-01 -1.353970e-02 3.547783e-02 -2.243398e-03
3.418438e+00 -2.286278e-02 -1.502165e-01 3.682649e-04 9.429320e-02 -1.435132e-02 9.648754e-04
7.121324e+00 1.017214e-01 1.129048e-01 -3.260693e-03 -7.050344e-02 6.351992e-02 -1.441712e-03
1.313654e+00 5.773282e-02 -8.055203e-01 -3.434852e-02 4.248072e-02 3.044655e-03 -5.052189e-04
8.379453e+00 6.792096e-01 -2.864951e-01 5.289970e-02 1.543130e-02 3.658383e-02 1.377377e-03
8.085485e+00 7.337776e-01 3.270705e-01 -6.883840e-03 -1.662955e-02 3.730814e-02 -5.920144e-04
3.767671e+00 -5.474891e-01 -2.871084e-01 -1.580421e-02 2.252072e-02 -4.294494e-02 -5.333120e-04
3.726935e+00 2.126742e-01 5.396755e-01 -1.972650e-02 -3.831460e-02 1.509894e-02 3.359524e-05
7.930905e-01 -7.749780e-01 -3.653384e-01 -1.098132e-01 1.669988e-02 -3.542481e-02 -2.968414e-03
5.623588e+00 -3.724742e-02 1.860050e-01 -3.675375e-03 -8.116623e-02 -1.625350e-02 -2.190257e-03
9.741304e+00 -1.252232e-02 6.494827e-02 -1.680392e-02 -1.170550e-01 -2.256873e-02 3.807964e-03
2.655776e+00 5.423393e-01 3.874598e-01 1.713923e-02 -2.417214e-02 3.383448e-02 1.834670e-03
2.335415e+00 5.675962e-01 -2.348625e-01 5.387005e-02 1.660176e-02 4.012175e-02 -1.162152e-03
3.907922e+00 -7.748707e-02 -9.958424e-01 -6.295837e-02 3.341180e-02 -2.599791e-03 -6.035116e-04
2.694980e+00 -5.633986e-01 -7.359215e-01 -5.302108e-02 2.519378e-02 -1.928757e-02 -3.135196e-03
8.006324e+00 -6.870145e-01 3.429023e-01 -4.539107e-02 -1.556328e-02 -3.118147e-02 -1.510751e-03
3.725653e+00 -6.382014e-02 -3.269669e-01 -2.251174e-02 6.476992e-02 -1.264234e-02 -1.612643e-03
3.130844e+00 -2.053458e-01 -7.199129e-01 -6.516410e-02 4.042761e-02 -1.153145e-02 4.072570e-04
7.849282e-01 -3.873494e-02 5.042483e-01 -5.273562e-02 -4.402610e-02 -3.381962e-03 6.541444e-04
3.905405e+00 -1.864408e-02 1.160563e-01 2.181571e-02 -1.097825e-01 -1.763621e-02 -6.346991e-03
2.913996e+00 -1.626814e-01 2.108318e-01 -2.488738e-02 -5.744631e-02 -4.432656e-02 9.935289e-04
7.431394e+00 -1.578986e-01 8.490887e-02 3.479960e-03 -4.234120e-02 -7.873873e-02 6.893635e-03
4.491580e+00 9.193061e-02 3.986099e-02 -1.410649e-02 -4.281208e-02 9.873665e-02 -7.006032e-04
9.107468e+00 -4.970402e-01 3.243532e-01 7.985950e-02 -2.141302e-02 -3.281340e-02 -3.384174e-04
9.389610e+00 6.701015e-01 -3.766672e-01 -3.753523e-02 1.743700e-02 3.102091e-02 -1.643280e-03
2.163562e+00 5.733659e-01 2.777660e-02 6.129884e-02 -2.467457e-03 5.093337e-02 1.792090e-03
7.077656e+00 8.598405e-01 -2.618119e-01 2.076416e-01 1.175131e-02 3.859356e-02 -2.432690e-03
3.343195e+00 7.631463e-02 8.156005e-01 1.671860e-02 -3.692958e-02 3.455450e-03 7.741548e-04
8.737370e+00 3.664544e-01 8.933864e-01 9.824682e-02 -3.219531e-02 1.320606e-02 6.995395e-04
9.218170e+00 -1.207721e-01 -5.293944e-01 -1.082286e-01 4.826429e-02 -1.101066e-02 -8.572802e-05
7.203477e+00 2.061543e-01 -9.056828e-01 -1.155002e-01 3.663386e-02 8.338713e-03 -3.586188e-03
7.677698e+00 2.598740e-01 4.454497e-02 1.564155e-02 -1.175390e-02 6.857189e-02 -7.845802e-04
8.960983e+00 -5.481558e-01 -1.707855e-02 -3.001427e-02 1.260559e-03 -4.045910e-02 1.883856e-03
1.401602e+00 -2.793000e-01 1.264324e-01 -6.172848e-02 -2.825456e-02 -6.241673e-02 3.018076e-03
2.002773e+00 1.126204e-01 1.305056e-01 -3.304154e-02 -6.666088e-02 5.752529e-02 2.261412e-03
7.266452e+00 9.263322e-01 -2.038471e-01 -1.036094e-01 6.906077e-03 3.138295e-02 9.067533e-04
8.126042e-01 -7.574346e-01 -1.966180e-01 5.785265e-03 9.604719e-03 -3.700042e-02 2.579071e-03
3.461464e+00 -2.341397e-01 5.618828e-01 9.554231e-02 -3.857949e-02 -1.607629e-02 -2.543385e-03
5.652973e+00 5.349048e-02 2.449527e-01 -2.906401e-02 -6.112826e-02 1.334862e-02 -5.001701e-03
8.646307e+00 6.021882e-01 -4.742011e-01 -7.176823e-03 2.571062e-02 3.264993e-02 -5.160907e-04
6.908807e+00 -6.281633e-01 -3.222588e-01 1.283103e-02 1.846709e-02 -3.599700e-02 -1.515897e-03
4.332487e+00 -3.667184e-01 -5.599864e-02 7.214865e-02 9.245998e-03 -6.054928e-02 -6.469776e-04
3.512027e+00 -8.808960e-02 2.844487e-02 5.182778e-03 -3.131583e-02 -9.698056e-02 -4.805413e-03
4.786750e+00 -5.299494e-02 -1.600585e-01 2.045743e-02 7.686120e-02 -2.544854e-02 -3.901084e-03
7.209725e+00 -7.991925e-01 8.720458e-02 -6.288064e-02 -4.540542e-03 -4.161211e-02 1.304008e-03
5.428358e+00 1.891656e-01 -5.135096e-01 8.285357e-02 4.251674e-02 1.566223e-02 5.135828e-04
3.082004e+00 -3.010705e-01 -6.321830e-01 4.639876e-03 3.467416e-02 -1.651320e-02 2.132766e-03
2.381733e+00 5.471898e-01 -4.996012e-01 5.473753e-02 2.547468e-02 2.790123e-02 3.669278e-04
6.477624e+00 -1.059972e-01 1.353274e-01 2.044927e-02 -6.532034e-02 -5.116309e-02 4.426728e-04
6.253884e+00 6.333366e-02 -1.883865e-02 -3.936553e-03 3.432818e-02 1.154079e-01 6.748673e-04
6.625425e+00 7.829786e-01 -1.849229e-01 5.562570e-02 9.914597e-03 4.197920e-02 -1.748294e-04
1.703873e+00 -2.799178e-01 1.886609e-01 2.515665e-03 -3.642798e-02 -5.404849e-02 -1.626474e-03
8.874538e+00 -5.163782e-01 -6.035340e-01 1.064915e-02 3.074674e-02 -2.630663e-02 5.860752e-05
4.979508e+00 1.927199e-03 4.073588e-01 -4.168163e-02 -5.570653e-02 2.635456e-04 -2.235611e-04
2.956107e+00 6.917306e-01 1.752689e-01 5.509759e-02 -9.169837e-03 3.619043e-02 -1.725980e-03
9.866740e+00 3.929405e-01 -4.611034e-01 -5.279331e-02 3.424569e-02 2.918330e-02 1.533510e-03
6.745373e+00 -2.639591e-01 3.158452e-01 7.633175e-02 -4.034953e-02 -3.372103e-02 1.589694e-04
9.875522e+00 2.906840e-01 -8.555902e-01 -8.034861e-02 3.335298e-02 1.133157e-02 -4.486482e-04
7.550911e+00 -8.421816e-01 -3.905047e-01 -9.071220e-02 1.341644e-02 -2.893455e-02 -7.509318e-05
1.933946e+00 -7.781562e-02 2.189412e-01 2.212328e-02 -6.136469e-02 -2.181011e-02 1.809678e-03
2.413091e+00 2.361338e-01 -6.933475e-01 6.052732e-03 4.084881e-02 1.391190e-02 -3.958577e-03
6.822990e+00 4.519644e-01 1.602312e-01 1.444066e-02 -1.721323e-02 4.855338e-02 -6.085967e-04
4.600571e+00 -7.484537e-01 -4.449458e-01 9.941613e-02 1.930233e-02 -3.246890e-02 -3.873142e-04
2.028680e+00 3.494124e-01 4.714295e-01 -1.080286e-01 -3.725126e-02 2.760975e-02 -2.627522e-03
5.126836e+00 8.448283e-01 -4.812572e-01 4.795171e-02 1.945173e-02 3.414675e-02 2.091254e-03
1.299874e+00 2.987016e-02 2.083527e-02 -2.833768e-04 -1.003811e-01 1.439098e-01 -1.673363e-03
2.002039e+00 5.791087e-01 -4.736918e-01 -1.662642e-01 2.334420e-02 2.853929e-02 1.917366e-03
5.507931e+00 9.554989e-01 -2.317433e-01 -1.230452e-02 7.804713e-03 3.217955e-02 -3.172126e-03
8.716908e+00 1.325353e-02 -7.351367e-01 6.342500e-02 3.574176e-02 6.443759e-04 -3.482579e-04
8.001237e+00 -7.987297e-01 -5.785821e-02 -4.144031e-02 2.914805e-03 -4.023874e-02 -2.547675e-03
3.999927e+00 -3.613641e-01 7.040285e-02 -8.014651e-03 -1.204394e-02 -6.181921e-02 -4.132359e-04
8.683077e+00 -7.076192e-02 1.169117e-01 -1.665294e-02 -7.663510e-02 -4.638412e-02 4.074544e-03
7.678530e+00 4.590744e-01 6.547809e-01 -1.203426e-01 -3.478911e-02 2.439104e-02 -2.943575e-04
2.772136e+00 4.086140e-01 -3.002285e-01 6.289826e-02 3.077997e-02 4.189184e-02 7.262893e-04
4.469423e+00 -7.584231e-01 2.307942e-01 -4.767527e-03 -1.088037e-02 -3.575447e-02 -1.270743e-03
8.859930e+00 5.261327e-01 3.766037e-01 -9.539692e-02 -2.362140e-02 3.300017e-02 4.932894e-04
7.094011e+00 -1.059058e-01 1.972116e-02 -1.337826e-02 -1.847654e-02 -9.922199e-02 -1.094252e-03
1.658015e+00 1.970558e-02 -7.895002e-01 -2.426906e-03 4.147952e-02 1.035311e-03 -1.055129e-03
5.881028e-01 4.338764e-02 5.138685e-01 -6.004489e-02 -5.337845e-02 4.506921e-03 -8.488261e-04
7.063924e+00 4.769983e-01 -4.089164e-01 9.130059e-02 2.973496e-02 3.468564e-02 3.585511e-03
6.611453e+00 1.622495e-01 -8.877395e-01 5.499270e-02 3.549822e-02 6.487904e-03 -4.242237e-04
3.616859e+00 1.985850e-01 6.436526e-02 1.739842e-03 -2.269714e-02 7.002709e-02 4.096928e-04
7.353437e+00 -2.889525e-01 -1.626261e-01 2.049665e-02 3.123302e-02 -5.549454e-02 -6.000085e-05
9.290058e+00 -2.384382e-01 8.455350e-01 4.730054e-02 -3.380190e-02 -9.532029e-03 3.650439e-03
8.011218e+00 4.980449e-01 -2.297154e-01 -5.000462e-02 2.005341e-02 4.347771e-02 -3.146644e-03
5.712724e+00 4.250383e-01 -8.533319e-02 5.069982e-02 1.073247e-02 5.345763e-02 1.096654e-03
7.650660e+00 -4.576326e-01 4.619449e-02 3.022441e-02 -5.074306e-03 -5.026936e-02 3.989256e-04
4.757334e+00 -1.283948e-01 2.205141e-01 -1.437149e-02 -6.319559e-02 -3.679578e-02 3.676979e-03
9.193233e+00 -5.205232e-01 -6.897855e-01 1.733094e-02 3.161499e-02 -2.385717e-02 5.920936e-04
4.952118e+00 9.118463e-01 2.518130e-01 6.268836e-02 -8.856976e-03 3.207221e-02 -1.009015e-03
3.947650e+00 1.582335e-01 4.216308e-01 4.290452e-02 -5.290775e-02 1.985570e-02 -4.436103e-03
9.413593e+00 -4.044186e-01 -5.992535e-01 -1.915526e-01 3.664102e-02 -2.472795e-02 -1.459803e-03
6.920357e+00 1.212901e-02 5.964589e-01 4.913623e-03 -4.666639e-02 9.489622e-04 7.061424e-04
6.148951e-01 5.855757e-01 1.904672e-02 5.409756e-02 -1.299160e-03 3.994161e-02 1.253508e-03
1.103028e+00 -6.703080e-01 -7.073423e-01 7.862333e-04 2.203951e-02 -2.088559e-02 -1.682489e-03
7.952283e+00 -2.873053e-02 -1.011033e-01 -8.930147e-03 9.351416e-02 -2.657394e-02 1.271783e-03
