4.083925e+09 0.000000e+00 0.000000e+00 0.000000e+00 0.000000e+00 0.000000e+00 0.000000e+00
7.350705e+00 7.544762e-03 8.384612e-03 7.172173e-04 -2.218000e-01 1.995832e-01 1.249896e-02
1.134323e+00 -3.513463e-02 6.275426e-02 -8.551241e-03 -9.182712e-02 -5.141183e-02 3.377070e-04
4.191657e+00 5.941948e-01 5.461120e-01 -7.300417e-02 -2.044313e-02 2.224305e-02 -4.340926e-04
6.321514e+00 -2.617156e-02 -1.350136e-01 -1.528262e-02 6.804645e-02 -1.319039e-02 2.107056e-03
6.181578e+00 -5.680433e-01 6.475106e-01 2.131153e-02 -2.173625e-02 -1.906861e-02 1.526377e-03
3.482575e+00 -1.346972e-01 -5.667361e-03 -1.346626e-02 3.477231e-03 -8.264395e-02 -1.103581e-03
3.464990e+00 4.152483e-01 6.027935e-01 -5.484864e-02 -3.128724e-02 2.155294e-02 -2.905898e-03
5.233622e+00 4.283147e-01 4.795895e-02 1.241396e-02 -4.749233e-03 4.241474e-02 9.863035e-04
5.362219e+00 -4.624051e-01 3.302282e-01 4.686780e-02 -2.388367e-02 -3.344333e-02 1.864088e-03
6.618069e-01 7.695927e-01 2.237697e-01 -1.019112e-01 -9.790825e-03 3.367277e-02 -1.786566e-03
7.282048e+00 -3.727335e-01 -8.132668e-01 -1.072279e-01 2.938854e-02 -1.346925e-02 -1.864404e-03
9.458946e+00 2.300179e-01 2.260905e-01 1.240186e-02 -3.763848e-02 3.829229e-02 -2.487502e-04
4.348687e+00 -6.844183e-01 2.171736e-02 -2.656647e-02 -1.213355e-03 -3.823865e-02 -2.071549e-03
1.920062e+00 9.824367e-03 2.333943e-02 7.885664e-04 -1.804278e-01 7.594827e-02 1.292884e-02
7.008499e+00 -4.094861e-01 -7.649209e-01 -8.415745e-02 2.505508e-02 -1.341277e-02 -5.733027e-04
2.175185e+00 -4.471914e-01 2.485023e-01 6.028522e-02 -2.206367e-02 -3.970459e-02 -3.507006e-03
6.827967e+00 -3.676695e-01 9.191732e-02 -3.736816e-02 -1.278823e-02 -5.115297e-02 2.939245e-03
7.861004e+00 6.106517e-01 -3.246466e-01 -2.845577e-02 1.543877e-02 2.903991e-02 -3.351619e-03
4.482459e+00 -4.116332e-01 7.882421e-01 8.299784e-02 -3.086102e-02 -1.611614e-02 1.770407e-03
5.890205e+00 7.888546e-02 2.993095e-01 -2.033463e-02 -5.382504e-02 1.418603e-02 1.633499e-03
5.113154e+00 3.569287e-03 1.680655e-02 1.485843e-03 -2.450196e-01 5.203600e-02 1.188238e-02
8.484261e+00 -3.749056e-01 -7.591664e-01 2.729718e-04 3.119601e-02 -1.540579e-02 7.759588e-04
3.693004e+00 1.992842e-01 -9.720420e-02 -1.346271e-02 2.816528e-02 5.774334e-02 -8.137514e-04
6.451390e+00 9.728645e-01 1.701794e-01 -1.622093e-01 -5.579526e-03 3.189648e-02 -3.271028e-04
6.026077e+00 3.847929e-01 2.503859e-01 -7.400530e-02 -2.607116e-02 4.006613e-02 2.165872e-03
2.210939e+00 -2.579104e-01 -2.592272e-01 2.038171e-02 3.457830e-02 -3.440265e-02 -9.331797e-04
4.869504e+00 -8.953860e-01 -8.464711e-03 1.185693e-01 2.861976e-04 -3.027361e-02 -2.002831e-03
2.102512e+00 6.911024e-01 -5.801355e-01 1.541860e-01 2.187543e-02 2.605971e-02 -5.403501e-04
1.937449e+00 5.346531e-01 1.223555e-01 1.311186e-01 -8.058559e-03 3.521323e-02 -3.510280e-04
8.120757e+00 7.232892e-03 -1.482494e-01 1.173642e-02 6.772631e-02 3.304276e-03 -9.764025e-04
8.587904e+00 4.280387e-01 -6.395049e-01 -8.848202e-02 2.863153e-02 1.916389e-02 7.558734e-06
6.527808e+00 -9.172656e-01 -1.713661e-02 1.885421e-02 6.181328e-04 -3.308658e-02 -1.129232e-03
6.981027e+00 -4.692819e-01 3.734636e-01 8.189580e-04 -2.332023e-02 -2.930342e-02 -2.946839e-04
7.979077e+00 -2.621117e-01 2.664276e-01 2.845566e-02 -3.469476e-02 -3.413273e-02 5.219210e-03
1.974230e+00 -4.827163e-01 -4.021250e-02 6.994128e-02 3.762506e-03 -4.516564e-02 5.154969e-03
4.359751e+00 -7.389953e-01 -2.535244e-01 -5.794084e-02 1.051179e-02 -3.064070e-02 9.460436e-04
1.972140e+00 -9.533599e-01 -6.644271e-02 4.912536e-02 1.862847e-03 -2.672924e-02 -1.125749e-03
4.635383e+00 4.934956e-01 -5.820298e-01 8.049390e-03 2.629658e-02 2.229653e-02 1.065559e-03
3.446332e+00 -4.003935e-02 -4.916273e-01 -8.573438e-02 4.409498e-02 -3.591205e-03 1.349524e-03
6.145484e+00 -4.088080e-01 1.770541e-01 -3.224482e-02 -1.718408e-02 -3.967706e-02 -4.428272e-03
9.878698e-01 2.748407e-02 2.706209e-01 1.886145e-02 -5.747203e-02 5.836818e-03 -1.153251e-03
2.507185e+00 6.992514e-02 1.400542e-01 -8.408294e-03 -6.161413e-02 3.076222e-02 3.779082e-03
5.991739e+00 6.882305e-03 -4.591028e-01 -3.902150e-02 3.883214e-02 5.821237e-04 -1.792451e-03
5.605822e+00 -3.952258e-01 -2.202672e-01 1.410910e-01 1.972922e-02 -3.540017e-02 -3.712509e-04
6.945537e+00 -3.725358e-01 8.271523e-02 -5.077203e-02 -1.095424e-02 -4.933610e-02 3.657909e-03
3.887309e+00 4.307734e-01 3.787268e-01 6.083019e-02 -2.715067e-02 3.088186e-02 -5.398291e-03
8.882540e+00 -2.196824e-01 -2.866549e-01 7.677014e-02 4.200351e-02 -3.219005e-02 -2.713671e-03
6.481229e+00 -6.080624e-01 2.823006e-01 6.497985e-02 -1.534840e-02 -3.305973e-02 -1.605746e-03
9.333261e+00 -2.959680e-01 1.085547e-01 1.184353e-02 -1.689183e-02 -4.605459e-02 -1.742079e-03
3.759912e+00 3.693537e-01 -2.885480e-01 -7.049336e-02 2.629668e-02 3.366086e-02 -2.684924e-03
4.801467e+00 -7.712489e-01 5.312993e-01 -1.822735e-01 -1.886179e-02 -2.738030e-02 -6.065777e-04
7.548804e+00 -7.765451e-01 2.440934e-01 -6.320560e-03 -9.394624e-03 -2.988754e-02 -2.559778e-04
2.927900e+00 -4.860750e-02 9.109172e-01 -2.824282e-02 -2.803937e-02 -1.496210e-03 4.136797e-04
9.085105e+00 9.893573e-02 2.555141e-01 -8.610560e-03 -4.574098e-02 1.771103e-02 3.752848e-03
5.682834e+00 -1.473267e-02 2.644780e-02 5.842599e-04 -1.374050e-01 -7.654102e-02 -8.464535e-03
7.100920e+00 6.457426e-01 1.718929e-01 1.657671e-01 -8.877931e-03 3.335134e-02 -2.259840e-03
5.191775e+00 -3.488803e-02 2.575320e-01 -1.339136e-02 -5.490606e-02 -7.438160e-03 1.322651e-03
9.447238e+00 4.410728e-02 -3.093253e-02 5.533562e-03 7.744204e-02 1.104261e-01 -3.401419e-03
2.655807e+00 -3.892738e-01 -9.728824e-02 -5.564910e-02 1.053911e-02 -4.216952e-02 -4.972610e-04
7.612880e+00 4.612098e-01 -6.964557e-01 2.911291e-02 2.761388e-02 1.828658e-02 -2.104449e-03
1.694185e+00 3.825130e-01 -1.026070e-01 -3.954046e-02 1.184006e-02 4.413909e-02 -6.270851e-04
3.549026e+00 -8.566695e-01 3.144933e-01 1.223236e-01 -9.231686e-03 -2.514681e-02 -2.183942e-03
3.292619e+00 5.729427e-01 7.460262e-01 -5.435122e-02 -2.482979e-02 1.906910e-02 8.224591e-04
5.492201e+00 -3.605633e-01 -3.017881e-01 2.260344e-02 2.916760e-02 -3.484817e-02 2.502165e-03
3.529014e+00 -1.077648e-01 -3.597133e-03 6.308134e-03 3.308977e-03 -9.913210e-02 -5.572934e-03
1.852431e+00 8.775747e-02 7.027486e-01 3.996313e-02 -3.807939e-02 4.755259e-03 -4.661000e-04
5.169290e+00 -3.840176e-01 -7.553037e-01 -9.883795e-02 2.881430e-02 -1.465000e-02 -8.074556e-04
7.215250e+00 -2.816510e-03 4.354618e-01 9.525011e-03 -4.196792e-02 -2.714430e-04 9.782574e-04
7.014864e+00 2.000669e-02 5.232273e-02 -4.341410e-03 -1.267713e-01 4.847364e-02 -2.631048e-03
2.130206e+00 -3.319843e-02 -3.072249e-01 -5.725831e-03 4.859563e-02 -5.251198e-03 -1.053926e-03
1.839948e+00 8.216227e-01 -5.245321e-01 -1.423288e-01 1.620855e-02 2.538895e-02 -1.708650e-03
5.513380e+00 -1.968950e-02 1.721058e-01 2.379057e-02 -7.747328e-02 -8.863212e-03 7.494955e-04
8.494494e-01 -1.611580e-02 1.242911e-01 -1.486776e-02 -8.129746e-02 -1.054117e-02 -9.384844e-03
6.779874e-01 2.260882e-01 8.144219e-01 2.594621e-03 -3.399270e-02 9.436567e-03 7.597729e-04
8.414041e+00 -7.893832e-01 -3.333081e-01 2.494073e-02 1.349500e-02 -3.196060e-02 1.310741e-03
5.625133e+00 -2.793131e-02 9.275107e-01 5.642286e-02 -3.003148e-02 -9.043762e-04 -8.717711e-04
8.473690e+00 3.491138e-03 -6.932605e-02 2.515511e-03 1.238083e-01 6.234766e-03 -5.838904e-03
1.019066e+00 1.210306e-01 -3.310211e-01 -2.273774e-02 5.030117e-02 1.839152e-02 4.372569e-04
4.423893e+00 -8.926466e-02 6.423714e-01 -6.587908e-02 -3.160339e-02 -4.391643e-03 9.414058e-04
5.322746e+00 1.975938e-01 8.143644e-01 -1.810506e-01 -3.438881e-02 8.343949e-03 2.248205e-03
4.767485e+00 2.774665e-01 -3.905295e-01 1.205957e-02 3.660761e-02 2.600927e-02 1.219682e-03
1.222554e+00 2.911352e-01 2.522415e-01 1.006693e-02 -3.281779e-02 3.787804e-02 7.754887e-06
7.369112e+00 -1.987445e-01 -7.545964e-01 3.070359e-02 3.212776e-02 -8.461763e-03 6.919486e-04
2.438470e+00 2.077750e-01 -2.550707e-01 -4.954031e-02 4.127260e-02 3.361976e-02 1.984647e-03
4.577676e+00 2.418961e-01 -4.961834e-02 -5.238604e-02 1.148687e-02 5.600006e-02 -5.705960e-03
6.615342e+00 -1.519538e-01 -4.046848e-01 -1.409839e-02 4.129489e-02 -1.550568e-02 1.863310e-03
4.573919e+00 -9.997744e-02 -4.110333e-01 4.663236e-02 3.912612e-02 -9.516818e-03 -3.210103e-03
6.943193e+00 3.995959e-01 2.227922e-01 -7.155828e-02 -2.025809e-02 3.633453e-02 7.688553e-04
4.771759e+00 1.750974e-03 -1.069893e-02 1.320573e-03 2.767443e-01 4.529164e-02 -9.322013e-03
4.584638e+00 2.102971e-01 -2.628745e-01 -1.845821e-02 4.306605e-02 3.445242e-02 -1.232680e-03
4.909256e+00 9.345256e-01 -1.600706e-01 -2.721815e-02 4.820802e-03 2.814485e-02 4.324562e-04
1.661402e+00 -7.490636e-01 2.462048e-01 -1.654687e-01 -1.012430e-02 -3.080259e-02 2.055177e-03
2.710730e+00 -9.995338e-02 2.945993e-01 8.258110e-02 -5.327165e-02 -1.807432e-02 5.122992e-03
1.807884e+00 -1.431716e-01 4.084101e-01 2.910644e-03 -4.185483e-02 -1.467257e-02 -2.137143e-04
9.531604e+00 5.528901e-01 -4.305492e-01 -3.615871e-02 2.185514e-02 2.806529e-02 1.681185e-03
1.545022e+00 -4.510062e-01 -1.954099e-01 1.915898e-02 1.701705e-02 -3.927538e-02 3.248336e-03
5.425851e+00 4.257559e-01 -3.604639e-01 4.561844e-02 2.281570e-02 2.694838e-02 3.138466e-04
1.045364e+00 -7.071331e-01 -1.606427e-01 4.024302e-02 7.695989e-03 -3.387698e-02 2.918400e-03
4.346511e+00 -3.635730e-01 2.782260e-01 -1.127404e-01 -2.620795e-02 -3.424736e-02 -3.376002e-03
1.495849e+00 8.563814e-01 -1.204641e-01 2.671004e-02 4.481036e-03 3.185576e-02 9.271692e-04
6.125002e+00 -2.354489e-01 8.926845e-02 2.579549e-02 -2.039698e-02 -5.379780e-02 4.779473e-03
6.240795e+00 2.818894e-01 7.147668e-01 1.084663e-01 -2.709894e-02 1.068727e-02 -7.302282e-04
1.600074e+00 2.193687e-01 5.042574e-01 -1.950237e-02 -3.240356e-02 1.409662e-02 1.873722e-03
6.040599e+00 -2.047305e-01 -3.402070e-02 6.977746e-03 1.109845e-02 -6.678851e-02 -4.244916e-04
4.389017e+00 6.471558e-01 1.401502e-01 7.596968e-02 -7.238684e-03 3.342527e-02 7.569978e-04
7.925719e+00 2.078435e-01 8.500837e-01 -1.310413e-01 -2.964417e-02 7.247930e-03 -1.127302e-03
7.625476e+00 2.313179e-01 6.724711e-01 6.078058e-02 -3.378525e-02 1.162151e-02 -2.125453e-03
4.575678e+00 2.975994e-01 -5.527189e-02 -4.129206e-03 8.917056e-03 4.801194e-02 8.146434e-04
4.541621e+00 1.271666e-01 2.246725e-01 -4.863168e-02 -4.993691e-02 2.826474e-02 -3.707898e-03
1.441435e+00 -1.078661e-01 5.269510e-01 -4.914091e-02 -4.170199e-02 -8.536334e-03 -6.987741e-04
6.018523e+00 4.284375e-02 1.244602e-01 8.212998e-03 -7.039882e-02 2.423385e-02 8.190417e-03
6.121179e+00 3.704069e-01 -3.550005e-01 -1.045920e-01 2.697010e-02 2.814055e-02 1.126217e-03
7.057324e-01 4.674125e-01 -8.686495e-01 5.664040e-02 2.691272e-02 1.448150e-02 -1.223782e-03
6.160600e+00 7.841881e-01 -6.200122e-01 1.389271e-01 1.719824e-02 2.175224e-02 5.082046e-05
2.023060e+00 4.571885e-01 -2.877773e-01 -1.322271e-02 2.338705e-02 3.715474e-02 -2.095728e-03
8.825209e+00 5.384526e-02 -1.503216e-01 -1.968232e-03 6.661343e-02 2.386096e-02 3.060843e-03
7.633518e+00 2.049345e-01 4.303835e-01 4.393908e-02 -3.583955e-02 1.706562e-02 2.357495e-03
6.565457e+00 -2.308819e-01 7.610081e-01 9.035578e-03 -3.312684e-02 -1.005033e-02 -2.296816e-03
3.648306e+00 -3.004914e-01 2.925032e-01 -1.215789e-02 -3.073219e-02 -3.157149e-02 8.917785e-04
1.856980e+00 -6.322638e-01 -4.458337e-01 6.121164e-02 2.010815e-02 -2.851659e-02 -9.524430e-04
4.041804e+00 -6.000684e-02 -7.760001e-01 -1.298287e-01 3.561754e-02 -2.754247e-03 -2.027012e-03
4.134406e+00 -1.914384e-01 -3.264650e-01 -5.770938e-02 4.209364e-02 -2.468363e-02 -4.603862e-04
9.578366e+00 1.857961e-01 5.435000e-01 4.693085e-02 -4.023716e-02 1.375512e-02 7.051001e-04
2.543766e+00 3.793512e-01 -2.106582e-01 7.812429e-03 2.055237e-02 3.701052e-02 2.685198e-03
2.185717e+00 -1.020710e-01 4.319857e-01 -1.068825e-01 -4.355238e-02 -1.029070e-02 3.749623e-04
5.268261e+00 9.802685e-02 5.651221e-02 4.765925e-03 -3.922593e-02 6.804182e-02 1.859617e-03
5.668999e+00 4.115999e-01 2.724366e-01 1.086760e-02 -2.486235e-02 3.756227e-02 -1.950830e-03
1.148344e+00 -3.196019e-01 -2.907213e-01 1.709872e-02 2.895894e-02 -3.183575e-02 4.355698e-03
1.459401e+00 -1.064299e-01 9.512836e-01 1.850054e-01 -3.095869e-02 -3.463668e-03 1.176987e-04
6.140541e+00 4.672376e-02 2.355993e-01 1.927267e-02 -5.953151e-02 1.180622e-02 3.970920e-03
1.535373e+00 4.883638e-02 -6.598965e-02 -1.040088e-03 8.691916e-02 6.432550e-02 4.451729e-03
5.096521e+00 4.339541e-01 8.502311e-01 -1.488848e-01 -2.467021e-02 1.259156e-02 2.646468e-03
6.057903e-01 3.107186e-01 -7.841277e-01 1.241378e-01 2.786664e-02 1.104244e-02 2.594060e-03
5.088790e+00 -3.406850e-01 -8.506966e-01 -1.848688e-01 2.433844e-02 -9.747001e-03 4.459685e-05
6.204661e+00 -5.168200e-01 -7.335192e-01 -1.064859e-01 2.646581e-02 -1.864717e-02 2.087121e-03
5.821154e+00 -4.350131e-03 -4.563436e-02 -4.513860e-03 1.357517e-01 -1.294064e-02 1.324366e-03
7.792102e+00 4.050092e-01 4.998365e-01 1.003747e-02 -2.897330e-02 2.347658e-02 -7.097438e-04
4.287204e+00 5.078227e-01 -2.376994e-01 -4.765227e-02 1.443212e-02 3.083288e-02 -1.183603e-03
3.800214e+00 -2.525287e-01 -4.671029e-01 3.677034e-03 3.397048e-02 -1.836538e-02 3.362407e-03
7.626894e+00 4.794677e-02 -1.204754e-02 3.355323e-03 2.961493e-02 1.178614e-01 6.772622e-03
5.891862e+00 2.810186e-01 6.879003e-01 1.087976e-01 -2.911584e-02 1.189430e-02 1.162561e-03
1.672211e+00 -1.545622e-01 2.058787e-01 -2.361702e-02 -4.596232e-02 -3.450595e-02 -2.235207e-03
8.575424e+00 2.484433e-02 3.591716e-02 -4.346441e-03 -1.140037e-01 7.885770e-02 -1.013510e-02
3.477171e+00 4.351679e-01 3.186206e-01 6.759788e-02 -2.073340e-02 2.831741e-02 -1.424935e-03
3.274259e+00 -7.154077e-01 2.732236e-01 3.939570e-02 -1.207663e-02 -3.162140e-02 1.134612e-03
1.316718e+00 3.359250e-01 8.203665e-01 -2.258385e-02 -2.650705e-02 1.085415e-02 1.383920e-03
3.804201e+00 -1.792263e-01 -1.611727e-01 -1.475683e-02 3.906564e-02 -4.344154e-02 -2.867146e-04
3.542797e+00 6.537348e-02 -3.090069e-01 3.954068e-02 5.666590e-02 1.198823e-02 7.366869e-04
1.817612e+00 -5.096102e-02 2.561182e-01 3.504374e-02 -5.743024e-02 -1.142716e-02 3.001459e-03
6.903208e+00 -2.426078e-01 -5.590802e-03 1.565297e-02 1.512607e-03 -6.563823e-02 -1.708390e-03
5.649628e+00 7.623100e-01 2.946911e-01 -4.436456e-02 -1.310536e-02 3.390107e-02 2.880689e-03
2.230171e+00 -4.092178e-02 2.470633e-02 4.441846e-03 -7.415502e-02 -1.228250e-01 9.067618e-03
1.867335e+00 -2.641354e-01 -7.863443e-01 -2.609391e-02 3.166866e-02 -1.063760e-02 1.875196e-05
2.476346e+00 -7.787792e-01 3.395348e-01 -6.345526e-02 -1.135639e-02 -2.604777e-02 1.490542e-03
7.559408e-01 -4.551287e-01 -1.898956e-01 3.871299e-02 1.744279e-02 -4.180568e-02 1.337601e-03
9.792581e-01 3.045262e-02 3.429681e-02 -6.085984e-03 -1.033119e-01 9.173207e-02 -1.564708e-02
4.071610e+00 1.844508e-01 -7.175519e-01 -4.779411e-02 2.941592e-02 7.561530e-03 -1.632694e-03
4.022677e+00 -2.166741e-01 2.743048e-01 -2.457627e-02 -4.318254e-02 -3.411001e-02 1.723996e-03
9.234970e+00 7.860229e-02 6.596943e-01 3.306539e-02 -3.938004e-02 4.692114e-03 2.090955e-03
7.070220e+00 8.180606e-02 7.301526e-01 -3.268805e-02 -3.493581e-02 3.914197e-03 3.403035e-03
1.979894e+00 -7.384948e-01 2.117838e-01 -8.006946e-02 -8.234383e-03 -2.871348e-02 -1.104868e-03
2.832156e+00 4.574466e-01 -5.021406e-01 7.177072e-02 2.902696e-02 2.644336e-02 -1.783681e-03
2.868706e+00 -3.881464e-01 4.974544e-01 -6.031947e-03 -2.790826e-02 -2.177585e-02 3.267055e-04
2.089437e+00 -2.118748e-02 8.320843e-01 6.354649e-02 -3.564844e-02 -9.077212e-04 1.485016e-03
5.958755e+00 -3.049292e-02 6.679202e-02 -5.572988e-03 -8.530986e-02 -3.894697e-02 4.461300e-04
1.615227e+00 6.466763e-01 -5.446964e-01 2.331202e-02 1.939325e-02 2.302412e-02 -5.330576e-04
9.698123e+00 4.750025e-01 6.505030e-01 -1.347104e-01 -2.872206e-02 2.097308e-02 -8.147859e-04
6.266501e-01 4.459220e-01 -8.821983e-01 6.460534e-02 2.411061e-02 1.218712e-02 -6.651957e-04
1.160034e+00 1.602228e-01 5.500313e-01 -8.855312e-03 -4.052170e-02 1.180387e-02 -3.037695e-03
6.861619e-01 -1.964165e-02 -6.451137e-02 -5.376736e-03 9.956966e-02 -3.031578e-02 -4.028634e-03
2.955704e+00 -7.318820e-01 1.691751e-01 6.464230e-02 -7.811431e-03 -3.379366e-02 -9.719880e-04
2.268286e+00 -2.096406e-01 -4.733020e-02 -2.564227e-02 1.394181e-02 -6.175275e-02 -9.581237e-04
4.851836e+00 4.960189e-01 8.633908e-02 4.817259e-02 -6.172619e-03 3.546176e-02 1.171259e-03
1.626068e+00 6.656578e-02 -5.304566e-01 4.670052e-02 4.105168e-02 5.151481e-03 -1.833293e-03
5.569896e+00 -8.610353e-01 4.999356e-01 9.353480e-02 -1.602324e-02 -2.759670e-02 4.301881e-04
2.541633e+00 -4.478000e-02 -6.976822e-02 -3.677339e-03 9.122844e-02 -5.855402e-02 7.689077e-03
7.322513e+00 -5.959603e-01 -2.123344e-01 -2.527811e-02 1.269837e-02 -3.564060e-02 -1.867904e-03
5.660085e+00 1.182251e-03 -7.103255e-01 -6.248713e-03 3.656327e-02 6.085517e-05 1.100616e-03
9.763763e+00 -2.663383e-01 -8.182743e-01 -2.584487e-02 3.049622e-02 -9.926149e-03 2.812830e-03
3.522010e+00 2.794878e-01 8.640138e-01 3.773566e-02 -2.937941e-02 9.503537e-03 1.006599e-03
7.518869e+00 -9.424822e-03 5.347124e-02 2.613367e-03 -1.067867e-01 -1.882218e-02 3.668133e-03
6.264057e+00 7.047356e-02 1.307585e-01 1.329304e-02 -6.876770e-02 3.706303e-02 5.048267e-03
4.156363e+00 -5.657264e-01 3.186321e-01 -8.178125e-02 -1.671283e-02 -2.967338e-02 1.017806e-03
4.783273e+00 -7.436676e-01 -9.277152e-02 3.048450e-02 4.590750e-03 -3.680000e-02 -1.647335e-03
3.389305e+00 5.359781e-01 -8.382373e-01 7.674393e-02 2.586959e-02 1.654130e-02 -4.756002e-04
7.459514e+00 -9.042614e-01 -7.404171e-02 1.582910e-01 2.253164e-03 -2.751759e-02 9.374051e-04
1.514608e+00 -3.715332e-01 9.224381e-01 -2.117791e-02 -2.365097e-02 -9.525973e-03 1.351797e-03
1.641918e+00 -4.421902e-01 -7.566324e-01 8.025989e-02 2.956865e-02 -1.728047e-02 6.487847e-04
8.677997e+00 -1.428613e-01 5.117371e-01 5.992329e-02 -4.109786e-02 -1.147326e-02 1.120650e-04
9.455995e+00 2.957630e-01 5.080653e-02 -3.141635e-02 -9.518383e-03 5.540991e-02 7.404593e-03
9.112866e+00 -6.009179e-01 -4.459608e-01 1.006629e-01 1.988497e-02 -2.679437e-02 9.450442e-04
3.022863e+00 -7.421022e-02 9.060620e-01 -2.305228e-02 -2.766305e-02 -2.265718e-03 1.205733e-03
2.551709e+00 -6.775434e-01 6.631632e-01 -2.861072e-02 -2.317426e-02 -2.367678e-02 1.352002e-03
8.133813e-01 9.417857e-01 3.163311e-01 -1.508229e-02 -9.633797e-03 2.868189e-02 1.527488e-03
1.161751e+00 4.093397e-01 -1.818359e-01 5.376457e-02 1.609297e-02 3.622766e-02 8.636760e-04
3.056772e+00 -4.249281e-01 6.734347e-01 1.863608e-01 -2.922893e-02 -1.844306e-02 -5.673187e-04
2.334170e+00 -5.507280e-02 9.040328e-01 1.226440e-01 -2.645410e-02 -1.611558e-03 -3.427013e-04
1.703226e+00 4.233209e-01 2.922045e-01 -2.720277e-02 -2.451696e-02 3.551808e-02 -3.790850e-03
5.197278e+00 -4.745641e-01 -1.227902e-01 -1.645237e-03 1.017160e-02 -3.931158e-02 -2.605998e-03
1.079654e+00 -5.900783e-01 -2.314563e-01 -1.588146e-02 1.246023e-02 -3.176629e-02 2.159944e-03
6.361350e+00 -1.662267e-03 1.811450e-01 8.875771e-03 -6.949957e-02 -6.377590e-04 1.064007e-03
6.041799e+00 -1.996755e-02 -1.892418e-02 2.547556e-03 1.161436e-01 -1.225470e-01 -1.044304e-02
7.196867e+00 8.238389e-01 5.465768e-01 5.497324e-03 -1.619430e-02 2.440918e-02 -2.515126e-03
3.658384e+00 9.592716e-02 -6.071268e-02 7.143143e-03 4.500497e-02 7.110869e-02 7.335404e-03
4.392992e+00 -8.860425e-01 3.524236e-01 4.801186e-02 -1.234137e-02 -3.102793e-02 3.131267e-04
9.972628e+00 1.363558e-01 2.945692e-01 -1.053052e-02 -4.433306e-02 2.052174e-02 3.597877e-03
1.448818e+00 6.782569e-02 -8.680240e-02 -2.321136e-02 6.767296e-02 5.287833e-02 3.314278e-03
1.870996e+00 -8.443703e-01 3.596124e-01 3.271756e-02 -1.054789e-02 -2.476645e-02 1.162324e-03
8.285706e+00 3.601389e-01 -9.064012e-01 3.055971e-02 2.856989e-02 1.135163e-02 1.372229e-03
2.967628e+00 1.063324e-01 -2.208845e-01 -2.427260e-02 4.788038e-02 2.304930e-02 -7.919390e-04
6.852434e+00 8.097252e-02 -1.327033e-01 1.196271e-02 6.267176e-02 3.824086e-02 2.424815e-03
5.703464e+00 -1.741425e-01 -1.887075e-01 2.239961e-02 4.047949e-02 -3.735515e-02 3.211633e-03
9.324616e+00 3.700073e-02 -7.799296e-02 1.387431e-02 9.922282e-02 4.707241e-02 -3.202634e-03
7.528359e+00 -1.544183e-01 -2.782751e-02 1.452756e-02 1.354550e-02 -7.516564e-02 -4.234768e-03
2.051726e+00 -4.233428e-01 -1.155087e-01 -6.842322e-02 1.108664e-02 -4.063287e-02 1.676424e-04
4.718321e+00 -2.581797e-02 4.254081e-01 -3.235037e-03 -3.896050e-02 -2.364508e-03 -4.747558e-03
4.146916e+00 3.415625e-01 -6.979988e-01 2.990210e-02 2.583665e-02 1.264305e-02 -1.500972e-03
7.603262e+00 -3.911138e-01 -3.296489e-01 6.699710e-02 2.932134e-02 -3.478846e-02 4.560851e-03
5.855355e+00 7.084660e-01 -1.377856e-01 8.816509e-02 6.680824e-03 3.435147e-02 -7.212001e-04
9.871936e+00 3.286083e-01 2.871056e-02 4.090133e-03 -4.915318e-03 5.625854e-02 -1.566071e-03
2.620911e+00 -3.635287e-01 4.317059e-01 -6.733451e-02 -3.320566e-02 -2.796166e-02 -1.926713e-04
6.116477e+00 -3.251038e-02 1.914946e-01 1.402888e-02 -5.690803e-02 -9.661376e-03 1.125247e-03
8.491859e+00 6.199694e-01 -1.376861e-01 -6.819780e-02 7.658816e-03 3.448593e-02 2.509443e-03
9.377300e+00 2.500065e-01 4.276776e-02 -2.084133e-02 -9.493534e-03 5.549614e-02 1.396323e-03
3.792175e+00 3.872005e-02 -8.420613e-02 6.875917e-03 9.483224e-02 4.360620e-02 9.284057e-03
2.932676e+00 9.487709e-01 -3.023001e-01 -1.208474e-01 8.842008e-03 2.775070e-02 -3.656144e-05
9.621680e+00 4.932800e-01 -8.401715e-01 -1.436078e-01 2.424489e-02 1.423462e-02 3.360842e-03
4.989012e+00 -4.582167e-02 8.416550e-02 -9.284428e-03 -8.574656e-02 -4.668244e-02 -9.577509e-04
7.323601e+00 2.031864e-01 -2.202265e-01 5.568880e-03 3.735163e-02 3.446154e-02 -3.245447e-03
8.087175e+00 -5.784369e-01 6.945246e-01 -6.793405e-02 -2.084975e-02 -1.736477e-02 -1.153239e-03
2.514800e+00 -4.113813e-01 2.048827e-01 -1.098874e-02 -2.153980e-02 -4.324949e-02 4.149713e-04
5.914907e-01 3.897958e-01 1.244255e-01 -9.103586e-04 -1.446817e-02 4.532537e-02 -1.413447e-03
7.473407e+00 2.977771e-01 8.826797e-01 1.694413e-01 -2.738530e-02 9.238588e-03 5.992048e-04
4.848374e+00 -2.409504e-01 -8.912669e-02 1.246692e-02 2.132716e-02 -5.765711e-02 6.038416e-03
4.353329e+00 -5.558445e-01 3.260032e-04 4.217821e-02 -2.276029e-05 -3.880693e-02 -2.625720e-04
1.816251e+00 2.311459e-01 4.356930e-01 5.606567e-02 -3.916544e-02 2.077824e-02 -2.077009e-03
5.104995e+00 3.829983e-01 -5.368610e-01 1.285480e-02 3.121675e-02 2.227012e-02 -1.522507e-03
1.558055e+00 -1.387514e-01 3.096518e-01 3.180308e-02 -4.220094e-02 -1.890976e-02 5.766843e-04
7.325761e-01 -1.522343e-02 -3.382084e-02 2.078004e-03 1.336209e-01 -6.014541e-02 -2.699077e-03
2.519240e+00 -7.769190e-01 2.596037e-01 -1.364842e-02 -1.078685e-02 -3.228192e-02 2.493116e-03
1.371434e+00 -1.579912e-01 3.941883e-01 -6.136283e-02 -3.944536e-02 -1.580975e-02 1.958579e-03
7.668089e+00 5.691624e-01 5.647559e-01 -3.217853e-02 -2.066101e-02 2.082221e-02 3.063556e-03
2.638723e+00 5.890484e-01 1.609362e-01 1.186770e-01 -1.093564e-02 4.002595e-02 3.808082e-03
6.063197e+00 1.199616e-01 5.743204e-01 -4.987649e-02 -3.528933e-02 7.371085e-03 -5.812241e-04
5.874307e+00 5.699067e-01 -4.001333e-01 -3.803879e-03 2.063859e-02 2.939538e-02 1.223700e-03
9.374948e+00 5.016856e-02 -1.558616e-01 -1.252507e-02 6.619822e-02 2.130781e-02 2.878344e-03
5.762463e+00 1.649650e-01 -4.890416e-02 5.386878e-03 2.027302e-02 6.838557e-02 -1.984641e-03
8.995569e+00 -4.317203e-04 -4.983250e-01 2.804588e-02 3.733657e-02 -3.234627e-05 1.254308e-03
4.494868e+00 1.092136e-01 6.839950e-02 4.274841e-03 -3.870968e-02 6.180782e-02 -2.400047e-03
5.285553e+00 2.409690e-01 4.372743e-01 -1.558698e-02 -3.947408e-02 2.175300e-02 -4.266610e-05
9.197311e+00 -4.869253e-01 7.758902e-01 2.169505e-01 -2.533415e-02 -1.589895e-02 -1.110426e-03
6.973094e+00 4.990084e-01 6.017355e-01 -1.174521e-01 -2.440446e-02 2.023818e-02 4.063406e-04
6.266717e+00 -3.026141e-01 -7.612333e-01 1.161509e-01 2.649276e-02 -1.053170e-02 6.449981e-04
2.723913e+00 -8.239789e-03 -2.759149e-01 2.163709e-02 5.866317e-02 -1.751888e-03 -3.733252e-03
5.289038e+00 3.742575e-03 1.924756e-02 -6.874700e-04 -2.167218e-01 4.214029e-02 1.446092e-02
7.674439e+00 -3.859797e-01 4.851175e-02 2.028559e-03 -5.648380e-03 -4.494087e-02 -5.412436e-04
4.291804e+00 -5.804303e-02 -7.579666e-02 6.334700e-03 7.990638e-02 -6.119014e-02 2.322289e-03
7.798942e+00 -3.209757e-02 -7.058766e-02 -1.176390e-03 8.643701e-02 -3.930458e-02 -3.455867e-03
7.845521e-01 -2.409398e-01 2.462554e-02 -2.938417e-02 -5.306297e-03 -5.191756e-02 3.984949e-03
7.957487e+00 1.774946e-01 3.724824e-02 -4.532408e-03 -1.521831e-02 7.251801e-02 -3.090110e-04
9.091004e+00 -4.655171e-03 1.164640e-03 -3.070507e-05 -1.078270e-01 -4.309943e-01 -1.063662e-02
4.442984e+00 8.054544e-01 2.332973e-01 -1.397871e-02 -9.770854e-03 3.373368e-02 -2.305023e-03
9.812702e+00 2.580542e-01 -3.719162e-01 -4.731244e-02 3.313037e-02 2.298752e-02 1.578683e-03
2.192642e+00 5.397809e-02 -4.738181e-03 -3.474253e-03 1.177911e-02 1.341894e-01 1.186061e-02
5.706854e+00 3.213354e-02 -3.057331e-03 -1.974973e-03 1.474574e-02 1.549825e-01 1.298861e-02
2.352732e+00 2.308734e-01 -2.927899e-01 -3.091422e-02 3.410521e-02 2.689295e-02 -3.861087e-04
3.435576e+00 4.258633e-03 8.370694e-03 1.038451e-03 -2.757332e-01 1.402806e-01 2.321856e-02
8.623343e-01 1.891475e-02 2.014796e-02 -1.237967e-03 -1.149018e-01 1.078690e-01 -1.318272e-02
1.501298e+00 -5.284073e-01 -5.429230e-02 -5.596519e-02 3.994345e-03 -3.887551e-02 -4.011719e-05
5.417748e+00 2.806071e-01 5.599738e-01 -2.636738e-02 -3.454588e-02 1.731120e-02 2.572114e-03
7.695850e+00 3.790860e-01 1.552927e-01 3.822178e-02 -1.536600e-02 3.751004e-02 3.749070e-03
8.925781e+00 1.374519e-01 3.088834e-02 -6.209647e-03 -1.598759e-02 7.114414e-02 -6.438369e-03
8.894834e+00 1.140708e-01 -8.110207e-01 8.576346e-02 2.824730e-02 3.973009e-03 1.084400e-04
2.713089e+00 7.408809e-02 3.607324e-01 2.882136e-02 -5.208858e-02 1.069808e-02 -1.440999e-03
8.719294e+00 4.685753e-02 4.847430e-01 -9.854558e-02 -3.924437e-02 3.793545e-03 -1.010312e-03
7.862458e+00 9.690830e-02 5.170653e-01 9.679732e-02 -3.638599e-02 6.819457e-03 3.397752e-03
8.755224e+00 1.340511e-03 -3.369285e-02 -2.048036e-03 1.732279e-01 6.892084e-03 -4.056723e-03
7.097543e-01 4.974430e-02 3.376045e-01 -3.233116e-03 -4.733242e-02 6.974188e-03 -1.610249e-03
8.758847e+00 9.325084e-02 -5.916196e-01 -9.747492e-02 3.726235e-02 5.873276e-03 -1.459128e-03
5.573914e+00 4.307678e-01 -2.704771e-01 3.702257e-03 1.953389e-02 3.111011e-02 5.846155e-03
2.872134e+00 -5.010150e-01 1.179685e-01 6.482782e-02 -1.029127e-02 -4.370724e-02 -1.570653e-03
6.268723e+00 2.277318e-01 -5.850073e-01 -7.101541e-02 3.550571e-02 1.382167e-02 2.263033e-04
7.272927e+00 2.099458e-01 -9.654478e-01 -1.446085e-01 3.195986e-02 6.949973e-03 -2.765282e-03
7.538103e+00 2.878727e-01 -2.719550e-01 -6.064983e-02 2.949168e-02 3.121785e-02 -2.164445e-03
3.972909e+00 1.269921e-01 -7.801320e-02 -1.640710e-02 4.179960e-02 6.804255e-02 -6.470395e-03
8.135845e+00 -1.219123e-01 -1.546105e-01 -4.859829e-03 5.570299e-02 -4.392251e-02 3.660232e-05
1.723741e+00 -1.059018e-01 -1.035514e-01 -3.086693e-02 5.808196e-02 -5.940028e-02 -6.041313e-03
9.027602e+00 7.657906e-02 1.402865e-01 -1.788690e-02 -6.017887e-02 3.285022e-02 -3.752886e-03
5.005986e+00 -3.883086e-01 1.587034e-02 3.491679e-02 -1.881562e-03 -4.603725e-02 3.516829e-03
7.533196e+00 -4.715502e-01 6.141839e-01 -3.463155e-02 -2.804763e-02 -2.153404e-02 1.740161e-03
6.420156e+00 -3.929037e-01 -6.520230e-01 1.845046e-02 2.561467e-02 -1.543519e-02 -1.249890e-03
3.193373e+00 1.914489e-02 -3.869215e-01 -1.631137e-02 5.166739e-02 2.556505e-03 -2.947272e-03
5.588437e+00 1.735536e-01 -6.833985e-02 -1.938138e-02 2.212118e-02 5.617821e-02 4.323611e-03
5.427880e+00 3.037520e-01 -1.162795e-01 4.688589e-02 1.974754e-02 5.158567e-02 -1.582347e-04
2.216667e+00 3.822483e-01 -8.607708e-01 -4.621231e-03 2.583423e-02 1.147238e-02 1.044389e-03
6.859551e+00 -5.092570e-02 3.209046e-01 -3.288911e-03 -5.084042e-02 -8.068080e-03 -2.465097e-03
9.790509e+00 3.474100e-01 -2.480936e-01 -1.462453e-02 2.451910e-02 3.433454e-02 -3.171755e-03
7.859413e+00 2.385477e-01 1.296793e-01 3.917457e-02 -2.400346e-02 4.415485e-02 1.663221e-03
7.036701e+00 -2.108740e-01 -2.127873e-01 -3.255103e-02 4.093174e-02 -4.056369e-02 -2.932413e-04
9.874433e+00 -3.057410e-01 -5.854084e-01 3.987150e-02 3.385635e-02 -1.768214e-02 6.224068e-04
6.982820e+00 9.867131e-03 1.508767e-03 3.477300e-04 -4.201470e-02 2.747705e-01 2.895379e-03
8.231863e+00 -4.097903e-01 -8.596956e-02 -3.243190e-02 9.696196e-03 -4.621877e-02 6.254137e-03
6.798802e+00 3.192714e-02 -7.685995e-01 -1.259908e-02 3.282016e-02 1.363329e-03 -9.752422e-04
4.834116e+00 -5.874580e-01 4.777412e-01 8.500167e-03 -2.261867e-02 -2.781322e-02 2.413464e-03
6.603256e+00 -4.012949e-02 4.908828e-01 2.409395e-02 -4.570762e-02 -3.736581e-03 2.391247e-03
6.649464e+00 4.631141e-01 -3.552340e-01 8.207614e-02 2.246806e-02 2.929133e-02 1.520268e-03
3.033330e+00 -2.942782e-01 9.311668e-02 -2.298021e-02 -1.672605e-02 -5.285960e-02 3.713312e-03
7.178916e+00 6.383440e-01 -5.523173e-01 3.347824e-02 2.239368e-02 2.588162e-02 2.132444e-04
6.584835e+00 3.993979e-02 -1.327072e-02 -1.511221e-03 5.024341e-02 1.512135e-01 -1.229799e-02
2.199457e+00 7.395232e-03 -4.283678e-03 -4.720971e-04 1.395235e-01 2.408699e-01 -2.877200e-03
2.180553e+00 -2.993188e-01 -1.057352e-01 1.030260e-02 1.683183e-02 -4.764813e-02 2.090318e-03
9.157135e+00 6.074651e-01 1.054724e-01 6.740934e-02 -6.974858e-03 4.017150e-02 4.042056e-03
9.123064e+00 -4.307080e-01 1.750779e-01 -3.405118e-02 -1.416699e-02 -3.485212e-02 1.860914e-04
4.832333e+00 -2.385186e-01 -4.209424e-01 8.211299e-02 3.166394e-02 -1.794174e-02 1.047586e-03
9.985678e+00 4.401013e-01 7.934705e-02 6.764081e-04 -7.992009e-03 4.432796e-02 9.729878e-04
8.122698e+00 -3.896706e-01 -5.980915e-01 -2.597864e-02 3.247035e-02 -2.115519e-02 -8.522223e-04
9.625921e+00 -7.916539e-02 9.960630e-01 -9.671492e-02 -2.632069e-02 -2.091924e-03 1.924367e-03
3.457777e+00 5.997874e-01 -6.013899e-01 -1.737540e-02 2.187431e-02 2.181602e-02 -1.417069e-03
1.419186e+00 6.658164e-01 1.592780e-01 -7.029045e-02 -7.377283e-03 3.083864e-02 3.815667e-04
2.701978e+00 3.995504e-01 -9.034522e-01 1.757768e-01 2.819573e-02 1.246952e-02 -1.105266e-04
6.492429e+00 -5.264070e-01 2.050571e-01 -4.204529e-02 -1.489013e-02 -3.822482e-02 -2.038734e-03
2.824494e+00 -5.166476e-02 2.536008e-02 -1.107854e-03 -5.061240e-02 -1.031100e-01 -8.904366e-04
7.721383e+00 4.358550e-02 -7.584156e-01 -5.619357e-02 3.056271e-02 1.756413e-03 2.671468e-03
3.766066e+00 3.669991e-01 -6.344728e-01 4.290832e-02 2.785262e-02 1.611084e-02 1.003886e-03
2.957422e+00 -4.785887e-01 1.048661e-01 -7.920105e-03 -9.609936e-03 -4.385791e-02 3.158228e-03
8.917713e+00 -4.939249e-02 1.226006e-02 8.798341e-04 -3.234708e-02 -1.303177e-01 4.902124e-03
2.014579e+00 -2.919361e-01 1.322493e-01 -4.554301e-03 -2.010411e-02 -4.437916e-02 2.725961e-03
1.285857e+00 8.708518e-02 -1.549681e-01 -1.233573e-02 5.895643e-02 3.313089e-02 -1.182187e-03
6.369240e+00 5.801033e-01 5.868841e-01 -3.358444e-02 -2.086714e-02 2.062604e-02 2.052404e-03
7.317779e+00 4.991662e-01 -3.382545e-01 -2.356486e-02 2.085303e-02 3.077306e-02 2.365471e-03
6.269385e+00 4.731550e-01 1.837296e-01 -9.410383e-03 -1.571181e-02 4.046231e-02 -7.756447e-04
4.094664e+00 6.519594e-02 2.608872e-02 -4.172428e-03 -4.540569e-02 1.134692e-01 6.400016e-03
4.952614e+00 2.416875e-01 7.852257e-01 9.196702e-02 -3.444329e-02 1.060143e-02 9.452405e-04
5.057255e+00 1.795216e-01 4.429886e-01 -3.989803e-02 -3.824570e-02 1.549911e-02 6.553855e-04
5.393823e+00 -8.772054e-02 1.614700e-01 2.006030e-02 -6.475731e-02 -3.518020e-02 5.120437e-04
2.172612e+00 3.266340e-01 -1.499952e-01 -1.870448e-02 2.111478e-02 4.598016e-02 -1.633344e-03
6.956279e+00 8.250464e-02 -5.282734e-01 1.460147e-02 4.153866e-02 6.487422e-03 -1.036781e-03
7.549689e+00 1.742154e-01 -3.490979e-01 1.730966e-02 4.361662e-02 2.176664e-02 -3.804433e-03
8.647200e-01 1.142431e-02 7.467201e-02 -1.589732e-02 -1.067935e-01 1.633868e-02 -1.543133e-03
6.775487e+00 3.500878e-01 -3.833668e-01 -3.145281e-02 3.142640e-02 2.869836e-02 1.818073e-03
6.798148e+00 2.539396e-01 -5.531701e-02 2.532154e-02 1.093716e-02 5.020838e-02 7.105231e-03
8.009107e+00 -6.896291e-02 -1.812083e-01 2.912374e-02 6.745366e-02 -2.567101e-02 9.428074e-04
9.018597e+00 -2.272870e-01 -7.161286e-01 -1.843390e-01 3.198618e-02 -1.015187e-02 1.670778e-03
9.173736e+00 -9.254423e-02 -2.188013e-01 3.173213e-02 5.585094e-02 -2.362271e-02 3.920664e-03
4.790376e+00 -2.595710e-01 -8.511841e-01 -6.781444e-02 3.329899e-02 -1.015462e-02 -4.071593e-04
4.406861e+00 4.855065e-01 -3.674719e-01 -4.073716e-02 2.444820e-02 3.230113e-02 -4.424458e-03
1.263288e+00 9.569276e-02 3.940268e-01 -2.716824e-02 -4.286226e-02 1.040947e-02 -1.139268e-03
2.821763e+00 1.408741e-01 -2.666191e-01 3.297303e-02 4.736857e-02 2.502823e-02 1.419862e-04
9.312374e-01 -6.457631e-02 3.718646e-02 -8.275022e-03 -5.460129e-02 -9.481809e-02 7.496841e-03
4.863232e+00 1.932016e-01 -7.782992e-01 1.178354e-01 2.900962e-02 7.201221e-03 -1.081487e-03
1.576768e+00 -2.009534e-02 4.205683e-01 -2.750118e-02 -4.538808e-02 -2.168705e-03 -2.099072e-03
7.412867e+00 -6.051373e-01 2.199480e-01 6.536810e-02 -1.083302e-02 -2.980461e-02 -2.410524e-04
9.462548e+00 4.426897e-01 6.178314e-01 2.963852e-02 -2.954147e-02 2.116710e-02 -9.194211e-06
5.458163e+00 3.837423e-01 -5.782601e-01 3.539659e-02 2.524690e-02 1.675423e-02 1.565230e-03
3.281019e+00 -9.771586e-02 -1.165684e-01 -1.369074e-02 6.214173e-02 -5.209160e-02 -8.762312e-03
8.246169e+00 7.722456e-03 8.572044e-01 4.597709e-02 -2.867598e-02 2.583386e-04 -2.816839e-03
9.379594e+00 5.874497e-01 -3.010248e-01 -1.123393e-01 1.801475e-02 3.515578e-02 3.080545e-03
7.248892e+00 1.111806e-02 -1.938012e-03 1.174130e-03 4.261645e-02 2.444837e-01 -5.323873e-03
8.003877e+00 7.420968e-01 5.084468e-01 1.165059e-01 -1.678301e-02 2.449542e-02 -6.199277e-04
8.863462e+00 1.087383e-02 -1.786057e-01 1.310200e-03 7.299822e-02 4.444260e-03 2.728802e-03
1.749925e+00 -4.814308e-01 6.485332e-01 -9.003271e-02 -2.853668e-02 -2.118386e-02 -1.100521e-03
7.070363e+00 6.179748e-02 7.476423e-01 4.012864e-02 -2.957637e-02 2.444678e-03 -1.419436e-03
5.515487e+00 -7.923169e-01 2.717570e-01 9.873068e-04 -1.025276e-02 -2.989229e-02 -1.661647e-03
7.663015e+00 2.802745e-01 7.788543e-01 1.069954e-02 -3.066105e-02 1.103353e-02 -1.608621e-03
5.873088e-01 -2.336156e-01 -5.613970e-01 -3.398467e-02 3.556041e-02 -1.479785e-02 2.074146e-04
5.101902e+00 -1.259921e-01 -1.422810e-01 1.420772e-02 5.586874e-02 -4.947267e-02 5.101745e-03
6.452522e-01 1.585491e-01 7.347154e-02 -7.156341e-04 -2.786383e-02 6.012919e-02 1.006964e-03
1.567981e+00 4.553951e-01 -5.311424e-01 4.864505e-02 2.419867e-02 2.074765e-02 6.376269e-05
7.949956e+00 -5.176360e-01 8.140424e-01 7.434349e-02 -2.205097e-02 -1.402185e-02 6.712192e-04
5.498544e+00 1.761869e-01 -5.504301e-01 -3.523278e-02 3.192627e-02 1.021927e-02 8.209112e-04
4.327463e+00 -1.755552e-01 2.924393e-01 7.842538e-02 -4.618653e-02 -2.772638e-02 3.222720e-03
7.002752e+00 2.204422e-01 1.548639e-01 3.558013e-02 -3.140138e-02 4.469854e-02 1.172634e-03
7.107641e+00 6.173945e-01 4.365140e-01 -3.185972e-02 -1.937669e-02 2.740590e-02 7.627959e-04
5.934740e+00 -1.364541e-01 2.804307e-02 -1.329812e-02 -1.618141e-02 -7.873670e-02 -5.989528e-03
2.790172e+00 1.223365e-01 -6.873400e-01 1.096967e-01 3.391549e-02 6.036464e-03 2.014249e-03
8.690703e+00 2.378094e-01 -3.252264e-01 -1.357869e-02 3.864717e-02 2.825926e-02 2.225157e-03
6.211978e+00 -1.422992e-01 -5.893658e-01 -9.274850e-02 4.054092e-02 -9.788385e-03 -4.102875e-03
1.345091e+00 -1.903871e-01 9.692270e-01 -2.407729e-02 -3.230088e-02 -6.344924e-03 -9.497538e-04
7.795994e-01 -7.176035e-02 7.727076e-01 -8.113201e-03 -3.529850e-02 -3.278126e-03 -8.383980e-04
4.208110e+00 -3.132983e-02 1.167655e-02 -2.778816e-03 -4.959001e-02 -1.330570e-01 4.720733e-03
3.231567e+00 -3.173405e-01 -1.663364e-01 -2.668836e-02 2.451304e-02 -4.676657e-02 -4.615130e-04
1.692147e+00 4.502136e-01 -2.976008e-01 5.608538e-03 2.335811e-02 3.533639e-02 1.524039e-03
1.865384e+00 -2.177758e-01 3.240554e-02 1.555733e-02 -9.999927e-03 -6.720276e-02 4.024483e-03
9.889410e+00 -6.301001e-01 -4.415724e-01 -1.367941e-01 2.015023e-02 -2.875329e-02 -8.767927e-04
8.265189e+00 -2.710870e-01 -2.384357e-01 3.408549e-02 2.965905e-02 -3.372054e-02 1.352370e-03
1.972256e+00 -4.214901e-01 -3.580522e-01 -2.607966e-02 2.773813e-02 -3.265264e-02 1.389544e-03
5.602534e+00 7.821256e-01 1.604998e-01 4.046598e-02 -6.406192e-03 3.121777e-02 1.607560e-03
7.123267e+00 -9.296762e-03 -2.564937e-01 3.362143e-02 5.398652e-02 -1.956773e-03 3.118356e-03
9.887265e+00 4.868610e-01 -2.081456e-02 -6.356106e-02 1.786919e-03 4.179678e-02 -5.838991e-04
9.467556e+00 -8.365216e-01 8.988252e-03 8.393016e-03 -3.072407e-04 -2.859437e-02 -2.187316e-03
7.398471e+00 -6.283766e-01 -4.101768e-01 -8.244717e-04 1.802369e-02 -2.761166e-02 2.106317e-03
5.325079e+00 5.156013e-02 -3.714408e-01 -1.007740e-02 4.425647e-02 6.143293e-03 -2.445415e-04
8.111796e+00 5.747096e-01 4.174411e-01 -1.188195e-02 -1.777279e-02 2.446858e-02 9.871602e-04
6.791703e-01 -7.716472e-01 3.630338e-01 2.633888e-02 -1.513906e-02 -3.217885e-02 1.165143e-03
8.683977e+00 7.348317e-01 3.437031e-01 5.450565e-02 -1.226201e-02 2.621598e-02 2.009278e-03
4.788455e+00 -4.790793e-01 9.925753e-02 3.796884e-02 -7.402460e-03 -3.572893e-02 -7.653758e-04
7.623904e-01 -9.653779e-02 -7.469077e-01 -1.020715e-01 2.962816e-02 -3.829439e-03 1.440690e-03
8.662846e+00 -2.697905e-01 1.157098e-01 4.196231e-02 -1.879073e-02 -4.381271e-02 -3.070096e-03
5.756889e+00 -1.096143e-01 6.052933e-01 1.217058e-02 -3.956511e-02 -7.164959e-03 -1.801353e-03
3.581004e+00 6.869787e-02 -1.214323e-01 -2.984465e-03 6.032325e-02 3.412666e-02 -1.070786e-03
7.464821e+00 -1.843926e-01 1.349346e-01 -3.161206e-02 -3.653590e-02 -4.992750e-02 8.338908e-03
4.191720e+00 -4.370950e-01 2.519043e-01 2.164915e-02 -2.197627e-02 -3.813241e-02 -1.676126e-03
7.202711e-01 -5.682978e-01 3.604643e-01 3.189890e-02 -1.950496e-02 -3.075097e-02 -2.350299e-03
9.495860e+00 -2.668411e-02 -4.129053e-02 -5.050829e-03 1.123879e-01 -7.263099e-02 4.241462e-03
5.466863e+00 -1.188642e-01 -9.638918e-01 1.815289e-01 2.994856e-02 -3.693164e-03 -8.146013e-04
6.018862e+00 -1.514930e-01 -9.843157e-02 -3.587184e-03 4.061268e-02 -6.250572e-02 -2.645378e-03
7.721160e+00 -9.097951e-01 1.721398e-01 6.918831e-02 -6.208789e-03 -3.281475e-02 1.387777e-03
1.674959e+00 9.777762e-03 -1.340956e-01 -5.415179e-03 8.303938e-02 6.054927e-03 -1.206821e-03
3.431769e+00 4.631975e-02 -3.011713e-01 1.054864e-02 5.367549e-02 8.255221e-03 -2.834053e-03
5.362070e+00 -2.663041e-01 -7.944405e-01 -7.665331e-02 3.388631e-02 -1.135902e-02 -2.595989e-03
3.029156e+00 -9.948149e-01 -6.967126e-03 -2.971332e-02 2.262404e-04 -3.230418e-02 4.256566e-03
9.024545e+00 7.037708e-01 4.012007e-01 7.274685e-02 -1.398441e-02 2.453092e-02 1.597625e-03
2.047119e+00 -3.622970e-01 -2.320851e-01 5.131653e-02 2.447317e-02 -3.820390e-02 -5.638892e-04
3.199894e+00 -3.963815e-01 -6.967990e-01 1.504164e-02 2.811750e-02 -1.599494e-02 -1.099800e-03
2.921644e+00 5.233265e-01 6.845603e-01 -7.425939e-02 -2.172819e-02 1.661057e-02 -3.460007e-04
8.072817e+00 -5.295150e-02 7.996973e-01 -8.810804e-02 -2.859023e-02 -1.893086e-03 4.863993e-04
2.532741e+00 -1.989474e-01 -9.773701e-02 -2.267371e-02 2.361929e-02 -4.807796e-02 -1.043229e-03
5.432696e+00 -2.800760e-03 -7.887189e-01 -6.271740e-02 3.488573e-02 -1.238801e-04 3.964529e-03
2.467045e+00 3.689970e-02 -4.931137e-01 -7.585849e-03 4.639289e-02 3.471580e-03 2.737139e-03
7.096726e+00 4.582629e-01 7.386123e-02 -6.896844e-02 -7.511331e-03 4.660313e-02 -1.507408e-03
8.095618e-01 5.619320e-01 -5.241999e-01 -2.296232e-02 2.337434e-02 2.505684e-02 1.826001e-03
2.341737e+00 4.302271e-02 -5.234853e-02 -1.523564e-03 7.552440e-02 6.206983e-02 6.806789e-03
4.777511e+00 -9.127957e-01 1.469078e-01 -5.607878e-02 -4.311561e-03 -2.678941e-02 -8.683792e-04
4.643800e+00 3.805230e-01 -7.858100e-01 -6.045814e-02 2.723427e-02 1.318800e-02 6.750745e-04
9.192728e+00 6.958526e-01 6.938526e-02 -2.142081e-02 -3.501812e-03 3.511905e-02 1.199221e-04
5.451675e+00 3.355146e-01 4.596708e-02 2.654371e-02 -6.352072e-03 4.636390e-02 -6.764355e-04
7.962208e+00 -6.963748e-01 -1.962242e-01 4.759316e-02 1.021230e-02 -3.624217e-02 1.624232e-03
6.721688e+00 1.605728e-01 -2.056330e-01 4.445066e-02 4.999770e-02 3.904173e-02 3.911911e-03
3.989340e+00 -4.229822e-01 3.763802e-01 -3.577754e-02 -2.648749e-02 -2.976708e-02 3.090291e-03
5.862841e+00 -4.222004e-02 1.473199e-01 8.958334e-03 -7.526667e-02 -2.157049e-02 1.290797e-03
6.595867e+00 1.559288e-01 2.997982e-01 3.207831e-02 -4.804054e-02 2.498648e-02 -2.103486e-03
3.011806e+00 7.849257e-01 -1.404977e-01 1.947362e-02 6.169209e-03 3.446582e-02 7.709764e-04
2.700260e+00 -2.119714e-02 1.276167e-01 1.426356e-02 -8.721524e-02 -1.448645e-02 -9.191944e-03
4.984740e+00 4.524893e-01 -4.321987e-01 -8.927914e-02 2.858713e-02 2.992922e-02 2.386064e-03
9.487796e+00 1.382528e-01 2.439832e-01 -5.188301e-03 -4.894225e-02 2.773307e-02 -3.368325e-03
4.395851e+00 -3.641031e-01 3.470002e-01 -1.416319e-02 -3.158846e-02 -3.314539e-02 1.642831e-03
1.072527e+00 6.358744e-01 5.335789e-01 -4.232017e-02 -2.180870e-02 2.598977e-02 4.445097e-04
3.397870e+00 8.243799e-01 -3.576969e-01 -1.173468e-01 1.211764e-02 2.792738e-02 5.983170e-04
6.747056e+00 3.655858e-01 1.037658e-01 -5.763109e-03 -1.399510e-02 4.930726e-02 -1.192003e-03
4.350163e+00 -4.323581e-01 -2.113123e-02 -8.227659e-03 1.977542e-03 -4.046175e-02 6.578184e-04
2.099002e+00 -3.118925e-02 -3.471752e-02 9.875975e-04 1.123261e-01 -1.009106e-01 -1.168909e-03
5.075362e+00 3.009793e-01 4.073084e-01 -3.550757e-03 -3.224353e-02 2.382626e-02 -2.257981e-03
9.270085e+00 1.400744e-01 3.559268e-01 -4.442446e-02 -4.755702e-02 1.871598e-02 2.720284e-03
5.562973e+00 -4.604977e-01 5.577300e-02 6.748018e-02 -4.702889e-03 -3.883007e-02 1.246605e-03
4.592557e+00 -2.047768e-03 1.538832e-03 4.515013e-04 -3.186744e-01 -4.240691e-01 -2.702579e-02
1.929046e+00 -9.293207e-01 -2.037535e-01 2.254037e-03 6.070418e-03 -2.768720e-02 -1.170320e-03
4.632470e+00 -2.580808e-02 4.688953e-02 6.200244e-04 -1.056688e-01 -5.816028e-02 2.155246e-03
5.138331e+00 -3.554067e-01 3.737340e-01 -1.858932e-02 -2.982968e-02 -2.836688e-02 1.697332e-03
7.862765e+00 2.470018e-01 -5.038046e-01 4.644796e-02 3.576008e-02 1.753221e-02 1.462683e-03
9.265864e+00 -7.356169e-01 2.336096e-01 -9.450541e-02 -9.751723e-03 -3.070735e-02 2.107599e-04
8.055181e+00 4.015998e-02 1.045680e-01 9.654252e-03 -7.571207e-02 2.907767e-02 -5.270441e-03
8.253655e+00 -1.910621e-02 3.073936e-02 -4.483901e-03 -1.457237e-01 -9.057534e-02 -5.323685e-03
7.781544e+00 9.556165e-01 1.425108e-01 -9.433005e-02 -4.325194e-03 2.900290e-02 1.195203e-03
8.395863e+00 -2.644792e-01 1.774702e-01 -8.046989e-03 -2.634680e-02 -3.926394e-02 5.679178e-04
5.873483e+00 1.767481e-02 -6.853295e-01 1.646790e-02 3.735628e-02 9.634274e-04 6.738907e-04
9.797986e+00 -4.874976e-03 -4.771383e-03 7.480641e-04 2.186748e-01 -2.234226e-01 -7.976830e-03
8.041792e+00 1.073668e-01 9.260590e-01 -1.135252e-01 -3.290318e-02 3.814779e-03 2.345761e-03
6.237205e+00 3.320648e-01 -3.177308e-01 1.107930e-02 3.250241e-02 3.396872e-02 -2.740510e-03
8.462954e+00 -2.208961e-01 6.380736e-01 1.225648e-02 -3.347370e-02 -1.158833e-02 4.119300e-04
1.297195e+00 -1.995834e-01 -2.483326e-01 -1.784095e-02 3.935338e-02 -3.162807e-02 -7.584683e-06
1.441461e+00 -2.951534e-01 -7.389005e-01 7.661967e-02 2.952200e-02 -1.179255e-02 3.324520e-03
2.160150e+00 -8.579497e-01 2.270647e-01 1.069922e-01 -7.029072e-03 -2.655891e-02 -3.616926e-06
7.010918e+00 1.089215e-02 5.658873e-01 8.368225e-02 -3.797238e-02 7.308891e-04 5.969460e-04
3.713829e+00 -4.935105e-01 1.021724e-01 4.945518e-02 -7.911856e-03 -3.821562e-02 3.053251e-04
7.169129e+00 4.501502e-01 -5.649068e-01 1.115864e-02 2.643928e-02 2.106834e-02 -2.335165e-03
5.187922e+00 3.486378e-01 -5.660646e-01 1.951187e-01 3.238749e-02 1.994738e-02 4.382238e-04
1.376111e+00 6.858708e-02 -1.683737e-01 -2.386983e-02 6.872424e-02 2.799484e-02 1.598486e-03
9.555579e+00 3.452636e-03 -9.248782e-02 -3.901689e-03 8.793999e-02 3.282862e-03 -2.593894e-03
6.285474e+00 -8.283899e-01 -5.036246e-01 1.439257e-01 1.348449e-02 -2.218004e-02 4.099167e-04
2.770038e+00 -5.311014e-01 3.204466e-01 5.503570e-03 -1.908780e-02 -3.163572e-02 -9.810664e-04
2.658300e+00 -1.442328e-01 1.079137e-03 2.681221e-03 -6.177065e-04 -8.256003e-02 4.582813e-04
7.387727e+00 -1.354243e-01 -1.899311e-02 6.202788e-03 1.036734e-02 -7.392104e-02 4.568484e-03
5.003533e+00 -7.392015e-01 5.709536e-01 -4.347769e-03 -1.913769e-02 -2.477716e-02 1.159681e-03
8.988569e-01 -4.709147e-01 -2.349460e-03 1.827497e-02 1.867154e-04 -3.742435e-02 -3.951281e-04
9.399012e+00 3.446446e-01 6.143746e-01 5.756844e-02 -3.365798e-02 1.888105e-02 -3.402453e-04
8.410793e+00 2.278119e-01 1.734196e-01 -3.683268e-02 -3.391089e-02 4.454689e-02 3.089894e-03
1.552778e+00 -1.516270e-02 -6.254390e-02 1.360379e-03 1.257404e-01 -3.048361e-02 -8.077495e-04
1.703578e+00 6.865604e-01 5.383928e-01 3.414919e-02 -1.957449e-02 2.496145e-02 2.915630e-03
2.862998e+00 -2.963373e-01 -2.569587e-01 -1.343540e-02 2.778253e-02 -3.204017e-02 2.210558e-03
6.912116e+00 -2.143942e-02 3.092074e-02 -7.319599e-03 -1.341324e-01 -9.300295e-02 -2.350514e-04
7.991050e+00 7.680352e-01 -2.070964e-01 -1.045891e-02 8.439764e-03 3.129961e-02 -1.680089e-03
9.716699e+00 8.081497e-02 5.466795e-01 -1.120194e-01 -3.464918e-02 5.122146e-03 1.603925e-03
9.624927e+00 1.053519e-01 -3.463692e-01 -2.388979e-02 5.137206e-02 1.562537e-02 -1.006506e-03
2.448414e+00 2.123735e-02 -1.003003e-02 2.595073e-03 7.293451e-02 1.544298e-01 9.370141e-03
7.942790e+00 6.561740e-01 -2.679961e-01 1.318094e-01 1.181205e-02 2.892117e-02 1.465187e-03
2.338422e+00 5.067870e-01 7.574466e-01 4.104454e-02 -2.755652e-02 1.843732e-02 7.345437e-04
5.170107e+00 -3.400581e-01 8.748842e-01 1.766494e-02 -2.764960e-02 -1.074710e-02 -8.275564e-04
1.008522e+00 6.580587e-01 1.957562e-01 -6.191344e-02 -9.954490e-03 3.346325e-02 -7.239098e-05
5.992554e+00 5.278132e-01 -6.403018e-01 1.029964e-01 2.253571e-02 1.857662e-02 -3.269120e-03
5.030593e-01 -7.743148e-02 -1.243961e-01 -1.023049e-02 6.519069e-02 -4.057854e-02 1.555916e-03
2.382002e+00 2.305182e-01 -1.138818e-01 -6.628066e-03 2.736773e-02 5.539746e-02 -9.494118e-04
1.974726e+00 -6.388080e-01 -7.662816e-01 2.248881e-01 2.238405e-02 -1.866039e-02 -8.266677e-04
7.026077e+00 -9.110317e-02 1.075775e-01 8.607431e-03 -6.500544e-02 -5.505055e-02 3.589268e-03
4.883307e+00 1.016337e-01 -6.594764e-01 -1.290658e-02 3.304197e-02 5.092186e-03 1.819702e-03
6.949115e+00 5.596602e-01 -7.180475e-01 1.047807e-01 2.587510e-02 2.016756e-02 -4.347896e-05
3.408385e+00 -6.925577e-02 1.810896e-01 6.132005e-03 -5.486248e-02 -2.098156e-02 3.469334e-03
5.450754e+00 -4.355029e-03 5.486933e-02 -2.946955e-03 -1.229928e-01 -9.762050e-03 -2.135876e-03
5.216874e+00 8.363983e-01 5.305266e-01 -1.500500e-01 -1.564401e-02 2.466347e-02 1.531221e-03
1.564024e+00 8.258267e-02 2.404000e-01 1.491486e-02 -5.306826e-02 1.823011e-02 1.656329e-03
5.678861e+00 3.183628e-01 -3.769943e-01 5.130146e-02 3.299000e-02 2.785927e-02 -4.488540e-03
7.618211e+00 -1.393613e-01 5.572603e-01 -1.634967e-02 -3.760423e-02 -9.404175e-03 -4.125364e-03
5.469914e+00 4.812162e-02 -4.957570e-01 -7.567603e-02 3.656521e-02 3.549274e-03 -1.586786e-03
7.272489e+00 2.737189e-02 -3.241460e-01 2.555417e-02 5.235532e-02 4.421046e-03 -6.934343e-04
9.419466e+00 5.661500e-01 -6.204942e-02 5.190430e-03 4.460162e-03 4.069531e-02 2.202519e-03
5.811431e+00 -7.080326e-01 6.122818e-01 1.038806e-01 -1.810120e-02 -2.093193e-02 -1.530036e-03
6.478555e+00 1.821425e-01 -1.440438e-01 -1.636566e-02 3.541330e-02 4.477989e-02 -6.738669e-04
9.589472e+00 -4.851546e-02 6.893391e-01 -9.827889e-02 -3.430243e-02 -2.414194e-03 -4.158782e-03
5.353283e+00 3.388384e-01 -1.456815e-02 5.253078e-02 2.356069e-03 5.479946e-02 3.695947e-03
9.896883e+00 -1.626219e-01 7.004172e-01 -3.479496e-02 -3.751317e-02 -8.709755e-03 -4.926911e-04
4.425075e+00 -6.252505e-01 3.618014e-01 6.047041e-02 -1.526250e-02 -2.637603e-02 -1.450501e-04
4.075718e+00 7.493768e-02 -2.313915e-01 3.290436e-02 5.049238e-02 1.635229e-02 -1.401197e-03
8.000056e+00 -2.830106e-02 8.931193e-01 -1.204204e-02 -3.232949e-02 -1.024453e-03 2.689111e-03
2.614715e+00 -5.271585e-01 -3.202493e-01 1.399936e-02 1.880689e-02 -3.095779e-02 5.369618e-04
6.862826e+00 -2.980492e-01 4.618182e-01 6.211203e-03 -2.938143e-02 -1.896225e-02 -3.740506e-04
4.956553e+00 1.565787e-02 5.986445e-03 1.635378e-04 -7.913068e-02 2.069705e-01 8.492001e-03
4.189106e+00 -7.775369e-02 -1.949269e-01 8.338398e-03 5.733771e-02 -2.287123e-02 -7.281771e-03
9.375200e-01 -6.179563e-01 -3.257508e-02 -2.600186e-02 2.154274e-03 -4.086704e-02 -1.906161e-03
5.948597e+00 6.663531e-01 3.201522e-03 -4.725897e-02 -1.656799e-04 3.448401e-02 -1.276011e-03
8.892887e+00 -4.521036e-01 5.622830e-01 1.610421e-01 -2.890992e-02 -2.324502e-02 -2.529690e-03
4.906952e+00 -5.199192e-01 -2.400704e-01 -9.086040e-02 1.636884e-02 -3.544990e-02 2.599041e-03
6.386438e+00 9.185913e-02 -1.411143e-01 1.260566e-03 6.374904e-02 4.149778e-02 1.470756e-03
8.199672e+00 -4.695175e-01 -2.586411e-01 -1.184929e-01 1.781683e-02 -3.234331e-02 1.435036e-03
9.259550e+00 -6.104987e-01 2.661080e-01 1.189189e-01 -1.548996e-02 -3.553670e-02 -4.998878e-04
7.134685e-01 -9.144103e-02 -8.761603e-01 7.982084e-02 2.747071e-02 -2.866998e-03 1.468186e-03
2.314750e+00 -5.302808e-02 7.659364e-01 -5.887150e-02 -3.691242e-02 -2.555558e-03 -5.833073e-04
7.702497e+00 1.917700e-01 -9.884335e-03 3.050935e-03 3.559494e-03 6.905919e-02 -1.466664e-03
5.902409e+00 -4.695527e-01 -5.623463e-02 5.284982e-02 5.299844e-03 -4.425309e-02 -3.229170e-03
8.162444e+00 -2.147233e-01 3.857613e-01 8.701341e-02 -3.353066e-02 -1.866391e-02 1.575108e-03
4.182666e+00 -7.061176e-02 3.561471e-01 -1.385998e-03 -4.213818e-02 -8.354557e-03 2.405115e-03
3.891352e+00 5.779652e-02 -4.264447e-02 -5.698681e-04 6.232850e-02 8.447452e-02 -8.069809e-04
6.997999e+00 3.751106e-01 3.760230e-01 -2.338908e-02 -3.003720e-02 2.996432e-02 -7.355141e-04
4.229906e+00 -3.218343e-02 -9.332965e-01 -4.145862e-02 3.018108e-02 -1.040753e-03 -1.298579e-03
1.889648e+00 -1.736497e-01 2.949711e-01 -6.851098e-03 -4.029832e-02 -2.372365e-02 -1.752837e-03
6.004155e+00 -4.923022e-02 -5.322018e-02 -9.657517e-03 8.900214e-02 -8.232958e-02 -3.430245e-03
8.990505e+00 9.318461e-01 -3.270691e-01 1.093740e-01 9.847721e-03 2.805695e-02 5.778607e-04
1.751034e+00 6.297773e-01 1.208654e-01 6.763706e-03 -6.100946e-03 3.178939e-02 -3.231859e-03
5.360640e+00 -5.155951e-01 8.745768e-02 -9.443829e-02 -7.174723e-03 -4.229762e-02 1.466655e-03
2.456635e+00 -8.064464e-02 -8.286634e-01 -7.809934e-03 3.262154e-02 -3.174694e-03 -3.099226e-03
7.514139e+00 3.370721e-02 5.093073e-02 9.831835e-04 -1.025076e-01 6.784207e-02 -1.954591e-03
2.921377e+00 -2.368735e-01 5.101811e-02 -1.651999e-02 -1.283457e-02 -5.959003e-02 9.378904e-03
8.784761e+00 -4.538369e-01 8.647151e-01 3.894011e-02 -2.907428e-02 -1.525934e-02 5.891546e-04
2.758541e+00 5.764925e-01 4.302611e-01 8.485256e-02 -2.165693e-02 2.901740e-02 1.427638e-03
2.751215e+00 5.089718e-01 -2.396951e-01 4.215407e-02 1.609369e-02 3.417356e-02 3.317899e-04
2.580569e+00 -3.409979e-01 -7.594252e-01 -1.152545e-01 2.742540e-02 -1.231458e-02 4.811443e-04
8.487729e+00 1.265570e-01 1.440644e-01 3.049701e-03 -4.380059e-02 3.847774e-02 2.085244e-03
2.790391e+00 -8.115992e-01 -2.859820e-01 -6.379370e-02 1.053198e-02 -2.988911e-02 1.867995e-03
1.074438e+00 1.296136e-02 1.349471e-02 -2.337178e-03 -1.544860e-01 1.483803e-01 -1.043041e-02
6.317627e+00 -4.632647e-01 6.880153e-01 3.444820e-03 -2.977509e-02 -2.004861e-02 -5.718873e-04
4.921138e+00 -5.711038e-01 -3.161285e-01 -1.198539e-01 1.944034e-02 -3.512006e-02 -6.691114e-04
9.967203e+00 5.508830e-01 -1.724496e-01 -8.046915e-02 1.053118e-02 3.364141e-02 5.610060e-03
9.871233e-01 1.040898e-01 -2.206922e-01 -1.870978e-04 5.940439e-02 2.801816e-02 1.080013e-03
7.443742e+00 -2.779904e-01 3.390045e-01 -3.464868e-03 -3.371660e-02 -2.764828e-02 -1.742265e-03
4.759063e+00 -1.123772e-01 4.180473e-01 3.022311e-02 -3.787277e-02 -1.018075e-02 3.146529e-05
8.635914e+00 -4.848948e-01 2.897502e-01 3.814757e-03 -1.857475e-02 -3.108471e-02 6.155156e-04
7.953393e+00 -1.060995e-01 2.116801e-01 3.808674e-02 -5.876273e-02 -2.945341e-02 -7.736662e-04
4.443047e+00 -6.497348e-02 -3.375720e-01 2.597320e-02 4.386545e-02 -8.442913e-03 -4.289382e-03
9.897331e+00 3.032335e-02 1.708575e-01 -3.451724e-02 -6.394604e-02 1.134898e-02 -1.399113e-03
5.950044e+00 3.022755e-01 -1.901012e-01 -1.040906e-01 2.554653e-02 4.062094e-02 2.891906e-03
1.538536e+00 -4.843354e-01 3.783490e-01 3.572018e-02 -2.042820e-02 -2.615072e-02 -4.127922e-04
5.432507e+00 -1.137559e-01 -1.137991e-01 1.106567e-02 5.626099e-02 -5.623966e-02 3.151812e-03
7.490392e+00 6.175074e-02 -2.051073e-01 5.085074e-02 5.846712e-02 1.760244e-02 2.587465e-03
1.112520e+00 4.179441e-01 9.695035e-02 1.004600e-01 -9.916550e-03 4.274935e-02 -1.446151e-03
6.245624e+00 6.347023e-01 3.918584e-01 -2.661829e-02 -1.601156e-02 2.593430e-02 -1.771590e-03
4.293772e+00 -4.706681e-01 8.302613e-01 -4.954210e-02 -2.591542e-02 -1.469123e-02 -5.159775e-04
2.485026e+00 -2.136371e-01 1.046275e-01 3.327937e-02 -2.669288e-02 -5.450373e-02 -5.900416e-04
3.218649e+00 2.671615e-01 -5.791148e-01 -4.523339e-02 3.048456e-02 1.406336e-02 3.036881e-04
1.371986e+00 7.696108e-01 3.910913e-01 3.037746e-02 -1.464001e-02 2.880941e-02 -9.474638e-04
9.330318e+00 9.212266e-01 2.217325e-01 4.217710e-02 -7.625896e-03 3.168312e-02 7.612431e-04
8.537188e+00 -4.101908e-02 1.556058e-01 6.226703e-04 -7.469684e-02 -1.969075e-02 3.868234e-03
7.218577e+00 -9.579359e-01 1.528697e-02 1.670870e-01 -5.026931e-04 -3.150054e-02 1.514466e-03
8.056040e+00 -4.302494e-01 -8.307700e-02 -1.424952e-02 8.754999e-03 -4.534147e-02 8.104774e-05
4.218335e+00 4.312299e-01 4.018548e-03 -6.548729e-03 -4.621126e-04 4.958925e-02 7.449597e-04
1.956232e+00 1.401998e-02 -1.050962e-03 6.151328e-04 2.073702e-02 2.766347e-01 -6.842353e-03
6.710861e+00 -5.434631e-02 8.412549e-01 -1.153065e-01 -2.878650e-02 -1.859651e-03 1.167496e-03
5.885211e+00 1.770417e-01 2.127268e-01 5.035067e-03 -4.093561e-02 3.406862e-02 -1.189766e-03
2.108308e+00 8.800271e-02 -5.506310e-01 -4.233487e-02 3.779110e-02 6.039834e-03 -2.118090e-03
8.045420e+00 -3.661793e-01 2.881041e-01 -5.054879e-02 -2.598897e-02 -3.303189e-02 1.378990e-03
7.687919e+00 -4.579485e-02 1.569927e-01 4.221373e-02 -6.846575e-02 -1.997150e-02 2.037917e-04
4.461659e+00 1.131085e-01 -1.136259e-01 6.341201e-03 5.768741e-02 5.742471e-02 -3.060260e-03
8.722575e+00 -1.181097e-01 2.345245e-01 2.313851e-02 -5.495491e-02 -2.767604e-02 3.675147e-04
3.106669e+00 6.794954e-03 1.765190e-01 5.078235e-04 -7.118257e-02 2.740115e-03 -8.869406e-03
9.138350e+00 -4.620226e-01 5.385976e-01 -4.468007e-02 -2.827589e-02 -2.425577e-02 1.712931e-03
5.509040e+00 -1.815584e-01 4.180674e-01 -3.781320e-02 -4.055185e-02 -1.761087e-02 -1.431439e-03
2.494277e+00 -9.824148e-01 -1.216701e-01 5.272377e-04 3.909737e-03 -3.156884e-02 -8.018060e-04
3.337500e+00 -3.305206e-01 -6.667392e-02 -3.730696e-02 1.025190e-02 -5.082141e-02 -7.903416e-04
8.981282e+00 8.019469e-01 -1.441625e-01 -7.380326e-02 5.199252e-03 2.892240e-02 -7.405608e-04
6.868046e+00 3.665753e-01 -3.177230e-01 4.547075e-03 2.495497e-02 2.879198e-02 1.455601e-03
5.205786e-01 4.990007e-01 -2.004000e-01 -3.824449e-02 1.314536e-02 3.273225e-02 -7.421208e-04
1.104756e+00 -5.356079e-01 -2.961552e-01 1.359762e-01 1.919577e-02 -3.471629e-02 -2.269675e-03
7.658657e+00 -9.380161e-01 -2.650391e-01 1.120586e-01 8.671615e-03 -3.069024e-02 1.187180e-03
2.557160e+00 -2.490904e-01 -4.756335e-01 5.021434e-03 3.633139e-02 -1.902684e-02 -3.239285e-04
8.484595e+00 -5.095935e-01 -3.005174e-01 -6.568542e-03 1.702877e-02 -2.887604e-02 -8.863147e-04
1.273178e+00 -2.495371e-01 1.174137e-01 2.582414e-02 -2.604336e-02 -5.534947e-02 -1.284187e-04
9.597734e+00 2.677021e-01 6.785074e-02 2.562358e-02 -1.357417e-02 5.355626e-02 1.848704e-03
8.938988e+00 5.520088e-02 2.464862e-01 1.611287e-02 -6.161349e-02 1.379842e-02 -1.230887e-03
7.072106e-01 1.311948e-01 -1.208391e-01 -1.535811e-02 4.284056e-02 4.651193e-02 -1.130182e-04
7.463697e+00 -2.533424e-01 -1.865972e-01 -6.659469e-02 3.224215e-02 -4.377507e-02 -1.390234e-03
3.487039e+00 3.595944e-01 4.844652e-02 8.451967e-03 -6.489103e-03 4.816538e-02 -3.136164e-03
8.591012e+00 4.156980e-01 -1.977501e-01 -3.526317e-02 1.774697e-02 3.730659e-02 8.384405e-04
7.035387e+00 -3.550498e-01 4.023876e-02 4.976763e-03 -5.141854e-03 -4.536954e-02 2.381417e-03
3.456776e+00 -1.286463e-01 7.596502e-02 5.529861e-03 -4.131355e-02 -6.996426e-02 2.175784e-03
9.346558e+00 3.758191e-01 4.916846e-01 -9.805573e-02 -3.225125e-02 2.465124e-02 -2.715502e-03
1.458499e+00 -8.062992e-01 -4.739274e-01 6.208223e-02 1.435431e-02 -2.442118e-02 8.890472e-05
1.812249e+00 3.829791e-02 -8.771196e-03 7.277057e-03 3.088938e-02 1.348731e-01 -3.019195e-03
1.294381e+00 1.622497e-01 -6.048005e-02 -1.493007e-02 2.703337e-02 7.252237e-02 -2.663788e-03
2.906060e+00 -6.897741e-02 -5.355587e-01 -8.299544e-02 4.361033e-02 -5.616803e-03 -2.937710e-03
1.297958e+00 2.734769e-01 7.822870e-01 1.201462e-01 -2.977652e-02 1.040947e-02 -3.973207e-03
5.460670e+00 -7.805948e-01 2.252282e-01 2.181974e-02 -9.612073e-03 -3.331348e-02 -1.525542e-03
6.718415e+00 -6.117616e-01 3.361638e-01 -5.161579e-03 -1.625528e-02 -2.958187e-02 3.782087e-03
7.143116e-01 -2.558497e-01 -2.905673e-01 -2.478994e-02 3.588720e-02 -3.159933e-02 -2.376151e-03
1.518220e+00 -7.873189e-01 5.669735e-01 2.306188e-02 -1.875633e-02 -2.604569e-02 1.711851e-03
1.252762e+00 1.818025e-01 2.401051e-01 1.707037e-02 -4.325843e-02 3.275436e-02 -1.102851e-03
6.971158e+00 -2.333085e-01 -7.196536e-01 6.278468e-02 3.139680e-02 -1.017870e-02 1.867538e-03
3.322748e+00 -6.830001e-01 5.853933e-01 -1.245219e-03 -1.896362e-02 -2.212555e-02 9.727679e-04
4.593190e+00 -4.049258e-02 -4.580271e-01 -2.016803e-02 4.386747e-02 -3.878170e-03 2.997442e-03
8.994102e+00 -3.777420e-01 1.721121e-01 4.476258e-02 -1.911991e-02 -4.196330e-02 2.018616e-03
6.489575e+00 1.098733e-01 8.653871e-01 6.521230e-02 -3.021308e-02 3.835984e-03 4.312340e-04
9.662197e+00 1.589109e-01 -6.475034e-01 3.779870e-02 3.491607e-02 8.569138e-03 3.160634e-04
9.898682e+00 2.814719e-01 -3.877874e-01 -5.311668e-02 3.056607e-02 2.218610e-02 2.133384e-03
7.332415e+00 5.806364e-01 -7.554584e-02 -4.170802e-02 4.373128e-03 3.361135e-02 2.024306e-03
9.790666e+00 -3.180529e-01 -6.966120e-01 -1.269442e-01 3.048529e-02 -1.391870e-02 -1.020695e-03
3.865658e+00 -3.988632e-02 -1.912595e-01 -5.845167e-03 6.287192e-02 -1.311166e-02 1.979073e-03
6.971202e+00 1.731756e-01 1.646314e-01 3.337183e-03 -3.597387e-02 3.784087e-02 -2.318949e-03
1.937991e+00 -4.343353e-01 -6.633081e-01 6.164433e-02 2.594778e-02 -1.699065e-02 8.457733e-04
6.498399e+00 -4.527034e-01 -7.349660e-02 -4.147453e-04 7.339982e-03 -4.521073e-02 2.058604e-03
1.406407e+00 -4.363846e-01 9.809464e-02 7.034831e-03 -1.031384e-02 -4.588221e-02 -2.653488e-04
5.115852e+00 4.540016e-01 9.580517e-02 8.033072e-02 -9.163156e-03 4.342236e-02 1.707954e-04
5.048401e+00 -3.801957e-01 3.095534e-01 1.653159e-02 -2.817009e-02 -3.459871e-02 1.186015e-03
4.984751e+00 -1.075212e-01 -4.619094e-02 1.253412e-02 3.060904e-02 -7.125034e-02 -3.857612e-03
3.511525e+00 3.437177e-02 1.790969e-01 1.334523e-02 -6.930398e-02 1.330062e-02 -2.410782e-04
9.865927e+00 8.502777e-03 4.801929e-01 2.507198e-02 -4.065422e-02 7.198643e-04 -2.294750e-03
9.969271e+00 -2.802520e-01 -4.745634e-01 4.066781e-02 3.623496e-02 -2.139844e-02 1.568916e-04
8.738725e+00 -3.121798e-01 -3.521663e-01 7.087044e-03 3.403493e-02 -3.017046e-02 4.514232e-05
5.230957e+00 6.360869e-01 4.988575e-01 -7.851090e-02 -2.190815e-02 2.793480e-02 -2.379344e-03
6.022898e+00 7.112587e-01 3.503003e-01 -9.798428e-02 -1.451402e-02 2.946964e-02 1.794991e-03
9.075598e+00 4.624807e-02 3.239338e-02 -5.331672e-03 -6.779374e-02 9.678920e-02 -9.378197e-03
1.701260e+00 -8.705393e-02 1.531579e-01 -2.655510e-03 -5.850177e-02 -3.325201e-02 2.903863e-03
4.844191e+00 2.098027e-02 -1.410022e-01 -4.056249e-03 7.675261e-02 1.142032e-02 -6.767014e-03
5.566834e+00 -2.014376e-01 6.846837e-01 -1.938884e-02 -3.376919e-02 -9.935077e-03 1.858022e-03
9.346979e+00 -8.792106e-01 4.107758e-02 -2.716716e-02 -1.527054e-03 -3.268455e-02 3.196392e-03
8.404766e-01 -1.714067e-01 -6.875033e-01 -1.545222e-02 3.501376e-02 -8.729549e-03 -1.565468e-04
4.710709e+00 1.043690e-01 -7.585666e-02 8.176161e-03 4.561654e-02 6.276251e-02 1.546738e-03
1.460071e+00 3.110880e-01 5.951182e-01 -4.714471e-02 -2.927516e-02 1.530310e-02 1.554096e-03
1.226482e+00 3.634221e-01 1.488355e-01 6.414511e-02 -1.829878e-02 4.468142e-02 6.008078e-04
7.222002e+00 -2.816039e-01 5.606885e-01 3.810463e-02 -3.332031e-02 -1.673501e-02 1.418606e-03
6.666014e+00 -3.472974e-01 2.465854e-03 -1.162511e-02 -3.889653e-04 -5.478289e-02 7.494087e-03
3.256405e+00 -6.704503e-01 6.516409e-02 1.847182e-01 -3.602309e-03 -3.706289e-02 -2.948561e-04
3.409240e+00 4.907267e-01 1.652543e-01 1.225926e-02 -1.441596e-02 4.280854e-02 -5.400364e-04
5.281526e+00 -6.971051e-01 2.758803e-01 -6.614032e-02 -1.287740e-02 -3.253912e-02 -8.043698e-04
1.615204e+00 3.062840e-01 -4.727961e-01 8.851253e-03 3.128537e-02 2.026711e-02 1.148439e-03
3.568524e+00 8.746173e-01 -3.205139e-01 -1.267484e-01 9.329901e-03 2.545940e-02 -5.966600e-04
7.929410e+00 2.156161e-01 2.635548e-01 -1.838211e-02 -3.466344e-02 2.835841e-02 -4.332398e-03
8.464733e+00 -3.638941e-01 -2.911066e-02 -1.147482e-02 3.535358e-03 -4.419329e-02 3.479982e-04
1.981270e+00 2.924802e-01 4.776702e-01 7.185994e-02 -2.980910e-02 1.825228e-02 -3.597390e-05
8.948837e+00 8.964267e-02 -2.686815e-01 8.759163e-03 5.507216e-02 1.837423e-02 -1.576973e-03
4.016468e+00 -7.130988e-02 -4.808308e-01 9.861327e-02 3.763509e-02 -5.581494e-03 -5.513462e-03
9.786513e+00 2.600675e-01 3.369900e-01 -3.890499e-02 -3.883622e-02 2.997133e-02 3.312945e-03
2.463861e+00 2.193284e-01 9.577648e-01 6.607337e-02 -2.626099e-02 6.013774e-03 -9.809191e-05
3.973909e+00 -7.398787e-01 6.577517e-01 1.334736e-02 -2.004495e-02 -2.254776e-02 -6.005221e-04
7.908744e+00 -2.433041e-01 -1.144951e-01 -1.184923e-03 2.365443e-02 -5.026609e-02 -3.137924e-03
4.747136e+00 -3.715468e-01 2.925574e-01 2.061592e-02 -2.949594e-02 -3.745973e-02 -1.219625e-03
7.281486e+00 -5.425203e-01 6.583255e-01 3.993064e-02 -2.401029e-02 -1.978667e-02 -4.253386e-03
6.110297e+00 -7.160057e-01 -8.158405e-02 7.115521e-02 4.021880e-03 -3.529720e-02 -8.374975e-04
5.450623e+00 -1.818649e-01 -7.983276e-01 -3.894529e-02 2.996344e-02 -6.825892e-03 7.767115e-04
7.431510e+00 5.559652e-01 -6.418469e-01 3.969040e-04 2.660021e-02 2.304100e-02 4.140103e-04
2.860789e+00 -5.035696e-01 1.361341e-01 -6.818585e-02 -1.045273e-02 -3.866540e-02 -3.456430e-03
4.682753e+00 -1.876955e-01 5.187970e-01 3.560097e-02 -3.573634e-02 -1.292905e-02 -4.822634e-03
4.822691e+00 -8.239467e-01 -5.438469e-02 -1.419021e-01 1.878229e-03 -2.845581e-02 4.264491e-07
9.500456e-01 9.877099e-02 -4.842271e-03 -1.117325e-02 4.254077e-03 8.677321e-02 1.105843e-03
2.078523e+00 3.503851e-01 2.398946e-01 4.385191e-02 -2.688547e-02 3.926835e-02 -1.286840e-03
6.887410e+00 4.574653e-01 4.758937e-02 1.041543e-02 -3.879600e-03 3.729368e-02 -2.340030e-03
7.223019e+00 -6.633766e-01 -4.184139e-02 7.180469e-02 2.044355e-03 -3.241234e-02 1.267630e-03
1.037406e+00 -3.219534e-02 3.638318e-01 4.276192e-02 -4.465028e-02 -3.951086e-03 1.210616e-03
4.846394e+00 3.105344e-02 4.807329e-01 4.872301e-03 -4.029037e-02 2.602598e-03 -1.942406e-03
1.501630e+00 3.042751e-01 -4.711930e-01 4.167541e-03 3.231873e-02 2.086997e-02 2.755845e-03
4.877541e+00 -4.871716e-01 -2.851776e-01 -1.466971e-02 2.013547e-02 -3.439762e-02 -1.083519e-05
6.389828e+00 1.502570e-01 -7.198683e-01 -5.870397e-02 3.444784e-02 7.190244e-03 1.427851e-03
7.615503e+00 -2.147912e-01 -7.264695e-02 2.210892e-02 2.106467e-02 -6.228076e-02 -3.332597e-03
4.744043e+00 -2.015389e-01 -4.299411e-01 -7.590181e-02 3.981094e-02 -1.866175e-02 -4.318629e-03
2.997563e+00 -1.847517e-01 -1.025297e-01 -1.855795e-04 3.074782e-02 -5.540552e-02 3.687024e-03
4.918655e+00 8.618708e-02 -9.003470e-01 1.410770e-01 3.281442e-02 3.141210e-03 -2.300806e-04
8.107654e+00 4.345107e-01 -4.805116e-01 -7.887634e-02 2.815651e-02 2.546099e-02 -1.626573e-03
2.102327e+00 -1.110315e-01 -5.303874e-02 8.123777e-03 3.236906e-02 -6.776152e-02 -3.347050e-03
8.536901e+00 5.329396e-01 1.085371e-02 7.452749e-02 -8.229886e-04 4.041045e-02 -2.525106e-03
7.637061e+00 -3.766748e-01 5.411428e-01 -2.966765e-02 -2.761940e-02 -1.922511e-02 1.651165e-03
5.683308e+00 2.647129e-01 -9.525089e-01 -3.323016e-02 2.551304e-02 7.090361e-03 -1.914931e-03
5.884436e+00 -1.017903e-01 5.441625e-01 -1.631036e-02 -4.237565e-02 -7.926734e-03 3.998186e-03
1.753976e+00 6.999781e-01 1.117467e-01 8.188283e-03 -5.816151e-03 3.643221e-02 6.789836e-05
6.634450e+00 -3.024008e-01 -4.054176e-02 4.088228e-02 7.293003e-03 -5.439847e-02 -1.134176e-05
7.060498e+00 -7.549354e-03 1.771939e-02 2.254881e-03 -2.053299e-01 -8.748093e-02 -6.025109e-03
6.509309e+00 -2.263651e-01 9.059314e-01 8.513977e-03 -3.019248e-02 -7.544196e-03 1.111772e-03
2.284242e+00 2.227098e-01 -4.486576e-01 3.704320e-02 4.018196e-02 1.994598e-02 1.364825e-03
8.354023e+00 1.063183e-02 1.642136e-02 3.305594e-03 -1.895658e-01 1.227323e-01 1.414390e-02
4.417800e+00 -3.275362e-01 -7.537327e-01 6.388423e-02 2.641825e-02 -1.148011e-02 1.861681e-03
2.912150e+00 -3.925623e-01 7.505876e-02 6.856651e-02 -7.883168e-03 -4.122949e-02 -3.462861e-03
4.392084e+00 -1.874051e-01 -7.272502e-01 -6.238604e-02 3.274332e-02 -8.437624e-03 1.755023e-03
4.914878e+00 -1.980685e-01 3.148240e-01 -6.697961e-03 -3.577821e-02 -2.250952e-02 -3.942108e-03
2.314498e+00 1.197259e-01 -1.729269e-01 -3.192573e-02 5.320964e-02 3.683969e-02 -5.189452e-04
3.933160e+00 -3.221842e-01 1.801717e-01 -6.781662e-03 -2.509010e-02 -4.486628e-02 2.627878e-03
8.707160e+00 1.538522e-01 9.026527e-01 -2.117432e-01 -3.037778e-02 5.177726e-03 4.064711e-04
8.968629e+00 -2.231320e-01 4.350769e-01 5.957332e-02 -3.435848e-02 -1.762097e-02 1.498448e-03
2.209791e+00 1.094693e-01 -9.687056e-02 -1.717549e-02 5.656433e-02 6.392096e-02 3.154621e-03
4.059988e+00 5.760233e-01 -4.033679e-01 1.090768e-01 2.118791e-02 3.025706e-02 -1.940424e-03
8.479566e+00 5.366115e-01 9.429609e-02 3.872007e-02 -7.593819e-03 4.321421e-02 -9.920524e-04
1.437670e+00 1.781890e-01 6.530879e-02 -1.604853e-02 -2.360697e-02 6.440945e-02 2.596539e-03
8.613117e+00 6.219995e-01 -1.698657e-01 -1.006678e-01 9.177446e-03 3.360517e-02 -1.287624e-03
7.670207e+00 -1.218189e-02 -6.372494e-02 2.647358e-03 1.129379e-01 -2.158961e-02 6.167736e-03
1.425388e+00 -5.317634e-01 6.761070e-01 1.040354e-01 -2.463455e-02 -1.937526e-02 -4.125588e-04
2.647300e+00 8.019823e-02 4.725388e-01 8.251713e-02 -4.192127e-02 7.114784e-03 5.474095e-04
8.649492e+00 -1.075558e-01 -7.463520e-02 -6.380636e-03 4.234627e-02 -6.102466e-02 2.188796e-03
5.105020e+00 4.467579e-01 4.184648e-01 5.825556e-02 -2.816407e-02 3.006829e-02 -5.296968e-03
7.030583e+00 2.419702e-03 -7.830760e-02 5.093370e-03 1.036279e-01 3.202099e-03 -9.017095e-04
9.392787e+00 8.038809e-01 -2.040922e-01 -3.105959e-02 7.508806e-03 2.957577e-02 -2.342048e-03
6.487244e+00 -1.198583e-01 1.829078e-01 2.292999e-02 -4.986345e-02 -3.267520e-02 3.133509e-04
7.076171e+00 -1.887221e-01 -1.282724e-01 -2.202808e-03 3.322141e-02 -4.887732e-02 2.413114e-03
3.212626e+00 -2.339776e-01 -6.659914e-01 -7.126845e-02 3.594722e-02 -1.262906e-02 4.710966e-03
5.387025e+00 1.686990e-01 -3.919591e-01 -7.723183e-02 3.942340e-02 1.696781e-02 -8.397189e-04
2.811654e+00 -1.924328e-02 7.490676e-01 -1.120484e-02 -3.514944e-02 -9.029764e-04 8.271694e-05
2.989048e+00 7.527441e-01 4.604676e-01 1.425396e-01 -1.637333e-02 2.676611e-02 -9.668702e-04
6.088012e+00 8.558596e-01 3.200383e-01 -7.995708e-02 -1.158434e-02 3.097933e-02 1.284477e-03
6.216296e+00 7.552958e-01 3.629436e-01 1.200088e-01 -1.525119e-02 3.173816e-02 1.766468e-03
7.683205e+00 4.501788e-01 2.829133e-01 6.164521e-02 -2.125182e-02 3.381642e-02 4.705560e-04
2.624649e+00 -1.662224e-01 -6.255702e-01 1.154992e-04 3.628780e-02 -9.642158e-03 3.496579e-04
6.873204e+00 2.048068e-01 5.886367e-01 -7.945174e-03 -3.886257e-02 1.352161e-02 -3.653235e-03
9.886402e+00 2.833428e-02 8.513176e-02 -1.084128e-03 -9.981594e-02 3.322159e-02 6.071552e-03
2.633932e+00 4.237926e-01 -4.946674e-01 5.543300e-02 2.997062e-02 2.567650e-02 8.214773e-04
4.538371e+00 3.974332e-01 -2.628620e-01 -8.632252e-02 2.292379e-02 3.465953e-02 -4.831957e-04
1.795660e+00 -3.104006e-02 1.238455e-01 -1.876816e-02 -7.242469e-02 -1.815218e-02 -3.232919e-05
3.062189e+00 6.112584e-01 -1.671402e-01 9.651550e-03 9.423420e-03 3.446296e-02 1.783155e-04
3.444576e+00 1.554215e-01 -2.480340e-01 -2.560123e-02 4.639061e-02 2.906900e-02 -3.883788e-05
9.723331e+00 1.228024e-01 -4.965073e-01 2.989558e-02 3.885752e-02 9.610731e-03 -1.968528e-03
6.803895e+00 6.420094e-01 3.218409e-01 5.404518e-02 -1.575239e-02 3.142292e-02 -3.181244e-03
4.570999e+00 3.691649e-01 -1.335461e-01 4.882714e-02 1.672870e-02 4.624359e-02 -5.291393e-04
8.751691e+00 6.485211e-02 3.997430e-01 -5.001663e-03 -4.544058e-02 7.372030e-03 -9.253045e-04
2.473492e+00 -3.982605e-01 -6.729565e-01 -6.584838e-02 2.720158e-02 -1.609809e-02 5.356669e-05
4.622857e+00 -1.566370e-01 9.314510e-01 1.590166e-01 -2.958960e-02 -4.975919e-03 -7.075138e-04
9.047331e+00 4.325895e-02 1.228528e-01 2.123262e-02 -7.802089e-02 2.747272e-02 4.790430e-03
9.231064e+00 4.142954e-04 9.665534e-01 3.389472e-02 -2.911437e-02 1.247934e-05 5.813828e-04
1.115544e+00 -1.024589e-01 1.638571e-01 2.041662e-02 -6.266301e-02 -3.918280e-02 -1.525229e-03
5.632227e+00 2.024442e-01 -8.110710e-01 4.984848e-02 3.232924e-02 8.069413e-03 -2.266185e-03
5.781967e+00 5.031623e-02 -7.143176e-01 5.714603e-02 3.728835e-02 2.626576e-03 2.610543e-04
5.271267e-01 -1.471797e-01 6.116707e-01 3.250387e-04 -3.356531e-02 -8.076455e-03 1.708951e-03
9.348116e+00 -5.146791e-02 3.610163e-01 -2.261972e-03 -5.109710e-02 -7.284606e-03 1.224900e-03
8.219907e+00 -1.722734e-02 -2.342522e-01 -1.065967e-02 5.852565e-02 -4.304087e-03 -2.754204e-03
4.371204e+00 -1.961227e-01 -1.869713e-01 -3.509132e-02 4.044192e-02 -4.242137e-02 -6.413533e-03
2.868135e+00 -1.693046e-01 -3.409190e-01 4.623557e-03 3.810443e-02 -1.892313e-02 7.036780e-05
5.792874e+00 2.399273e-01 4.902765e-01 1.823883e-01 -3.038868e-02 1.487135e-02 -1.658355e-03
5.936005e+00 2.017083e-02 1.375615e-02 -2.695523e-03 -1.148479e-01 1.684030e-01 6.808253e-04
8.591073e-01 4.478638e-01 7.189843e-02 3.534400e-02 -7.321597e-03 4.560710e-02 1.632299e-03
8.646861e+00 -1.609582e-01 -1.572815e-01 -4.740941e-03 4.214897e-02 -4.313428e-02 -2.387245e-03
7.719290e-01 2.707006e-01 -4.185387e-01 -6.374608e-03 3.807997e-02 2.462920e-02 1.326189e-04
6.633608e+00 -4.772805e-01 -6.272496e-01 -1.179550e-01 2.263988e-02 -1.722691e-02 -2.578949e-04
8.995937e+00 6.100691e-01 3.900186e-01 3.465181e-02 -1.711719e-02 2.677479e-02 6.947538e-05
4.221581e+00 -3.326820e-01 4.285430e-01 -4.663816e-02 -3.098803e-02 -2.405630e-02 -1.822462e-03
5.697403e+00 -9.462175e-01 3.098446e-01 1.010979e-01 -8.415792e-03 -2.570053e-02 -8.090817e-04
8.151023e+00 6.351451e-02 5.131233e-01 -4.316852e-02 -3.919834e-02 4.851979e-03 7.687908e-05
4.555524e+00 1.021581e-01 5.948368e-01 2.018186e-02 -4.018224e-02 6.900951e-03 -1.017984e-03
2.993315e+00 -3.404786e-01 6.445341e-01 -7.026785e-02 -3.182279e-02 -1.681056e-02 -1.164321e-03
2.981500e+00 2.289577e-01 5.329264e-02 -6.809365e-03 -1.399556e-02 6.012822e-02 1.763017e-03
7.623143e+00 6.875899e-01 3.121604e-01 4.128719e-02 -1.427107e-02 3.143462e-02 4.258027e-04
6.731844e+00 7.982270e-02 -2.205645e-02 -1.247924e-03 2.402159e-02 8.693456e-02 -3.350503e-03
5.798334e+00 -1.713835e-01 8.682426e-01 1.081700e-01 -2.904207e-02 -5.732650e-03 5.598808e-05
8.570343e+00 1.242964e-01 1.760094e-01 1.603867e-02 -5.168911e-02 3.650242e-02 -3.084000e-03
3.945762e+00 4.580662e-01 -4.657018e-01 9.704882e-02 2.530535e-02 2.489045e-02 2.911034e-03
7.878305e+00 5.156274e-01 -6.706975e-01 1.436873e-01 2.317736e-02 1.781858e-02 3.805477e-03
8.857239e+00 4.367072e-02 -2.783259e-02 3.652384e-03 6.023056e-02 9.450475e-02 -8.680687e-03
2.263422e+00 5.242068e-01 -1.166486e-01 2.447488e-02 8.414315e-03 3.781305e-02 -1.575749e-03
4.325625e+00 6.392104e-02 2.234165e-01 -1.281211e-02 -6.270460e-02 1.794023e-02 1.112996e-03
9.162939e+00 8.649840e-01 1.639276e-01 -1.715261e-01 -6.238357e-03 3.291745e-02 -1.345781e-03
9.022131e-01 6.981084e-01 6.127179e-01 4.060780e-03 -2.135908e-02 2.433575e-02 -1.872231e-03
1.526549e+00 7.397902e-01 -2.210836e-02 -4.341378e-02 9.165049e-04 3.066810e-02 -3.215050e-04
3.501999e+00 -1.305354e-01 2.745803e-02 -1.512151e-02 -1.481123e-02 -7.041257e-02 -2.813841e-03
9.142634e+00 4.419225e-01 -7.338150e-01 8.753107e-03 2.573186e-02 1.549640e-02 3.511025e-03
2.951630e+00 -2.059175e-01 -7.887921e-01 2.063951e-02 3.042397e-02 -7.942305e-03 -3.007145e-03
5.978759e+00 -9.072568e-02 -1.472036e-01 -1.038223e-02 5.350905e-02 -3.297912e-02 6.786322e-04
6.806034e+00 -9.969158e-02 -3.664373e-01 7.585344e-02 4.304170e-02 -1.170977e-02 -1.145305e-03
7.079521e+00 -1.177869e-02 -3.494895e-01 1.611679e-02 5.012265e-02 -1.689262e-03 1.581816e-05
3.596067e+00 8.669333e-02 4.165086e-02 2.954259e-02 -3.852263e-02 8.018215e-02 -4.547221e-03
9.142916e+00 -5.084341e-01 -1.126506e-01 2.493432e-03 8.370221e-03 -3.777793e-02 -2.109549e-03
1.213814e+00 -9.876919e-02 8.059735e-02 -1.277222e-02 -5.591225e-02 -6.851849e-02 -7.886656e-03
8.992859e-01 -1.720029e-01 8.012745e-01 -6.292978e-02 -3.243386e-02 -6.962305e-03 2.514867e-03
2.361579e+00 4.659178e-01 -7.888188e-01 4.284119e-02 2.292332e-02 1.353971e-02 -3.753601e-04
3.814174e+00 2.029790e-01 -7.693376e-03 -5.105044e-03 2.296700e-03 6.059523e-02 -1.479876e-03
7.316902e+00 1.584400e-01 -9.107024e-01 -4.666268e-03 2.894444e-02 5.035627e-03 1.513780e-03
9.856949e+00 -7.636740e-01 5.003088e-01 -7.002239e-02 -1.447307e-02 -2.209177e-02 -1.343061e-03
4.624919e+00 -7.341503e-02 2.991345e-01 1.051541e-02 -4.647186e-02 -1.140535e-02 3.648686e-03
8.114290e+00 9.352522e-01 -2.269777e-01 1.314505e-01 7.003073e-03 2.885587e-02 -3.405670e-04
4.251851e+00 4.965066e-02 1.496721e-01 -2.473098e-02 -6.291800e-02 2.087176e-02 3.650487e-03
8.803335e+00 -1.977307e-01 3.710218e-01 -6.502584e-02 -4.315458e-02 -2.299861e-02 1.863277e-03
5.535497e+00 2.131883e-02 -4.676505e-01 6.680020e-02 4.546029e-02 2.072403e-03 -1.217111e-05
8.679310e+00 3.585031e-01 -2.221445e-01 -9.224408e-03 2.170218e-02 3.502360e-02 1.760820e-04
2.868173e+00 3.356692e-01 -3.858956e-02 1.029311e-02 6.421871e-03 5.586030e-02 7.437689e-03
2.060167e+00 -1.343515e-01 -3.378752e-01 4.675802e-02 4.388510e-02 -1.745032e-02 -4.072746e-04
9.288673e-01 -3.001183e-01 5.305742e-01 -2.069200e-02 -3.292974e-02 -1.862665e-02 4.493629e-04
6.166527e+00 -3.446109e-01 -5.892350e-02 -4.933903e-02 8.988923e-03 -5.257123e-02 -1.397928e-03
6.744554e+00 -1.247343e-03 -9.025944e-04 -2.124078e-04 4.108483e-01 -5.677731e-01 2.497953e-02
5.611628e+00 -4.405346e-01 -8.100112e-01 -6.193333e-02 2.840200e-02 -1.544678e-02 5.088411e-04
5.551080e+00 -2.615158e-01 5.768042e-01 3.026782e-03 -3.253593e-02 -1.475138e-02 -6.849182e-04
8.349677e+00 -1.640985e-01 -4.080906e-01 5.330131e-02 4.254526e-02 -1.710800e-02 -4.350128e-04
8.731380e+00 -3.846668e-01 8.965548e-01 1.595605e-01 -2.861063e-02 -1.227539e-02 1.086268e-03
6.622807e+00 -1.023088e-02 -2.868242e-01 -1.289041e-03 5.657202e-02 -2.017896e-03 -2.174420e-03
4.878717e+00 2.054048e-01 -4.569208e-01 -1.160455e-02 3.554144e-02 1.597735e-02 -4.217310e-03
9.301528e+00 -1.763338e-01 -7.668351e-01 1.101966e-03 3.313437e-02 -7.619250e-03 -3.103944e-03
3.361208e+00 6.976134e-01 -6.211986e-01 -1.000790e-01 2.090184e-02 2.347301e-02 3.810049e-04
3.007831e+00 -3.759436e-02 -2.278905e-01 3.106534e-02 5.977090e-02 -9.860210e-03 3.563250e-04
6.021927e+00 3.920427e-01 -5.390111e-01 -1.271762e-02 3.081436e-02 2.241242e-02 -2.706352e-03
1.042273e+00 9.379628e-01 3.455666e-01 3.755117e-02 -9.803625e-03 2.660974e-02 9.607798e-04
4.242390e+00 2.080968e-01 3.070730e-02 6.249096e-03 -9.954442e-03 6.745913e-02 1.609518e-03
6.448721e+00 9.360369e-02 -1.026009e-01 1.201529e-02 5.367161e-02 4.896508e-02 3.697277e-03
9.498939e+00 -1.597785e-01 -1.400411e-01 -2.297934e-02 4.135510e-02 -4.718371e-02 -2.548733e-03
8.839597e+00 2.594732e-01 5.718520e-01 -3.486205e-02 -3.711557e-02 1.684089e-02 -1.042389e-03
8.321742e+00 -7.424328e-01 -9.035444e-02 -7.306013e-03 3.583641e-03 -2.944640e-02 -1.454423e-03
1.753459e+00 2.517056e-01 3.540416e-01 -2.063843e-02 -3.145582e-02 2.236349e-02 -1.873462e-03
1.709959e+00 7.808491e-01 -3.097142e-01 2.418684e-02 1.258237e-02 3.172258e-02 -3.608871e-03
7.358872e+00 7.519070e-01 1.697394e-02 -5.284066e-02 -6.570146e-04 2.910425e-02 -2.690196e-03
5.196626e+00 7.844290e-01 2.821244e-01 -1.440479e-01 -1.076163e-02 2.992203e-02 -1.909105e-03
4.648301e+00 1.597762e-01 -8.309829e-01 -6.274346e-02 3.099137e-02 5.958827e-03 3.179563e-04
7.711315e+00 -5.346178e-01 -7.561962e-01 -3.688498e-02 2.172595e-02 -1.535987e-02 1.835747e-03
2.736238e+00 -4.816393e-03 9.154292e-03 7.441402e-04 -2.426243e-01 -1.276531e-01 -1.119226e-02
3.761862e+00 -4.174777e-01 5.335392e-01 -1.630264e-02 -2.822626e-02 -2.208616e-02 3.668830e-03
2.924811e+00 1.505951e-01 -6.207455e-01 -1.767146e-02 3.318330e-02 8.050390e-03 -1.085120e-03
5.369545e+00 -8.135350e-03 -6.899419e-02 -1.570239e-03 1.087174e-01 -1.281925e-02 -3.704960e-03
5.237615e+00 8.824775e-01 2.767235e-01 -1.266848e-02 -9.417075e-03 3.003126e-02 6.031641e-04
6.521122e+00 -3.352061e-01 3.320036e-01 3.235417e-02 -3.068944e-02 -3.098546e-02 2.827978e-04
3.264716e+00 1.968873e-02 -6.355139e-01 1.463989e-02 3.243933e-02 1.004997e-03 2.935241e-03
2.603408e+00 -6.075203e-01 2.299646e-01 -8.059776e-02 -1.229197e-02 -3.247292e-02 3.373839e-04
5.042534e+00 -5.115168e-02 -8.617993e-01 7.352949e-02 3.094984e-02 -1.837013e-03 2.042134e-03
2.989136e+00 -1.745439e-01 2.032340e-01 -7.369772e-04 -4.773439e-02 -4.099583e-02 7.179938e-04
6.200263e+00 3.051561e-01 -3.979745e-01 -4.273031e-02 2.916417e-02 2.236230e-02 -9.296345e-04
3.725589e+00 -1.639459e-02 4.356718e-01 -6.652116e-02 -4.160113e-02 -1.565475e-03 -2.389162e-03
9.280523e+00 9.299219e-01 -1.180252e-01 -5.788406e-02 3.830155e-03 3.017783e-02 9.103731e-04
8.580625e+00 1.506632e-01 5.960757e-01 -6.603374e-03 -3.727777e-02 9.422272e-03 -1.043369e-04
8.201612e+00 6.759393e-01 1.202435e-01 -2.964232e-02 -5.594596e-03 3.144957e-02 -2.012986e-03
7.088155e+00 -7.811507e-02 6.320384e-01 7.480127e-02 -3.345976e-02 -4.135368e-03 -8.514273e-04
8.664936e-01 3.986983e-01 -5.477597e-01 1.939792e-02 3.051586e-02 2.221160e-02 -1.751306e-03
4.297085e+00 7.692066e-01 -3.184637e-01 2.284152e-02 1.234334e-02 2.981370e-02 -1.140251e-03
3.945615e+00 5.658838e-01 9.072249e-02 -1.043683e-01 -6.073881e-03 3.788599e-02 2.199861e-03
1.152949e+00 1.669128e-01 6.344698e-01 6.681718e-02 -3.519559e-02 9.259058e-03 -7.460600e-04
4.633947e+00 2.995839e-01 5.795752e-01 7.586267e-02 -3.262530e-02 1.686410e-02 1.973648e-04
8.400496e+00 4.951831e-02 8.321521e-01 -2.504705e-02 -3.104757e-02 1.847526e-03 3.208202e-04
5.993067e+00 5.348635e-01 2.108361e-01 -9.691920e-03 -1.291011e-02 3.275127e-02 -1.569994e-03
8.993227e+00 5.435786e-01 -1.537085e-01 7.741299e-02 1.171647e-02 4.143440e-02 -7.063537e-04
4.272542e+00 -5.635196e-01 1.048631e-01 3.284786e-02 -7.792262e-03 -4.187451e-02 -1.851731e-03
2.610940e+00 -1.382392e-01 7.759994e-02 -7.142422e-03 -3.158503e-02 -5.626666e-02 -3.118353e-03
6.965708e+00 1.802142e-01 -6.609754e-01 2.256138e-02 3.446042e-02 9.395595e-03 -3.603139e-04
7.510991e+00 -2.962791e-02 1.309775e-02 -5.180359e-04 -7.167190e-02 -1.621262e-01 2.199014e-02
5.051268e+00 5.778313e-01 -3.231062e-01 -6.857992e-02 1.608849e-02 2.877206e-02 -1.992880e-04
7.330984e+00 -5.649463e-01 6.035847e-01 3.153344e-02 -2.302893e-02 -2.155474e-02 2.162450e-03
1.850797e+00 -5.926001e-02 -2.479848e-01 1.823422e-03 5.510289e-02 -1.316773e-02 -2.133332e-03
1.584794e+00 -8.864946e-01 2.556827e-01 1.081653e-01 -7.390516e-03 -2.562415e-02 -1.149259e-03
5.453441e+00 -5.323374e-02 1.263725e-01 1.294953e-02 -7.717672e-02 -3.251028e-02 2.034218e-03
1.036104e+00 -3.421824e-01 5.171984e-01 -4.431298e-02 -3.447226e-02 -2.280711e-02 -1.260001e-03
4.542811e+00 -3.548301e-01 5.974066e-01 4.281594e-02 -2.941261e-02 -1.746964e-02 -2.541907e-03
8.417631e-01 -9.954005e-02 6.148197e-02 -1.296808e-02 -4.654112e-02 -7.535063e-02 -4.407114e-03
9.645341e+00 -5.426531e-01 -5.032305e-01 -7.648695e-02 2.116897e-02 -2.282733e-02 -2.870598e-04
7.224688e+00 -1.378202e-02 -2.969110e-01 -9.484977e-03 5.962032e-02 -2.767458e-03 2.831856e-03
8.376427e+00 1.627209e-01 -1.101022e-01 1.712920e-02 3.456986e-02 5.109106e-02 8.546635e-04
2.743874e+00 2.409668e-01 -6.222869e-02 3.932751e-02 1.307847e-02 5.064349e-02 1.409662e-03
7.085588e+00 4.812039e-01 -8.550310e-01 -2.183248e-02 2.264386e-02 1.274377e-02 -2.440040e-03
2.291066e+00 -3.763557e-02 3.678915e-01 9.179395e-02 -5.146000e-02 -5.264397e-03 3.456812e-03
2.159097e+00 4.737013e-01 -1.872256e-01 1.319690e-02 1.315717e-02 3.328910e-02 -1.011922e-03
8.330746e+00 2.472633e-01 -5.943274e-01 -9.111630e-02 3.148637e-02 1.309955e-02 1.116956e-03
7.670850e+00 -1.557912e-01 1.700998e-01 8.260287e-03 -4.906074e-02 -4.493382e-02 -4.639392e-04
8.458862e+00 3.938802e-03 -3.711180e-03 -1.281219e-04 2.880432e-01 3.057100e-01 -2.147298e-03
1.239024e+00 -3.325782e-01 -4.231692e-01 4.690044e-02 2.925748e-02 -2.299411e-02 1.284967e-03
1.047514e+00 -3.118692e-02 -9.595350e-04 -4.763254e-03 4.569070e-03 -1.485045e-01 6.411426e-03
4.643985e+00 -1.843815e-03 1.967113e-02 -2.168464e-03 -2.078420e-01 -1.948146e-02 8.963371e-03
2.529488e+00 5.304144e-01 4.350569e-02 -4.190626e-02 -2.883468e-03 3.515479e-02 2.602510e-03
7.848532e+00 1.873413e-01 -6.358221e-01 -5.269997e-02 3.051705e-02 8.991674e-03 -1.090300e-03
2.578290e+00 6.042087e-01 7.591769e-01 -1.078316e-01 -2.091967e-02 1.664941e-02 -1.223445e-03
6.051964e+00 -3.951442e-01 -2.254608e-01 -2.899763e-02 2.262736e-02 -3.965686e-02 1.675307e-03
9.202132e+00 8.751155e-02 -2.242211e-01 2.644314e-02 5.955393e-02 2.324339e-02 -2.690885e-03
9.218357e+00 -1.042117e-01 -1.235307e-02 7.637884e-03 9.273321e-03 -7.823060e-02 2.859880e-03
6.794438e+00 -7.597984e-02 9.734671e-01 4.868975e-02 -3.222866e-02 -2.515471e-03 6.385997e-04
1.905584e+00 -3.411173e-01 -4.011617e-01 -1.360162e-02 2.910835e-02 -2.475152e-02 -1.017965e-03
8.919814e+00 1.264464e-01 -2.241476e-01 -4.097372e-04 5.285884e-02 2.981879e-02 -4.310452e-04
7.821759e+00 6.233932e-02 -3.801283e-02 6.371766e-03 6.157134e-02 1.009742e-01 -3.211126e-03
3.980083e+00 -9.130665e-02 1.251924e-01 -9.276258e-03 -6.700409e-02 -4.886814e-02 -5.665148e-06
6.158648e+00 -5.832526e-01 6.656401e-01 -9.008375e-02 -2.328381e-02 -2.040193e-02 3.823656e-03
1.269001e+00 1.794531e-01 -9.745760e-02 3.057573e-03 3.013396e-02 5.548703e-02 -9.223959e-04
9.644973e+00 1.867727e-01 -2.726592e-01 -2.990750e-02 4.094216e-02 2.804556e-02 3.366286e-03
3.739536e+00 -1.357095e-02 -2.940378e-02 -2.243188e-03 1.538114e-01 -7.098971e-02 -1.289158e-02
9.636974e+00 3.725414e-03 1.313576e-01 9.428530e-03 -6.971627e-02 1.977213e-03 -2.559031e-03
7.733006e+00 -1.145617e-01 -4.060551e-01 -2.555082e-02 3.812323e-02 -1.075583e-02 2.618908e-03
8.860987e-01 6.394231e-01 -3.935217e-01 2.317982e-02 1.955500e-02 3.177441e-02 -2.234577e-03
1.754265e+00 -6.747722e-01 4.337835e-01 -6.422728e-02 -1.553765e-02 -2.416960e-02 9.936367e-04
5.900451e+00 8.649136e-01 -4.534468e-01 -9.399845e-02 1.496857e-02 2.855136e-02 -1.332994e-03
3.407623e+00 5.194966e-01 -1.190864e-01 -5.547085e-02 9.902894e-03 4.319991e-02 -3.248182e-03
4.780876e+00 7.825078e-01 -2.707071e-01 -9.868575e-02 9.216937e-03 2.664254e-02 -1.891729e-03
9.559084e+00 9.146919e-02 3.522426e-01 -3.753789e-02 -4.607556e-02 1.196475e-02 -2.253080e-03
4.430288e+00 2.476388e-01 7.622284e-01 -6.249216e-02 -3.337084e-02 1.084178e-02 1.197470e-04
3.331583e+00 2.266106e-01 -4.325617e-01 5.532931e-02 3.990002e-02 2.090284e-02 1.324988e-03
8.625307e+00 6.144341e-01 1.407841e-01 -4.965889e-02 -7.246762e-03 3.162756e-02 1.572596e-03
3.792056e+00 4.978004e-01 -3.921405e-02 7.468930e-02 3.376027e-03 4.285676e-02 -3.924775e-05
3.811585e+00 9.760226e-02 -3.956438e-01 6.733245e-02 4.756185e-02 1.173314e-02 4.140035e-03
2.568467e+00 8.097731e-01 1.393136e-01 2.594645e-02 -5.043543e-03 2.931607e-02 4.208285e-04
3.433835e+00 3.346225e-01 -1.130851e-01 2.157802e-02 1.445094e-02 4.276080e-02 -3.768466e-03
7.772539e+00 -1.303895e-01 8.149270e-02 1.194659e-02 -3.499891e-02 -5.599876e-02 -5.645284e-04
1.178501e+00 7.004167e-01 5.086539e-01 6.396253e-02 -1.857345e-02 2.557565e-02 -1.300252e-03
2.161274e+00 -3.668218e-01 -6.185836e-01 5.671115e-02 2.601112e-02 -1.542467e-02 -4.538060e-04
