6.547568e+09 0.000000e+00 0.000000e+00 0.000000e+00 0.000000e+00 0.000000e+00 0.000000e+00
7.727466e+00 -6.316255e-02 -8.220808e-02 -2.209185e-02 1.005855e-01 -7.728240e-02 1.964834e-03
7.977852e-01 2.189944e-01 2.039650e-01 -6.840418e-02 -4.670953e-02 5.015138e-02 1.490489e-03
2.542480e+00 -2.473516e-01 1.322388e-01 3.202401e-02 -3.377887e-02 -6.318312e-02 -5.207032e-03
6.643723e+00 -1.166387e-01 -5.737749e-01 4.889314e-02 4.262116e-02 -8.664157e-03 2.182951e-03
4.405756e+00 -1.529462e-02 -4.264505e-01 7.779672e-04 5.764499e-02 -2.067435e-03 -2.252192e-03
5.988123e+00 3.122255e-01 -5.724858e-01 6.839608e-02 3.584404e-02 1.954882e-02 -1.793994e-03
9.222397e+00 -1.008776e-01 -7.771203e-02 -6.970338e-04 6.955318e-02 -9.028664e-02 5.977834e-03
3.783878e+00 -6.466458e-01 4.162346e-01 -9.913610e-02 -2.208976e-02 -3.431780e-02 1.462377e-03
5.084628e+00 1.107473e-01 -1.374166e-02 7.989554e-03 1.518974e-02 1.224178e-01 2.793778e-03
6.514956e+00 6.065356e-01 -5.112841e-01 -3.691430e-02 2.741196e-02 3.251877e-02 -1.790735e-04
2.731047e+00 -5.589812e-01 7.953495e-01 2.369646e-01 -3.222132e-02 -2.264553e-02 2.143999e-03
1.102309e+00 6.332020e-01 -4.889303e-01 -1.448916e-01 2.731403e-02 3.537375e-02 -3.597142e-04
5.829409e+00 6.655233e-01 -5.149100e-01 -5.675348e-02 2.661422e-02 3.439899e-02 -1.542643e-03
3.338195e+00 5.600954e-01 1.559511e-01 -1.993770e-02 -1.290401e-02 4.634451e-02 6.910546e-04
2.107078e+00 -7.239701e-01 5.820364e-01 4.400433e-02 -2.290624e-02 -2.849209e-02 3.422380e-03
3.758741e+00 6.985449e-01 3.188121e-02 1.198248e-01 -2.159156e-03 4.730898e-02 -2.718023e-03
6.170063e+00 9.622499e-01 -1.566049e-01 1.479644e-01 5.316021e-03 3.266399e-02 1.234747e-03
8.126974e+00 -8.665056e-01 8.241574e-02 5.326403e-02 -3.250308e-03 -3.417320e-02 7.647213e-04
3.207725e+00 -1.003187e-01 -1.189781e-01 2.583325e-04 7.159029e-02 -6.036271e-02 -3.351384e-03
9.895822e+00 -2.538040e-01 -9.459418e-01 -1.622952e-01 3.671865e-02 -9.851916e-03 2.587120e-03
2.213085e+00 2.509763e-01 -4.097711e-02 5.594604e-02 1.024519e-02 6.274966e-02 -8.956349e-04
7.576567e+00 -3.302605e-02 -6.126199e-02 5.085503e-03 1.149138e-01 -6.194949e-02 -3.749591e-03
1.054759e+00 2.803757e-01 1.481027e-01 1.777562e-02 -3.166444e-02 5.994447e-02 1.626271e-03
3.512813e+00 -2.001312e-01 -1.530161e-01 1.814201e-02 4.838699e-02 -6.328580e-02 -4.463188e-03
8.857096e+00 1.025425e-02 -8.831153e-03 -7.128264e-04 1.808243e-01 2.099633e-01 2.373618e-03
5.135703e+00 -4.107998e-01 5.464653e-01 -8.390522e-02 -3.883496e-02 -2.919379e-02 -1.147244e-03
8.440909e+00 2.473058e-01 -6.646599e-01 2.345361e-02 3.954698e-02 1.471459e-02 1.888034e-03
1.491843e+00 -6.553196e-01 -6.245309e-01 -3.528791e-02 2.909573e-02 -3.053012e-02 1.367829e-03
9.309957e+00 3.792187e-02 -1.852057e-01 6.409698e-03 8.539128e-02 1.748433e-02 7.431487e-03
4.236038e+00 5.213885e-01 -4.111279e-01 -1.968177e-02 2.534938e-02 3.214784e-02 -1.905651e-04
8.519697e+00 -4.519678e-02 -1.405009e-03 1.110859e-02 5.397438e-03 -1.736266e-01 -7.882758e-03
3.746417e+00 1.909575e-01 -2.010556e-01 -2.426147e-02 5.371094e-02 5.101329e-02 3.726978e-03
9.060439e+00 -6.811052e-01 -3.117618e-01 2.781542e-03 1.702036e-02 -3.718435e-02 -4.856450e-04
8.901905e+00 -6.034887e-03 -2.687774e-02 3.349766e-03 2.037552e-01 -4.574935e-02 4.871875e-03
1.210387e+00 -7.146219e-01 -6.384866e-01 -2.199880e-01 2.703817e-02 -3.026229e-02 -1.738649e-03
3.056932e+00 4.084970e-01 -3.093996e-01 -1.156190e-01 2.872495e-02 3.792524e-02 -3.168070e-03
7.190553e+00 -4.967558e-01 -5.870608e-01 -6.772011e-03 3.009591e-02 -2.546639e-02 -1.066496e-04
2.719835e+00 8.605626e-03 -4.427369e-02 -6.255233e-03 1.553079e-01 3.018772e-02 6.670781e-03
4.424664e+00 3.176752e-01 -5.962826e-02 1.977030e-02 1.203382e-02 6.411133e-02 1.573784e-04
2.382363e+00 1.138670e-01 4.222880e-02 8.570430e-03 -3.458901e-02 9.326682e-02 2.528404e-03
1.466852e+00 -1.017200e-02 5.959155e-02 -1.010970e-02 -1.412465e-01 -2.411012e-02 -5.682585e-03
2.258881e+00 -6.485292e-01 -3.448391e-01 4.911845e-03 2.239232e-02 -4.211260e-02 1.353484e-03
5.894220e+00 3.444500e-01 -1.061311e-01 1.979565e-02 1.905990e-02 6.185919e-02 -1.208239e-04
8.148416e+00 4.294837e-01 -3.666542e-02 1.869417e-02 4.759463e-03 5.575040e-02 1.688061e-03
8.229360e+00 -2.975898e-02 1.373050e-02 -6.067727e-03 -9.530475e-02 -2.065600e-01 -7.416648e-03
6.586049e+00 -3.546650e-03 -6.491502e-01 4.158883e-02 5.160608e-02 -2.819512e-04 -1.143895e-03
7.869562e+00 8.092842e-01 -2.897222e-01 -3.195101e-03 1.272528e-02 3.554565e-02 -1.129905e-03
4.949329e+00 -1.680805e-01 -4.104324e-01 -5.737109e-02 5.429167e-02 -2.223355e-02 -7.756440e-03
3.969382e+00 1.590080e-03 7.577568e-02 7.360089e-03 -1.407032e-01 2.952522e-03 -7.058186e-03
8.737879e+00 3.815258e-02 9.950647e-03 5.604502e-04 -4.294340e-02 1.646528e-01 8.290174e-03
5.956128e+00 1.258380e-01 8.695119e-01 7.573629e-02 -3.784774e-02 5.477422e-03 -1.751114e-03
9.620951e+00 -2.265311e-01 -9.737741e-02 1.634730e-02 3.167320e-02 -7.368202e-02 -3.268440e-04
1.972620e+00 3.419841e-01 2.524426e-01 8.184625e-02 -3.636066e-02 4.925781e-02 2.058879e-03
7.667374e+00 7.436466e-02 -1.049832e-01 2.916773e-03 8.601086e-02 6.092564e-02 4.150621e-03
3.306968e+00 -3.858710e-01 -2.321957e-01 3.045647e-02 2.747862e-02 -4.566493e-02 -4.452733e-03
5.482465e-01 1.536141e-01 8.927131e-01 -2.667776e-02 -4.246751e-02 7.307622e-03 7.695708e-04
8.669418e+00 -7.640358e-01 2.294561e-01 2.245425e-02 -1.281769e-02 -4.267997e-02 2.715276e-03
5.590473e+00 -5.615759e-01 -5.971574e-01 6.014320e-02 2.592723e-02 -2.438236e-02 -8.450376e-04
3.252564e+00 -3.851020e-02 -2.112898e-01 2.065662e-02 7.127208e-02 -1.299022e-02 5.338150e-03
9.077736e+00 7.423897e-01 -4.923959e-01 1.553887e-01 2.320794e-02 3.499082e-02 2.460405e-04
6.222250e+00 -3.473409e-01 -5.074148e-01 -8.851030e-03 4.290156e-02 -2.936743e-02 3.364866e-03
3.948472e+00 5.607872e-01 -5.118685e-01 -7.862069e-02 3.093278e-02 3.388899e-02 -1.060653e-03
5.219738e+00 3.110782e-02 -5.962378e-01 -2.329327e-02 4.912324e-02 2.562932e-03 -1.123617e-03
9.852949e+00 3.331405e-01 -2.326987e-01 -2.269945e-02 2.913274e-02 4.170757e-02 -3.993114e-03
5.930441e+00 -2.170724e-01 -4.401729e-02 -2.516842e-02 1.542047e-02 -7.604647e-02 5.727800e-03
9.141983e+00 2.226609e-02 -1.436498e-01 -7.954093e-04 1.017723e-01 1.577497e-02 -5.366564e-03
1.003072e+00 4.182785e-01 -2.865228e-01 8.618501e-02 2.884010e-02 4.210204e-02 -4.874234e-03
7.808932e+00 4.445533e-01 -1.238599e-01 -1.627618e-02 1.477682e-02 5.303640e-02 1.891551e-03
4.961167e+00 1.749212e-01 2.859708e-01 -5.557898e-04 -6.027326e-02 3.686765e-02 2.720521e-03
5.932307e-01 1.514565e-01 3.912930e-02 2.803754e-02 -2.230268e-02 8.632626e-02 -5.088683e-03
7.485806e+00 -4.761351e-01 1.405119e-01 7.582581e-03 -1.551715e-02 -5.258100e-02 -4.690976e-04
3.980608e+00 5.639655e-01 7.485117e-02 -7.489448e-02 -6.434854e-03 4.848335e-02 3.776931e-04
7.209132e+00 -1.917235e-01 -5.617603e-02 1.933002e-02 2.414975e-02 -8.242082e-02 -4.620361e-03
7.862967e+00 -8.093942e-02 6.798863e-01 7.333025e-03 -4.446005e-02 -5.292900e-03 2.805795e-03
4.421699e+00 -4.923992e-01 -4.911442e-01 -7.297773e-02 2.872198e-02 -2.879537e-02 1.853916e-03
5.918774e+00 -4.075933e-02 2.540365e-01 1.782551e-02 -7.504090e-02 -1.204007e-02 -3.728091e-03
9.392897e+00 -2.166394e-01 -5.357611e-01 -6.710593e-02 4.624773e-02 -1.870065e-02 -2.420350e-03
5.711840e+00 -3.709359e-01 7.548971e-02 -2.790535e-02 -1.203447e-02 -5.913410e-02 5.572655e-04
1.255922e+00 -3.606838e-02 1.977908e-01 7.062019e-03 -8.925144e-02 -1.627555e-02 1.628168e-04
2.244048e+00 -5.677124e-02 6.432505e-01 1.003841e-01 -4.171408e-02 -3.681552e-03 -2.770173e-03
4.041258e+00 2.310267e-01 4.991147e-02 -9.050693e-03 -1.577206e-02 7.300459e-02 -7.223409e-03
5.734337e+00 2.712093e-02 -1.218009e-02 -1.064264e-04 8.169197e-02 1.819003e-01 -5.858850e-03
8.208735e+00 -3.974663e-01 -3.632986e-01 9.208185e-02 3.287451e-02 -3.596631e-02 1.419660e-03
8.241604e+00 -2.023118e-01 5.220339e-01 7.452473e-02 -4.374330e-02 -1.695251e-02 -1.382695e-03
1.846498e+00 1.767585e-01 2.255683e-01 3.578004e-03 -5.466824e-02 4.283881e-02 -3.371825e-03
6.761137e+00 -9.526935e-01 -2.061226e-01 -1.075221e-01 7.195412e-03 -3.325702e-02 -2.548659e-03
6.971895e+00 1.483764e-01 -1.113281e-01 1.990520e-03 4.543735e-02 6.055823e-02 1.273419e-03
4.168328e+00 -4.509158e-01 9.455779e-02 1.399254e-02 -1.113608e-02 -5.310439e-02 1.196644e-03
6.223753e+00 -9.520895e-02 -2.409848e-01 1.082276e-02 7.099132e-02 -2.804745e-02 -3.863716e-03
4.397903e+00 5.513368e-01 6.594752e-03 -1.726821e-02 -5.819460e-04 4.865205e-02 9.545071e-05
1.025170e+00 -4.069084e-01 6.086456e-01 -3.993437e-03 -4.014453e-02 -2.683851e-02 -3.677750e-03
6.360557e+00 1.808327e-01 8.594785e-01 -2.172752e-01 -3.688961e-02 7.761507e-03 3.171657e-04
2.231821e+00 -1.794271e-01 -2.326697e-02 -1.470318e-03 1.035607e-02 -7.986256e-02 -3.120789e-03
2.364961e+00 1.948739e-01 -1.362782e-01 2.071025e-02 4.037869e-02 5.774037e-02 -7.548075e-04
2.141905e+00 -5.024497e-01 -1.312253e-01 -3.669010e-02 1.250654e-02 -4.788642e-02 -3.036852e-03
8.859200e+00 1.436339e-01 -1.387326e-01 6.629922e-02 5.421936e-02 5.613486e-02 -1.368319e-03
2.078841e+00 -1.350533e-01 2.907873e-01 -3.751426e-02 -6.353872e-02 -2.950994e-02 -3.128535e-04
8.610743e+00 -4.115511e-01 1.333865e-01 1.184438e-01 -1.649595e-02 -5.089663e-02 2.495346e-03
5.420661e+00 3.346175e-02 8.548912e-02 -2.022824e-02 -1.224091e-01 4.791281e-02 -1.382408e-02
4.560113e+00 -6.474076e-01 -2.311495e-01 9.625311e-02 1.297224e-02 -3.633289e-02 -2.918592e-03
4.653766e+00 -3.840161e-01 -6.421921e-01 1.328405e-01 3.856170e-02 -2.305901e-02 1.719310e-03
2.899084e+00 -7.078161e-02 1.924295e-01 -3.842431e-03 -8.176518e-02 -3.007580e-02 -9.690614e-03
8.967117e+00 2.183225e-01 4.912892e-01 5.113474e-02 -4.504400e-02 2.001696e-02 -6.435036e-04
9.514201e+00 3.359059e-01 -1.093082e-01 4.330684e-02 2.137780e-02 6.569433e-02 -2.212985e-03
2.836466e+00 -3.728363e-01 6.643498e-01 -1.556923e-02 -3.235491e-02 -1.815773e-02 7.380243e-04
4.333671e+00 -4.765101e-01 2.494252e-01 -3.199544e-02 -2.398300e-02 -4.581791e-02 -2.991657e-03
5.539337e+00 5.765786e-01 1.461926e-02 -5.011123e-02 -1.308871e-03 5.162142e-02 2.015096e-03
2.544217e+00 -1.130577e-01 -9.515690e-01 -1.597240e-01 3.912565e-02 -4.648592e-03 -1.312500e-03
8.121984e+00 1.244839e-01 5.713619e-02 -1.404789e-02 -3.661441e-02 7.977264e-02 -4.686288e-03
7.163730e+00 4.126939e-03 1.027693e-01 -2.510739e-03 -1.279764e-01 5.139191e-03 3.267104e-03
3.987137e+00 4.956754e-02 -1.151654e-01 8.427202e-03 1.005767e-01 4.328850e-02 -8.424107e-04
7.306854e+00 1.481127e-01 3.094873e-01 -1.109698e-02 -5.282805e-02 2.528216e-02 2.510545e-04
9.023835e+00 -1.732147e-01 1.819052e-02 -1.081383e-03 -1.003692e-02 -9.557403e-02 -2.630366e-03
9.855756e+00 -8.243135e-02 1.036736e-01 1.151376e-02 -8.076527e-02 -6.421686e-02 -6.777934e-03
9.382464e+00 -1.230570e-01 -5.296356e-02 1.558924e-02 4.391084e-02 -1.020237e-01 -2.425483e-03
7.252266e+00 3.902530e-01 8.698372e-01 3.033079e-02 -3.094759e-02 1.388465e-02 -1.428622e-03
1.446036e+00 6.169805e-01 -3.442714e-01 -8.331152e-02 2.198233e-02 3.939528e-02 -6.438925e-04
1.437130e+00 3.567355e-01 -3.449321e-01 -2.900530e-02 3.538419e-02 3.659502e-02 2.085149e-03
1.980225e+00 -2.322023e-01 1.630765e-01 1.618668e-02 -4.155714e-02 -5.917261e-02 -2.560419e-04
8.782829e+00 -6.748489e-02 3.356162e-01 -1.270393e-02 -6.531278e-02 -1.313293e-02 3.473844e-03
9.936991e+00 -5.981763e-02 3.564753e-01 -3.447531e-02 -6.406768e-02 -1.075075e-02 1.278643e-03
8.928852e+00 5.486890e-01 1.801562e-01 -4.351013e-02 -1.414372e-02 4.307651e-02 2.944847e-03
5.292811e+00 7.482492e-01 7.081591e-02 1.741154e-02 -3.544455e-03 3.745113e-02 1.456684e-03
9.023915e-01 -5.269206e-01 -7.339510e-01 5.763615e-02 3.058233e-02 -2.195577e-02 -5.123720e-04
7.210364e+00 -7.579557e-01 2.225072e-01 -8.478629e-03 -1.021942e-02 -3.481175e-02 1.307833e-05
1.653691e+00 -1.155609e-01 3.486668e-01 -4.406114e-02 -5.885984e-02 -1.950829e-02 -5.090800e-03
1.243209e+00 -1.687477e-01 3.319982e-02 7.753165e-03 -1.584669e-02 -8.054542e-02 8.652857e-03
1.361510e+00 1.550725e-01 -6.970130e-01 -1.145169e-02 3.947255e-02 8.781913e-03 1.071430e-03
7.437990e+00 -5.063678e-01 -6.835171e-01 9.976188e-02 3.217371e-02 -2.383515e-02 -3.420697e-03
9.533196e-01 -3.970752e-01 2.796632e-01 7.229150e-02 -3.065483e-02 -4.352476e-02 4.757446e-03
4.503320e+00 7.419178e-02 -1.199412e-01 1.044830e-02 8.398990e-02 5.195347e-02 2.820526e-03
5.609966e+00 1.559382e-01 1.446637e-01 -4.907629e-03 -4.921253e-02 5.304796e-02 4.715487e-03
2.233471e+00 1.367562e-01 2.050003e-01 3.963216e-02 -5.742496e-02 3.830832e-02 -6.103393e-04
6.355935e+00 -1.051042e-01 2.227522e-01 2.772438e-02 -7.311514e-02 -3.449893e-02 -1.469784e-03
5.515131e+00 4.818749e-01 -2.003342e-01 3.588215e-03 2.096317e-02 5.042388e-02 3.388383e-03
5.712301e+00 -3.825220e-01 -7.962161e-02 3.144673e-02 1.276622e-02 -6.133211e-02 3.046503e-03
5.599474e+00 6.277307e-01 4.190203e-01 7.241467e-03 -2.635861e-02 3.948760e-02 2.466236e-03
2.235317e+00 8.205012e-01 -1.858345e-01 -9.182256e-05 8.214375e-03 3.626831e-02 6.724280e-04
5.935462e+00 2.640993e-02 9.355689e-02 -1.884945e-02 -1.126444e-01 3.179810e-02 7.248930e-03
4.143556e+00 1.786491e-01 8.856303e-02 3.276503e-03 -3.614803e-02 7.291771e-02 1.327297e-04
8.689425e+00 1.494027e-02 2.578823e-01 5.456884e-02 -7.937460e-02 4.598524e-03 5.525458e-03
5.527281e+00 3.881140e-01 7.197878e-01 -4.108029e-03 -3.390871e-02 1.828379e-02 1.831736e-03
5.738656e-01 3.654284e-02 2.643449e-01 -1.314617e-02 -7.189985e-02 9.939382e-03 -5.094500e-03
4.603346e+00 1.344547e-01 5.790501e-01 -8.423074e-02 -4.086739e-02 9.489356e-03 2.661553e-03
8.387243e+00 3.741016e-01 -8.446194e-01 -9.208108e-02 3.456924e-02 1.531152e-02 1.423489e-03
8.001948e+00 3.331054e-01 1.945045e-01 2.868070e-02 -2.842075e-02 4.867292e-02 -2.495249e-03
4.789082e+00 -1.093635e-01 -3.615505e-02 -2.184682e-03 3.541025e-02 -1.071106e-01 -2.394302e-03
9.291538e+00 -4.501103e-01 -3.920546e-03 -1.975433e-02 4.223139e-04 -4.848504e-02 -7.101170e-03
8.598543e+00 1.590975e-01 6.098495e-02 -3.463658e-02 -2.952812e-02 7.703294e-02 -6.143878e-04
8.645567e+00 1.885253e-01 5.728762e-01 2.758524e-02 -4.691513e-02 1.543909e-02 2.238299e-03
3.455934e+00 6.633525e-01 2.074546e-01 -7.898685e-03 -1.300904e-02 4.159743e-02 2.620868e-03
6.490853e+00 6.395071e-01 5.946212e-02 4.894169e-02 -4.460763e-03 4.797490e-02 1.288733e-03
3.373334e+00 3.635253e-01 -2.292878e-01 -3.045181e-02 3.340874e-02 5.296803e-02 -3.996864e-03
4.865299e+00 6.263407e-02 3.569395e-03 1.223469e-02 -8.815962e-03 1.546984e-01 9.331217e-05
2.700607e+00 8.355813e-02 8.540402e-02 -2.246012e-02 -7.956349e-02 7.784384e-02 2.187869e-03
1.588130e+00 -4.322616e-01 7.466222e-01 -9.400695e-02 -3.496163e-02 -2.024125e-02 2.538272e-03
9.631573e+00 9.098837e-02 3.831576e-01 1.847079e-02 -6.065388e-02 1.440346e-02 2.778639e-03
3.697068e+00 -3.378138e-01 9.900612e-02 3.174433e-02 -1.583710e-02 -5.403696e-02 2.332235e-03
7.675942e-01 -4.809783e-01 -3.731887e-01 -2.449712e-02 3.200148e-02 -4.124460e-02 5.786790e-03
1.113216e+00 5.897748e-01 5.908798e-01 2.171435e-02 -3.165043e-02 3.159125e-02 5.778627e-03
4.075961e+00 -5.239488e-01 2.525739e-02 5.436493e-03 -2.507882e-03 -5.202445e-02 -1.714155e-03
4.801490e+00 7.581468e-02 -8.640447e-01 -4.750530e-02 3.620654e-02 3.176904e-03 -1.670035e-03
4.654656e+00 7.729663e-02 3.544151e-02 -9.102268e-03 -5.912110e-02 1.289409e-01 -3.362388e-03
7.915615e+00 2.038637e-02 -1.356719e-01 1.873231e-02 9.867862e-02 1.482767e-02 -1.791221e-03
2.181605e+00 6.415006e-01 -6.791457e-01 -1.391035e-01 2.397313e-02 2.264430e-02 1.349170e-04
4.826874e+00 -3.353590e-01 -5.969954e-02 2.795294e-02 1.210515e-02 -6.800002e-02 -5.752875e-04
8.197947e+00 1.953087e-01 2.761961e-01 -8.823118e-03 -5.658185e-02 4.001117e-02 -1.181536e-03
6.446610e+00 6.592055e-01 -7.297180e-02 5.412374e-03 5.317805e-03 4.803946e-02 2.925212e-03
5.448037e+00 -7.477866e-01 3.132591e-01 8.147531e-02 -1.514603e-02 -3.615538e-02 -2.007972e-03
2.401018e+00 -1.142570e-01 -5.130048e-01 3.035495e-02 4.980060e-02 -1.109165e-02 1.572842e-03
9.650297e+00 -7.443043e-02 -1.978049e-01 2.117915e-02 7.982539e-02 -3.003686e-02 -1.949062e-03
8.730831e+00 -1.028881e-01 1.959362e-02 3.608416e-03 -2.239719e-02 -1.176099e-01 1.084456e-02
4.504976e+00 9.589024e-03 4.446830e-01 -9.618009e-03 -6.078434e-02 1.310737e-03 -1.713811e-03
7.036632e+00 5.636279e-02 3.000201e-01 -3.265186e-03 -6.556875e-02 1.231797e-02 -2.773899e-03
9.259035e+00 1.797773e-01 5.454805e-01 5.776228e-02 -4.940617e-02 1.628309e-02 -1.123694e-03
2.102030e+00 -2.519459e-01 -3.169882e-01 -2.827180e-02 4.398510e-02 -3.495987e-02 -6.930574e-05
4.401024e+00 2.177391e-01 2.980958e-01 -5.841084e-02 -4.364383e-02 3.187891e-02 -1.876007e-03
3.324078e+00 4.849251e-02 3.003747e-01 -6.066228e-03 -6.008122e-02 9.699516e-03 2.573759e-03
3.659481e+00 4.737955e-01 1.527175e-01 -5.405519e-02 -1.738453e-02 5.393431e-02 7.418168e-04
7.321118e+00 -4.687137e-01 -1.920605e-01 -3.245854e-02 2.114832e-02 -5.161137e-02 2.309378e-03
1.653207e+00 6.099685e-01 1.207064e-01 -1.151618e-02 -9.352431e-03 4.726086e-02 4.063314e-03
2.385655e+00 -5.235522e-01 1.056471e-01 -5.657003e-02 -9.393458e-03 -4.655090e-02 3.413364e-03
2.406295e+00 -2.429836e-01 -4.255218e-01 2.574897e-03 4.865741e-02 -2.778460e-02 -1.620045e-03
6.730995e+00 -5.642759e-01 2.729887e-01 -2.300948e-02 -1.960728e-02 -4.052884e-02 -3.014056e-03
5.872911e+00 -3.469468e-01 4.780373e-01 -1.782964e-02 -4.151064e-02 -3.012732e-02 1.559066e-03
4.025548e+00 -9.736904e-02 6.285995e-02 1.013240e-02 -6.108469e-02 -9.461920e-02 1.903884e-03
1.557625e+00 -7.005472e-01 4.944400e-02 -6.032690e-03 -3.471982e-03 -4.919276e-02 -3.706316e-03
6.430320e+00 -8.357705e-02 5.231961e-01 3.078770e-02 -5.490553e-02 -8.770788e-03 -1.752870e-03
8.126703e+00 -3.231204e-01 5.144489e-01 8.777946e-02 -4.289242e-02 -2.694031e-02 4.599308e-03
9.551027e+00 4.588770e-02 8.137666e-02 -8.041967e-03 -1.030937e-01 5.813381e-02 3.085427e-04
5.500641e+00 3.708399e-01 1.596960e-01 -7.197701e-02 -2.344147e-02 5.443489e-02 -9.873647e-04
1.448033e+00 -1.962137e-01 -2.420122e-01 4.930500e-02 5.453762e-02 -4.421691e-02 6.341894e-03
2.719692e+00 -6.738609e-02 8.316537e-01 5.070688e-02 -3.802810e-02 -3.081288e-03 1.270928e-03
6.310730e+00 -5.139188e-02 -5.029144e-01 5.716113e-02 5.786811e-02 -5.913434e-03 2.554437e-03
5.804137e+00 -3.455964e-02 -7.601595e-02 1.267802e-02 1.195355e-01 -5.434522e-02 7.899362e-03
7.141834e+00 1.526641e-01 1.164039e-01 6.396155e-03 -4.937446e-02 6.475476e-02 1.032730e-03
8.853934e+00 8.799696e-02 -2.182517e-01 -3.383707e-02 7.659292e-02 3.088152e-02 4.098759e-03
4.915744e+00 7.859340e-01 8.006959e-02 2.844428e-02 -4.161542e-03 4.084818e-02 2.123294e-03
1.168976e+00 3.809586e-01 -5.105856e-01 1.203707e-01 3.307740e-02 2.467974e-02 -4.893952e-04
4.067317e+00 -1.797307e-01 5.376172e-01 3.080839e-02 -4.424316e-02 -1.479092e-02 6.429238e-04
3.604535e+00 -2.729065e-01 -5.157571e-01 6.440637e-02 3.863101e-02 -2.044112e-02 -1.116785e-04
4.293033e+00 3.669382e-02 -4.090104e-01 3.648529e-02 5.342749e-02 4.793176e-03 -1.703425e-03
2.765641e+00 -6.392425e-01 -3.719325e-01 4.205969e-02 2.386413e-02 -4.101541e-02 2.385976e-03
8.260203e-01 -2.918435e-01 -2.504120e-01 4.189551e-02 3.582869e-02 -4.175666e-02 -1.307971e-03
7.165738e+00 1.959390e-01 4.453944e-02 5.780039e-03 -1.978188e-02 8.702493e-02 -1.884750e-03
5.622365e+00 2.072914e-02 1.414093e-01 5.994592e-03 -1.002003e-01 1.468832e-02 -4.315167e-03
9.619198e+00 -2.203891e-01 9.554430e-01 4.237490e-02 -3.596984e-02 -8.297053e-03 1.126750e-03
8.166508e+00 7.400516e-01 4.085772e-01 9.631570e-02 -1.831342e-02 3.317091e-02 -5.248820e-04
1.150845e+00 5.791500e-01 9.726881e-02 2.933700e-02 -7.346908e-03 4.374436e-02 -7.090526e-04
6.467189e+00 2.740890e-02 8.538306e-02 1.442494e-02 -1.032270e-01 3.313701e-02 -3.849499e-03
9.843407e+00 -1.842942e-01 -4.651589e-01 -4.530319e-02 4.691063e-02 -1.858582e-02 -3.358239e-03
5.172268e+00 -1.748132e-01 -2.413483e-02 -1.895820e-02 1.167241e-02 -8.454550e-02 -3.627316e-03
9.067453e+00 -1.266167e-01 -2.681047e-02 6.535068e-03 2.355243e-02 -1.112301e-01 -1.181364e-02
9.117655e-01 3.589075e-01 3.611198e-02 3.591711e-02 -6.622152e-03 6.581582e-02 -8.287317e-04
4.535056e+00 -1.571075e-02 3.769322e-01 4.791653e-02 -6.150946e-02 -2.563750e-03 5.186311e-03
6.200242e+00 -1.656157e-02 1.442454e-01 -4.347753e-03 -9.521747e-02 -1.093242e-02 -1.798656e-03
9.426144e+00 -1.671551e-01 -1.911701e-01 -4.524789e-03 4.858959e-02 -4.248571e-02 2.196758e-03
2.212609e+00 -1.473616e-01 3.316772e-01 -5.004013e-02 -5.899637e-02 -2.621163e-02 2.473132e-03
7.571201e+00 -3.587865e-01 -4.373526e-01 -7.625711e-04 3.618948e-02 -2.968840e-02 -1.178859e-03
2.330000e+00 -5.078904e-01 4.969453e-01 8.431703e-02 -2.784246e-02 -2.845568e-02 3.707934e-03
7.535912e+00 -6.138167e-01 4.700770e-01 -4.112919e-02 -2.468040e-02 -3.222715e-02 -3.584126e-03
3.127957e+00 -1.656240e-01 2.909707e-01 3.110698e-02 -4.798335e-02 -2.731270e-02 6.237634e-03
5.189927e+00 6.754837e-02 -3.506025e-03 3.125073e-03 8.153440e-03 1.570872e-01 2.000422e-03
5.233828e+00 -1.613003e-02 1.140437e-01 9.425637e-03 -1.151762e-01 -1.629019e-02 -7.997582e-03
8.374871e+00 -2.930814e-01 -4.779375e-01 7.175838e-02 4.313632e-02 -2.645210e-02 -3.513337e-03
2.237883e+00 6.168006e-01 -3.399908e-01 4.677413e-03 2.171041e-02 3.938634e-02 -1.260891e-03
1.114683e+00 1.146283e-01 -6.914073e-01 2.519397e-02 4.206053e-02 6.973211e-03 1.878154e-03
5.033668e+00 3.325053e-01 2.178037e-01 8.406161e-02 -3.300879e-02 5.039215e-02 -2.803607e-04
7.416357e+00 -2.746722e-01 -1.800040e-01 -2.745373e-02 3.084963e-02 -4.707415e-02 -2.284731e-03
3.613487e+00 -4.066144e-03 -9.754797e-04 -1.779010e-04 1.189623e-01 -4.958767e-01 -1.827384e-02
2.965688e+00 -8.427053e-02 -1.765135e-01 -2.378189e-02 7.025967e-02 -3.354316e-02 -1.963505e-03
8.351907e+00 1.936803e-01 -1.442118e-01 1.745829e-02 4.626761e-02 6.213862e-02 -6.658929e-04
1.487356e+00 -4.521175e-01 6.392052e-01 1.193326e-01 -3.348309e-02 -2.368300e-02 4.471210e-04
2.510359e+00 -2.812594e-01 -4.744857e-02 -8.268097e-03 1.066001e-02 -6.318903e-02 2.876524e-03
4.492897e+00 4.830485e-01 4.117153e-02 -5.819149e-02 -3.901070e-03 4.576963e-02 -5.282546e-04
5.449720e+00 -4.716315e-01 -1.421703e-01 -1.471686e-02 1.399971e-02 -4.644222e-02 5.465611e-03
5.449560e+00 -9.487300e-01 2.890776e-01 2.638041e-01 -9.718225e-03 -3.189445e-02 -1.720762e-03
8.767644e+00 9.382178e-02 3.246602e-01 1.344193e-02 -6.679878e-02 1.930381e-02 -4.138960e-03
9.726031e+00 -5.793073e-01 -6.341193e-01 1.459132e-02 2.862326e-02 -2.614912e-02 -4.359331e-03
2.405370e+00 -6.856968e-01 4.826716e-01 -6.967873e-03 -2.432514e-02 -3.455698e-02 -1.939757e-04
4.476762e+00 -5.020749e-02 1.910114e-01 -2.858750e-02 -8.660494e-02 -2.276418e-02 6.649373e-04
7.634861e+00 7.529801e-02 -4.160187e-02 -1.352798e-02 6.212277e-02 1.124402e-01 5.605507e-03
9.717463e+00 -1.788235e-01 1.204355e-02 9.366478e-03 -5.502959e-03 -8.170833e-02 -3.135512e-03
3.904200e+00 -1.330903e-01 -9.783662e-02 2.651146e-02 5.957320e-02 -8.103934e-02 3.595378e-03
4.237241e+00 -5.769684e-01 2.333338e-02 5.081996e-02 -1.818243e-03 -4.495998e-02 -2.793379e-03
2.089726e+00 7.824008e-01 4.534752e-01 1.174011e-01 -2.001752e-02 3.453711e-02 -8.869900e-04
3.508939e+00 -8.531718e-01 -1.335250e-01 -7.245810e-02 5.586511e-03 -3.569559e-02 1.129393e-04
5.065196e+00 -9.401091e-02 -7.005945e-01 -1.097932e-02 4.551478e-02 -6.107508e-03 -2.321631e-03
9.963886e+00 7.567664e-02 9.427765e-02 -7.728587e-03 -8.298933e-02 6.661550e-02 -1.082986e-03
5.336874e+00 6.249152e-01 -2.840037e-01 6.946065e-03 2.058647e-02 4.529799e-02 -1.346230e-03
9.892928e+00 -4.008473e-02 7.038161e-02 1.212506e-03 -1.132285e-01 -6.448752e-02 -6.771731e-03
1.023972e+00 4.124134e-01 8.965781e-02 -2.280715e-02 -1.303392e-02 5.995419e-02 2.821416e-03
2.639265e+00 4.753312e-02 5.920208e-02 -1.139805e-03 -9.434346e-02 7.574800e-02 -1.950764e-03
7.476868e+00 6.683056e-01 -4.025881e-02 4.696621e-03 2.370659e-03 3.935348e-02 2.003765e-03
7.760131e+00 -8.522279e-01 2.336543e-01 6.052229e-02 -1.103284e-02 -4.024104e-02 -2.403979e-03
8.263028e+00 -3.264460e-01 -3.557208e-01 6.192124e-02 4.140353e-02 -3.799614e-02 4.028043e-04
3.612807e+00 4.132164e-01 -6.376809e-01 -5.168959e-02 3.966650e-02 2.570384e-02 1.559590e-03
2.985982e+00 -5.845841e-01 3.581949e-01 -7.652704e-03 -2.236269e-02 -3.649654e-02 -2.635680e-03
6.256689e+00 -1.960240e-01 -3.997187e-02 -2.245465e-02 1.769017e-02 -8.675343e-02 6.426041e-03
1.662898e+00 3.919469e-01 3.576464e-01 7.190993e-02 -3.089350e-02 3.385637e-02 4.942275e-03
5.335504e+00 -8.628836e-01 -2.925845e-01 1.623236e-01 1.348618e-02 -3.977314e-02 -5.662017e-04
1.704417e+00 -4.387052e-01 -8.256685e-01 -1.746839e-02 3.764453e-02 -2.000179e-02 7.862738e-04
9.282158e+00 5.034493e-01 5.752693e-01 1.654512e-01 -3.501685e-02 3.064514e-02 -1.127960e-03
4.687969e+00 4.308627e-01 2.132136e-01 -8.960634e-02 -2.553521e-02 5.160164e-02 -3.558851e-03
2.587855e+00 -2.687462e-03 -5.304240e-03 1.022632e-03 3.742089e-01 -1.895978e-01 1.527102e-02
6.562250e+00 -8.569831e-02 3.404670e-01 2.510483e-03 -6.373288e-02 -1.604208e-02 -9.597210e-05
3.420458e+00 1.045862e-01 -6.523196e-02 -2.857714e-02 5.313833e-02 8.519653e-02 -3.436177e-03
3.627556e+00 -6.090867e-01 -5.459618e-02 -5.247389e-02 3.814055e-03 -4.255042e-02 -1.689237e-03
3.669452e+00 2.235249e-02 -1.980664e-02 -2.993402e-03 1.260330e-01 1.422326e-01 -5.980638e-03
3.627076e+00 9.536672e-02 8.370203e-02 1.401836e-02 -7.109567e-02 8.100353e-02 -1.744127e-03
2.588294e+00 1.411177e-02 3.897686e-01 -6.036687e-02 -6.434224e-02 2.329543e-03 3.189749e-04
9.727487e+00 1.639043e-02 -4.592157e-01 -1.266515e-02 5.674973e-02 2.025524e-03 -7.717011e-04
2.528933e+00 -9.136301e-01 4.011706e-01 -2.380964e-02 -1.350935e-02 -3.076635e-02 2.382821e-03
3.512779e+00 4.503801e-01 2.218949e-01 -8.746375e-02 -2.069307e-02 4.200073e-02 -3.933327e-03
8.147432e+00 8.292039e-02 1.307102e-01 5.111550e-03 -6.874211e-02 4.360887e-02 -1.808213e-03
2.235359e+00 1.863232e-02 -3.857575e-03 -3.256181e-03 4.848753e-02 2.341978e-01 2.652520e-03
6.576333e+00 2.206913e-01 7.561849e-01 3.370774e-02 -4.059804e-02 1.184847e-02 -1.634171e-03
5.008931e-01 7.948031e-01 -1.243842e-01 -6.479821e-02 6.867844e-03 4.388487e-02 9.137497e-04
1.315309e+00 -4.120436e-01 -2.007092e-01 1.323434e-02 2.552220e-02 -5.239550e-02 2.052689e-03
8.594483e-01 -4.127591e-01 1.464782e-02 2.206805e-02 -1.807639e-03 -5.093723e-02 1.985026e-03
1.203958e+00 -1.966927e-02 1.404564e-02 -2.285506e-03 -1.363658e-01 -1.909643e-01 5.829255e-03
8.312730e+00 -9.231242e-01 -1.586424e-01 8.756484e-02 7.268855e-03 -4.229672e-02 -2.923609e-03
6.975120e+00 -7.364483e-01 1.231865e-01 5.331916e-02 -7.498156e-03 -4.482637e-02 3.487083e-03
2.312041e+00 2.325406e-01 -1.651468e-01 3.265322e-02 4.255731e-02 5.992428e-02 -9.108262e-04
4.297891e+00 1.645699e-01 1.266102e-01 1.384090e-02 -5.361380e-02 6.968800e-02 1.007517e-03
1.538865e+00 -7.597936e-01 -1.989151e-01 -6.603207e-02 1.086169e-02 -4.148828e-02 -2.325935e-04
8.421173e+00 3.776620e-01 -9.726107e-02 -7.475696e-02 1.569224e-02 6.093254e-02 -2.794843e-03
3.248845e+00 -8.273074e-01 -3.575378e-01 -7.513025e-02 1.360621e-02 -3.148342e-02 4.547989e-04
5.985685e+00 -8.860623e-01 -6.143063e-02 1.440503e-01 2.682798e-03 -3.869610e-02 2.513010e-03
4.758052e+00 -3.827103e-01 -3.374646e-01 3.665134e-03 3.813581e-02 -4.324889e-02 -3.896266e-03
2.758197e+00 -2.534768e-01 4.583521e-01 -1.733624e-02 -4.255483e-02 -2.353357e-02 -3.433789e-03
4.554633e+00 1.513270e-01 7.811716e-01 -1.147890e-02 -4.314659e-02 8.358273e-03 -5.630065e-04
6.754764e+00 -5.031714e-01 4.548106e-01 -1.590722e-02 -3.027662e-02 -3.349598e-02 -2.486775e-03
6.993106e+00 7.998282e-01 1.406824e-01 -1.771299e-03 -7.519382e-03 4.275028e-02 -2.927884e-04
4.548729e+00 2.815350e-01 3.874191e-01 -6.778129e-02 -4.136908e-02 3.006265e-02 -1.467866e-03
5.907284e+00 7.352113e-02 8.589926e-01 -9.272016e-03 -3.657459e-02 3.130417e-03 -1.121684e-03
3.370038e+00 -4.276425e-02 -3.776713e-01 5.049934e-02 5.238397e-02 -5.931512e-03 -6.981742e-04
6.810329e+00 3.027136e-01 -2.638831e-01 1.394996e-02 3.809814e-02 4.370429e-02 -8.300399e-03
3.631239e+00 -2.528852e-01 -2.605861e-01 -1.975097e-02 4.025986e-02 -3.907008e-02 4.164055e-04
7.095046e+00 -3.794531e-01 7.739124e-01 1.065793e-01 -3.453050e-02 -1.693047e-02 5.350842e-03
