8.738092e+09 0.000000e+00 0.000000e+00 0.000000e+00 0.000000e+00 0.000000e+00 0.000000e+00
3.871097e+00 -6.564541e-01 -3.621409e-01 -2.952283e-03 2.596571e-02 -4.706813e-02 3.652847e-03
1.793366e+00 -3.441988e-02 4.929915e-02 2.720575e-03 -1.530629e-01 -1.068661e-01 -4.319152e-03
6.291206e+00 1.439584e-01 -1.083255e-01 -1.413915e-02 5.275228e-02 7.010479e-02 8.404649e-04
7.681674e+00 5.350283e-01 -2.115940e-01 6.685444e-02 1.844217e-02 4.663214e-02 -3.339804e-04
3.042952e+00 5.379386e-01 4.468976e-01 9.176033e-02 -3.000535e-02 3.611798e-02 -9.846296e-04
2.692266e+00 7.541527e-01 5.029405e-01 -3.510432e-02 -2.416294e-02 3.623201e-02 -2.143302e-03
6.861590e+00 -7.174918e-02 -4.543009e-02 -6.165398e-03 7.973465e-02 -1.259275e-01 -9.331870e-04
2.746696e+00 -3.463061e-02 -2.399985e-01 -4.635617e-03 8.822088e-02 -1.272984e-02 -7.328679e-03
3.534377e+00 -2.203425e-01 5.666112e-02 -2.939230e-03 -2.506780e-02 -9.748309e-02 -4.292124e-03
2.144207e+00 1.749604e-03 4.702686e-02 -5.348586e-03 -1.744058e-01 6.488656e-03 9.812693e-03
6.368400e+00 -7.539986e-01 -5.734851e-01 -1.381021e-02 2.731899e-02 -3.591807e-02 2.637478e-04
6.995039e+00 1.479466e-01 -5.099138e-01 -4.887115e-02 5.855265e-02 1.698848e-02 -3.128411e-03
6.123038e+00 8.163306e-02 -1.456990e-01 1.807820e-02 8.921041e-02 4.998331e-02 -1.965854e-03
4.771639e+00 8.509211e-02 -4.056105e-01 -5.300608e-02 7.016287e-02 1.471931e-02 4.289143e-03
5.530229e+00 1.674784e-01 -4.639197e-01 1.058524e-04 5.837588e-02 2.107412e-02 -3.613747e-03
3.897986e+00 -4.469838e-01 8.678667e-01 6.330295e-03 -4.204214e-02 -2.165327e-02 -1.878404e-03
4.584052e+00 6.109334e-02 -9.018364e-02 1.172980e-02 9.855303e-02 6.676304e-02 7.401186e-04
8.519104e+00 3.670916e-01 6.969453e-01 -9.217535e-02 -4.576960e-02 2.410754e-02 -2.334872e-03
4.280777e+00 -5.834358e-01 -4.631797e-01 -8.236168e-03 3.271321e-02 -4.120660e-02 1.440628e-03
3.040097e+00 5.847647e-01 -7.610110e-02 4.531959e-02 7.109472e-03 5.462954e-02 1.573393e-04
2.813555e+00 -5.813543e-01 6.887539e-01 6.224605e-02 -3.160023e-02 -2.667271e-02 1.972447e-03
7.254766e+00 -5.272682e-01 -5.564773e-01 7.221253e-02 3.594570e-02 -3.405894e-02 -1.194643e-03
5.106615e+00 5.937568e-01 -2.231120e-01 -1.229613e-01 2.089603e-02 5.560955e-02 -7.822844e-04
6.297433e+00 4.664652e-01 6.565177e-02 1.020484e-02 -7.988651e-03 5.676051e-02 -1.427903e-03
8.344669e-01 8.049234e-01 4.341973e-01 3.966229e-03 -1.899745e-02 3.521785e-02 -1.760157e-04
1.414892e+00 4.332633e-01 -7.762556e-01 -6.488881e-02 4.351725e-02 2.428894e-02 2.021170e-03
8.953181e+00 4.800705e-01 -7.225980e-01 -1.076564e-01 3.311054e-02 2.199756e-02 -1.137963e-04
2.456852e+00 -5.722520e-01 1.751298e-01 4.035198e-02 -1.625510e-02 -5.311495e-02 -2.500643e-03
5.893198e+00 1.599801e-01 6.978702e-01 5.752389e-03 -4.608914e-02 1.056549e-02 -2.363619e-04
4.013503e+00 -6.808575e-01 -6.970030e-01 -6.837645e-02 2.811827e-02 -2.746693e-02 -1.152895e-03
2.510621e+00 4.202880e-01 -1.777194e-01 1.893272e-02 2.305893e-02 5.453199e-02 -1.758150e-03
4.964061e+00 5.860526e-01 7.423726e-03 -1.283768e-01 -7.270035e-04 5.739197e-02 -2.221180e-03
4.503805e+00 4.179627e-02 -9.802214e-02 6.215114e-03 1.353447e-01 5.771045e-02 -1.591451e-03
9.308681e+00 -2.156928e-01 2.781474e-01 -1.211268e-02 -5.914063e-02 -4.586133e-02 6.494006e-04
9.310924e-01 5.046509e-01 2.699561e-01 1.014465e-02 -2.887811e-02 5.398420e-02 2.113084e-03
7.778319e+00 5.327510e-01 1.927190e-01 -5.256984e-02 -2.005394e-02 5.543697e-02 1.824784e-03
3.955078e+00 3.850411e-01 -7.264313e-01 3.632360e-02 4.340723e-02 2.300777e-02 -5.087552e-03
6.340616e+00 7.776335e-01 2.337872e-01 -8.461314e-02 -1.417336e-02 4.714407e-02 -2.309734e-04
6.570753e+00 -6.178276e-01 3.611553e-02 -1.131206e-02 -3.404483e-03 -5.824042e-02 -3.267945e-03
3.086958e+00 -1.103612e-01 -4.896426e-01 -8.680259e-02 5.191328e-02 -1.170080e-02 1.935484e-03
4.059007e+00 3.329404e-01 -7.246776e-01 3.574546e-02 4.276648e-02 1.964831e-02 1.225735e-04
5.641027e+00 -4.838529e-01 2.416743e-01 -2.359405e-02 -2.894580e-02 -5.795202e-02 -3.443484e-03
6.235217e+00 -8.015514e-01 -1.274999e-01 -1.412824e-02 6.572467e-03 -4.131902e-02 3.173058e-03
6.707696e+00 3.239764e-01 -7.313580e-01 -7.111953e-02 4.711039e-02 2.086892e-02 3.138586e-03
6.014498e-01 -6.292089e-01 -5.462443e-01 -3.161951e-02 3.046033e-02 -3.508670e-02 -1.775508e-03
3.886950e+00 -7.143724e-01 -4.707280e-02 7.155830e-02 3.019082e-03 -4.581730e-02 1.024523e-03
2.874034e+00 -4.596912e-01 -4.071107e-01 4.738278e-02 3.623364e-02 -4.091341e-02 -2.639254e-04
9.834048e+00 4.083277e-01 4.503438e-01 1.571198e-02 -3.542651e-02 3.212129e-02 1.090692e-03
7.035984e+00 -4.222486e-01 -2.151907e-01 2.875278e-02 2.515636e-02 -4.936198e-02 -9.479384e-04
6.664025e+00 7.830781e-01 -1.982353e-01 -1.557424e-02 1.214015e-02 4.795660e-02 2.649538e-03
2.171162e+00 5.108796e-02 1.168784e-01 2.143839e-03 -1.152375e-01 5.037074e-02 -8.383140e-03
6.252193e+00 1.092472e-01 3.682194e-01 -2.912819e-02 -6.864952e-02 2.036766e-02 2.975286e-03
9.391863e+00 -3.541108e-01 -3.904296e-01 6.701074e-02 4.200560e-02 -3.809813e-02 3.250984e-03
3.440555e+00 6.872322e-01 1.614312e-01 2.607439e-02 -1.236877e-02 5.265535e-02 -1.194134e-03
9.967570e+00 -3.563088e-02 4.087547e-02 -1.369202e-03 -1.300650e-01 -1.133768e-01 1.112446e-02
3.896111e+00 -4.969653e-02 2.601106e-02 -4.771103e-03 -9.219403e-02 -1.761452e-01 1.126848e-02
8.476326e+00 -7.461828e-01 -8.145471e-02 -2.985878e-02 5.352465e-03 -4.903236e-02 -2.471714e-03
9.411326e+00 -8.088101e-01 2.711073e-01 2.990062e-02 -1.634438e-02 -4.876114e-02 -9.722552e-04
5.045020e+00 -1.930188e-01 3.459940e-01 6.826817e-02 -5.916608e-02 -3.300683e-02 2.347498e-04
8.980908e+00 5.510624e-01 5.452062e-02 -7.646303e-02 -4.990938e-03 5.044547e-02 -5.138088e-04
3.724709e+00 -9.601776e-03 1.366201e-01 2.807605e-02 -1.032549e-01 -7.256842e-03 -1.087996e-03
3.235002e+00 -1.808096e-02 -2.618286e-01 1.942011e-02 8.641172e-02 -5.967289e-03 5.516052e-03
4.705187e+00 -1.691340e-02 -7.271857e-03 -1.471602e-03 1.315419e-01 -3.059493e-01 -2.078698e-02
2.669326e+00 -7.673397e-02 4.224246e-01 -1.576176e-02 -6.625314e-02 -1.203497e-02 2.471883e-03
5.624066e+00 2.998549e-02 -3.019441e-02 1.381339e-03 1.567364e-01 1.556519e-01 3.338115e-03
3.091722e+00 2.984837e-01 -9.031182e-01 -2.623462e-02 4.553370e-02 1.504905e-02 1.872944e-03
8.639656e+00 -3.971541e-01 8.218095e-01 -7.208617e-02 -4.064705e-02 -1.964341e-02 -3.708654e-03
5.806090e+00 8.763494e-02 -4.785475e-01 -1.182458e-01 6.234429e-02 1.141692e-02 -9.214010e-05
3.381832e+00 -1.112270e-01 9.116156e-02 -3.674399e-04 -7.632822e-02 -9.312872e-02 -3.111747e-03
9.554407e+00 1.646054e-01 7.989760e-02 2.705380e-02 -3.993102e-02 8.226609e-02 -8.272455e-03
1.620887e+00 1.490691e-01 4.014507e-01 -3.404396e-02 -6.464488e-02 2.400433e-02 -5.442227e-03
2.126287e+00 2.703311e-02 6.950280e-02 1.890665e-03 -1.629076e-01 6.336291e-02 -9.849784e-03
2.513832e+00 -1.252069e-01 -6.006778e-01 -7.919756e-02 5.228781e-02 -1.089901e-02 -2.496810e-03
1.010518e+00 -3.568383e-02 2.623799e-01 -2.064575e-02 -8.175188e-02 -1.111831e-02 4.411037e-03
3.314744e+00 5.020467e-01 2.926204e-01 6.577909e-02 -2.878110e-02 4.937952e-02 -2.484633e-03
7.695771e+00 4.843769e-01 1.230902e-01 1.647111e-02 -1.598403e-02 6.289937e-02 -2.875327e-03
6.129473e+00 -5.974534e-02 1.481703e-01 1.219070e-02 -9.892932e-02 -3.989037e-02 -3.868700e-03
9.817753e+00 -4.329087e-01 3.914803e-01 1.840297e-04 -3.524310e-02 -3.897271e-02 3.879845e-03
8.824649e+00 -1.308868e-01 -2.431344e-03 -2.229773e-03 2.203818e-03 -1.186384e-01 -5.550117e-03
6.654270e+00 -7.925719e-03 -1.847709e-01 -2.077339e-03 9.873600e-02 -4.235265e-03 -1.768233e-03
1.415146e+00 -7.430288e-01 -4.999126e-01 5.086095e-02 2.743119e-02 -4.077145e-02 -1.626010e-03
9.724281e+00 7.256724e-01 6.437353e-01 1.960275e-02 -2.606260e-02 2.937995e-02 -2.303530e-03
4.984626e+00 -1.109368e-01 4.423191e-01 2.544381e-02 -6.473330e-02 -1.623558e-02 -1.964929e-03
1.448590e+00 1.739701e-01 -1.601565e-01 1.307307e-02 5.869441e-02 6.375684e-02 2.133139e-03
6.631016e+00 3.648930e-02 -1.918300e-01 -1.454131e-02 9.548465e-02 1.816279e-02 3.899466e-04
7.099593e+00 -1.785513e-01 -2.668453e-02 -2.092340e-02 1.488278e-02 -9.958350e-02 3.488811e-03
8.852350e+00 -2.388645e-01 -4.677816e-01 -1.130124e-03 5.324982e-02 -2.719110e-02 -1.227858e-04
6.313512e+00 5.728759e-02 -4.702882e-02 -1.491097e-02 1.027570e-01 1.251722e-01 -8.810684e-03
2.220111e+00 8.515822e-01 -4.152176e-01 -4.051303e-02 1.969374e-02 4.039047e-02 2.267341e-03
3.000963e+00 -3.903030e-01 -5.406412e-01 2.436539e-02 4.546251e-02 -3.282057e-02 -4.000304e-03
4.140591e+00 -4.603059e-02 9.616713e-03 -2.114031e-03 -4.196969e-02 -2.008888e-01 1.081043e-02
2.305874e+00 4.547786e-01 4.765140e-01 -6.327544e-02 -3.379106e-02 3.224974e-02 -2.272204e-03
2.577152e+00 5.814486e-01 7.178034e-01 2.268036e-02 -3.730863e-02 3.022143e-02 3.697343e-04
3.560704e+00 -5.838097e-01 -3.441574e-01 8.112411e-02 2.557577e-02 -4.338533e-02 -3.784093e-03
5.457591e+00 -1.643014e-01 -6.877385e-01 -1.199065e-01 4.813213e-02 -1.149881e-02 -3.798586e-03
7.470361e+00 5.179669e-02 3.994509e-01 3.778079e-02 -7.445139e-02 9.654092e-03 1.997837e-03
4.753509e+00 2.113405e-02 -4.073145e-01 3.377830e-02 6.842676e-02 3.550413e-03 -2.284625e-03
8.381147e+00 2.536931e-01 -3.544766e-01 -3.628612e-02 5.666829e-02 4.055658e-02 -7.325440e-04
8.701385e+00 -5.630364e-01 4.756320e-01 -1.659961e-02 -3.438504e-02 -4.070380e-02 -6.566821e-04
7.197572e+00 2.283611e-01 -3.877124e-01 2.027125e-02 4.835340e-02 2.847997e-02 -5.340720e-04
2.373230e+00 2.367181e-02 -1.659569e-02 -1.638671e-03 1.458398e-01 2.080234e-01 5.296906e-03
7.168488e-01 -2.081202e-01 -3.774035e-01 8.344494e-03 5.570748e-02 -3.072005e-02 1.557881e-03
6.934871e+00 1.085272e-01 -1.243813e-01 -3.570198e-02 8.751724e-02 7.636194e-02 1.035689e-03
6.203783e+00 -5.142585e-01 -2.773076e-01 9.655427e-03 2.598498e-02 -4.818835e-02 3.245570e-03
5.334252e+00 -7.299949e-01 -6.219100e-01 4.737449e-02 2.989230e-02 -3.508743e-02 -3.019484e-04
3.560517e+00 -3.314272e-03 -7.124496e-03 -1.444256e-04 3.982847e-01 -1.852797e-01 2.218655e-02
4.447356e+00 -1.817562e-01 -1.752579e-01 -2.559030e-02 5.485511e-02 -5.688905e-02 1.878820e-03
5.976737e+00 1.303839e-01 4.778115e-02 -1.587791e-02 -4.267890e-02 1.164611e-01 5.267422e-03
8.487307e-01 -4.454214e-01 -8.650780e-01 -2.497069e-02 3.624080e-02 -1.866008e-02 -8.721845e-04
3.439445e+00 -2.667586e-01 -1.491798e-01 3.151546e-02 3.812161e-02 -6.816786e-02 -6.630239e-03
8.653932e+00 1.063813e-01 1.758243e-02 3.576689e-04 -2.119695e-02 1.282508e-01 8.224153e-03
7.794008e+00 1.314392e-01 -6.613257e-02 -7.493734e-03 5.632240e-02 1.119414e-01 -3.208467e-03
7.099177e+00 -2.111083e-01 2.658537e-01 -5.584393e-02 -6.181900e-02 -4.908904e-02 1.102683e-03
5.449695e+00 -3.964183e-01 5.864127e-01 4.498282e-02 -3.769100e-02 -2.547933e-02 3.227490e-03
6.913443e+00 -8.393163e-01 -3.716798e-01 1.437050e-01 1.628676e-02 -3.677829e-02 2.715675e-03
5.960313e+00 2.067694e-01 -4.739915e-01 4.330517e-02 5.894648e-02 2.571423e-02 -4.177382e-04
8.825819e+00 -2.547584e-01 -8.316475e-02 2.133182e-02 2.303177e-02 -7.055318e-02 -2.114946e-03
9.988557e-01 -4.480208e-01 -1.908983e-01 8.545993e-03 2.335842e-02 -5.482008e-02 9.838606e-04
2.836034e+00 -1.491042e-02 -8.994567e-02 3.127510e-04 1.224367e-01 -2.029651e-02 -3.476446e-03
3.537187e+00 5.036746e-02 -1.160113e-01 1.506056e-02 1.021859e-01 4.436501e-02 -5.958584e-03
4.924459e+00 6.105347e-01 -3.350094e-01 -7.855217e-02 2.522073e-02 4.596327e-02 5.380645e-04
9.965234e+00 -8.000081e-01 4.065412e-02 -3.403670e-03 -2.700869e-03 -5.314879e-02 -9.165605e-04
7.495319e+00 4.343742e-01 -6.966611e-01 -9.682470e-03 4.171009e-02 2.600660e-02 1.960048e-03
6.622330e+00 -1.985271e-02 2.373525e-01 -2.809738e-02 -8.700943e-02 -7.277669e-03 8.217007e-04
7.741962e+00 -3.865940e-02 7.868434e-02 8.152925e-03 -1.442721e-01 -7.088415e-02 -6.479260e-03
8.362507e+00 -3.680863e-02 2.231627e-01 1.432720e-02 -9.607118e-02 -1.584606e-02 6.219524e-03
6.649227e+00 1.344558e-01 1.057112e-01 -1.415260e-02 -6.800653e-02 8.649866e-02 7.620237e-03
5.425116e+00 -7.030112e-01 -5.789136e-01 -8.018373e-02 2.543940e-02 -3.089266e-02 -2.863468e-03
7.507279e+00 1.682956e-01 -4.153859e-01 9.944579e-02 6.137989e-02 2.486835e-02 4.470832e-03
1.344769e+00 -1.878900e-01 4.839390e-02 -2.511340e-02 -2.299175e-02 -8.926576e-02 2.582752e-03
4.258611e+00 -1.939022e-02 -5.891057e-01 2.995704e-02 6.218041e-02 -2.046648e-03 1.066462e-03
1.053402e+00 5.452360e-01 7.854801e-01 1.625181e-02 -3.408515e-02 2.365999e-02 3.655599e-03
5.298527e+00 -4.622294e-01 -3.475033e-01 8.747580e-02 3.612490e-02 -4.805132e-02 -3.901222e-04
1.313318e+00 4.737735e-01 -2.467194e-01 8.109853e-02 2.998792e-02 5.758558e-02 4.717043e-03
5.115039e+00 -6.432742e-02 -9.876363e-01 1.588425e-01 4.504664e-02 -2.934009e-03 1.365213e-04
3.529788e+00 1.841322e-01 2.898676e-01 1.347973e-02 -5.613498e-02 3.565854e-02 1.392181e-03
3.977632e+00 -8.196608e-02 -5.266619e-01 -3.290377e-02 5.871063e-02 -9.137324e-03 -1.381491e-04
7.475542e+00 5.594879e-01 -2.386597e-02 -3.910424e-03 2.576397e-03 6.039825e-02 -3.666350e-05
3.576912e+00 -3.034518e-03 -3.626215e-01 -1.563374e-02 7.163034e-02 -5.994227e-04 2.384824e-03
2.227859e+00 9.520978e-02 6.046187e-01 1.189250e-01 -5.551304e-02 8.741682e-03 -3.897316e-03
6.646045e+00 1.688241e-01 4.837297e-01 8.571330e-02 -5.328548e-02 1.859690e-02 -8.692553e-05
5.323399e+00 -2.318555e-02 5.742010e-01 4.095588e-02 -6.013123e-02 -2.428027e-03 -1.089933e-03
5.246288e+00 -2.721081e-01 3.408634e-01 2.774284e-02 -5.077591e-02 -4.053394e-02 -2.852740e-03
7.908012e+00 -1.167596e-01 6.253574e-01 -2.820262e-02 -5.394597e-02 -1.007218e-02 -4.357555e-04
9.498816e+00 3.545118e-01 6.502908e-01 -1.014492e-01 -3.937591e-02 2.146612e-02 2.438341e-03
5.176338e+00 2.831810e-01 -3.030428e-02 5.841940e-03 8.418995e-03 7.867203e-02 3.155967e-03
3.805097e+00 2.359537e-01 -6.436637e-01 1.127800e-02 4.368019e-02 1.601224e-02 3.115741e-03
1.234263e+00 5.485762e-01 -7.088648e-01 -6.801558e-03 3.676705e-02 2.845328e-02 -1.252142e-03
9.405703e+00 -5.650637e-01 2.215955e-03 2.955693e-02 -1.972495e-04 -5.029819e-02 -3.718933e-03
1.265996e+00 3.632855e-02 1.909126e-02 -9.999956e-04 -1.050362e-01 1.998722e-01 9.852683e-03
6.501089e+00 1.394514e-02 2.688783e-03 1.638505e-03 -7.503556e-02 3.891654e-01 -1.319423e-02
8.203626e+00 5.207642e-01 -8.396278e-01 1.334996e-01 3.687430e-02 2.287063e-02 3.755644e-03
5.213330e+00 -4.651776e-02 8.935086e-02 3.011482e-03 -1.328787e-01 -6.917916e-02 9.334392e-03
4.106478e+00 6.322039e-01 -4.777491e-01 5.322794e-02 3.021525e-02 3.998376e-02 1.954323e-03
4.380165e+00 -5.809841e-01 -3.824771e-01 -9.607275e-02 2.569116e-02 -3.902497e-02 -1.272943e-03
6.208701e+00 1.729385e-01 1.409139e-01 3.078279e-02 -6.077787e-02 7.459047e-02 6.513045e-03
4.560053e+00 -7.888356e-01 -1.094553e-01 -3.809325e-02 7.328341e-03 -5.281478e-02 -1.848120e-03
9.713981e+00 -6.790288e-01 6.121606e-01 -1.143603e-01 -2.593857e-02 -2.877191e-02 -2.771304e-04
1.033891e+00 -4.849371e-03 -2.047497e-01 8.973010e-03 9.318500e-02 -2.207030e-03 -2.234575e-03
5.498188e+00 -5.160084e-01 3.407049e-01 -5.967969e-03 -3.047853e-02 -4.616069e-02 1.521714e-03
7.705105e+00 3.066458e-01 3.498187e-01 3.418562e-02 -4.987262e-02 4.371759e-02 6.083367e-03
5.920879e+00 -2.244591e-01 5.220726e-01 -9.766919e-02 -5.230214e-02 -2.248671e-02 -4.012578e-03
1.495254e+00 -1.102483e-01 5.347310e-02 -9.195731e-03 -5.824845e-02 -1.200938e-01 5.651495e-03
8.578564e+00 -1.060621e-02 -1.998321e-01 -7.614558e-03 1.054277e-01 -5.595641e-03 2.007415e-03
3.850396e+00 -4.320215e-01 5.690149e-01 -2.336056e-02 -3.682494e-02 -2.795913e-02 -2.319505e-03
7.073375e+00 1.119983e-01 5.640993e-02 1.006544e-02 -5.136533e-02 1.019826e-01 -6.650367e-04
5.982058e+00 -9.376785e-02 -1.387163e-01 2.427001e-04 9.361169e-02 -6.327855e-02 -3.620956e-03
3.281381e+00 1.084911e-01 -8.971340e-02 -1.997302e-02 8.114790e-02 9.813276e-02 -4.213280e-04
3.730385e+00 1.150108e-01 9.440538e-01 -2.573747e-02 -4.790039e-02 5.835539e-03 1.210795e-04
2.640500e+00 1.318550e-04 -3.800368e-02 -8.068912e-04 1.920842e-01 6.664423e-04 8.840716e-03
9.455545e+00 -2.227188e-01 2.573430e-01 -3.795880e-02 -5.384272e-02 -4.659845e-02 1.473425e-03
9.598119e+00 1.810996e-01 -3.497871e-01 -2.745360e-02 6.677553e-02 3.457252e-02 4.076403e-03
5.940379e+00 -8.659772e-02 -3.969171e-01 4.892349e-02 6.703261e-02 -1.462490e-02 4.866570e-03
8.951861e+00 -7.528750e-01 2.614059e-03 -3.956830e-02 -1.566617e-04 -4.512013e-02 1.779680e-03
3.208998e+00 4.120512e-01 -3.425729e-01 5.137198e-02 3.328936e-02 4.004088e-02 2.101178e-03
2.859889e+00 -4.113148e-01 5.185786e-01 2.189668e-02 -3.933172e-02 -3.119627e-02 -2.756029e-03
5.471394e+00 1.704424e-01 -1.542357e-02 2.740484e-04 8.258488e-03 9.126266e-02 5.889662e-03
6.158249e+00 6.198418e-01 -2.786523e-01 -1.086695e-02 2.091265e-02 4.651867e-02 -1.425073e-04
4.727124e+00 5.512493e-02 -9.059537e-02 1.204193e-02 1.173930e-01 7.143058e-02 -9.658348e-03
6.966563e+00 1.304225e-01 -1.783330e-05 1.067425e-02 1.686322e-05 1.233278e-01 8.807444e-03
1.313083e+00 4.809140e-01 -5.583238e-01 1.432220e-01 3.260645e-02 2.808566e-02 7.068365e-04
3.875071e+00 3.325360e-01 -3.487039e-03 5.672628e-02 7.601519e-04 7.249069e-02 -3.862462e-03
2.813141e+00 -4.132346e-01 -5.371295e-01 1.696884e-02 4.133285e-02 -3.179897e-02 2.429858e-03
7.210894e+00 4.740274e-01 2.056010e-01 -1.672225e-02 -2.461803e-02 5.675858e-02 1.731728e-03
9.696039e+00 -7.900392e-01 -1.448291e-02 9.066852e-02 8.365230e-04 -4.563211e-02 -2.352818e-03
8.563707e+00 -8.681723e-01 1.060503e-01 -4.160837e-02 -5.623853e-03 -4.603924e-02 -2.585139e-03
2.148722e+00 4.029231e-01 -7.355046e-01 -3.658759e-02 4.492362e-02 2.461000e-02 2.946737e-04
6.591296e+00 6.364693e-01 4.764362e-02 3.184632e-02 -4.348225e-03 5.808777e-02 2.166467e-03
9.230803e+00 -3.247445e-01 5.293828e-02 -2.257712e-02 -1.070120e-02 -6.564543e-02 2.796666e-04
5.464843e+00 -4.470038e-01 2.748831e-01 1.185939e-03 -3.063264e-02 -4.981355e-02 1.861902e-03
3.181285e+00 -5.318030e-02 2.978076e-01 7.338983e-03 -8.259134e-02 -1.474856e-02 2.787751e-04
6.333703e-01 -1.082203e-01 3.573105e-01 -1.379616e-02 -7.365567e-02 -2.230844e-02 8.553760e-03
2.744378e+00 2.927362e-01 -8.157770e-01 4.474203e-02 4.471737e-02 1.604654e-02 -1.993286e-05
8.508538e+00 2.078059e-02 3.552428e-02 -9.566710e-03 -1.617251e-01 9.460407e-02 1.946012e-04
3.632805e+00 2.637858e-01 1.209143e-01 3.529915e-02 -3.358762e-02 7.327451e-02 6.828156e-03
3.080074e+00 -7.418919e-02 -2.127022e-02 -6.990405e-03 3.800028e-02 -1.325426e-01 4.594075e-03
6.471849e+00 -9.147355e-02 2.570235e-02 2.886095e-03 -3.950859e-02 -1.406094e-01 4.009121e-03
1.156467e+00 5.999542e-01 2.274230e-01 4.565840e-02 -1.703691e-02 4.494428e-02 2.726944e-03
5.933773e+00 -2.490041e-01 8.978558e-01 1.951550e-02 -3.825978e-02 -1.061066e-02 2.174864e-03
9.514455e+00 2.069396e-01 -7.029314e-01 -5.752662e-02 4.868778e-02 1.433345e-02 3.562410e-03
8.875917e-01 2.387215e-01 -4.467762e-01 -1.724211e-02 4.851855e-02 2.592444e-02 -1.644099e-03
7.703375e+00 8.311883e-01 5.096443e-01 -1.242690e-01 -2.186646e-02 3.566241e-02 8.385988e-04
5.761143e-01 4.892230e-01 -6.675836e-01 5.665413e-02 3.824759e-02 2.802885e-02 -3.069552e-04
4.635849e+00 -1.588137e-01 -2.912934e-02 8.355118e-03 1.765900e-02 -9.627717e-02 -4.309361e-03
9.062081e+00 2.042688e-01 -8.360287e-01 1.289428e-01 4.979735e-02 1.216710e-02 -4.845109e-05
8.640163e+00 5.349182e-01 1.106152e-01 -3.409858e-02 -1.113195e-02 5.383244e-02 -2.874353e-03
4.400996e+00 7.240434e-02 -1.247643e-01 3.643830e-02 1.045515e-01 6.067428e-02 4.660335e-03
9.270932e+00 -5.847516e-01 4.992132e-01 -1.409109e-01 -3.178203e-02 -3.722777e-02 1.090637e-03
1.975604e+00 -5.311395e-01 7.517753e-02 5.946353e-03 -8.263048e-03 -5.837956e-02 2.189530e-03
1.027428e+00 -2.367022e-01 1.259375e-02 1.078322e-02 -4.813516e-03 -9.047104e-02 -1.119261e-02
9.109083e+00 8.539813e-02 7.260947e-03 -1.658984e-02 -1.316433e-02 1.548295e-01 9.458158e-03
8.965230e+00 3.186107e-01 -1.116162e-01 -1.079888e-02 2.471690e-02 7.055487e-02 -8.538979e-05
6.253753e-01 4.693440e-01 2.945342e-01 -2.884621e-02 -3.339425e-02 5.321417e-02 -3.025930e-03
3.108415e+00 6.297127e-02 -9.636577e-02 2.751448e-03 9.230070e-02 6.031491e-02 -1.560425e-03
7.890848e+00 8.177594e-01 2.013445e-03 -5.974189e-02 -1.153824e-04 4.686250e-02 -4.408607e-03
8.441661e+00 -2.938136e-01 -4.002226e-01 -1.912108e-02 5.058148e-02 -3.713315e-02 4.989218e-03
7.927651e+00 -8.117276e-03 -5.576710e-03 -4.424006e-04 2.116237e-01 -3.080325e-01 -1.481241e-02
5.674286e+00 6.058941e-02 1.548169e-01 -2.462124e-02 -9.511149e-02 3.722301e-02 -5.920953e-03
4.958503e+00 5.660430e-01 1.021330e-01 5.611223e-02 -9.094835e-03 5.040553e-02 1.217126e-03
4.424945e+00 -4.845032e-01 2.160588e-01 1.275372e-02 -2.265972e-02 -5.081352e-02 -3.258684e-03
7.551540e+00 1.636839e-01 -5.087436e-01 7.773874e-03 5.553313e-02 1.786731e-02 -3.097209e-03
9.601522e-01 2.014497e-01 -4.504357e-01 1.081458e-02 5.097086e-02 2.279585e-02 4.563625e-03
2.546231e+00 7.607923e-02 -6.269071e-03 3.314168e-03 1.212430e-02 1.471363e-01 -7.877132e-03
4.359419e+00 4.463101e-01 4.426611e-01 -2.299173e-02 -4.144199e-02 4.178361e-02 -2.102979e-03
3.432327e+00 -1.836008e-01 1.355031e-02 -2.335289e-02 -7.601691e-03 -1.029996e-01 2.693818e-03
6.726945e+00 -1.179945e-02 -4.708165e-02 -3.563427e-03 1.700001e-01 -4.260486e-02 -1.776263e-02
9.028148e+00 2.315095e-01 -9.215554e-01 4.484416e-02 4.586450e-02 1.152190e-02 -1.891480e-03
9.088040e+00 -7.851503e-01 -6.079694e-02 -8.112671e-02 3.658486e-03 -4.724681e-02 -2.566213e-03
7.908485e-01 2.613516e-01 -9.602576e-01 4.606138e-02 4.496406e-02 1.223779e-02 -3.059764e-03
9.582581e+00 -4.617529e-01 -7.322594e-01 1.857872e-01 3.636738e-02 -2.293278e-02 -1.616944e-04
7.561772e+00 1.952983e-02 -6.774545e-01 -1.176903e-01 4.753470e-02 1.370343e-03 -3.703517e-03
4.665864e+00 -4.119675e-01 4.010305e-01 1.165624e-01 -3.565397e-02 -3.662634e-02 -3.210995e-03
3.900312e+00 -1.463087e-01 1.045758e-01 -5.576177e-03 -6.037630e-02 -8.447056e-02 -2.070933e-03
9.963497e+00 -9.835857e-01 -8.369634e-02 -8.946632e-02 3.499645e-03 -4.112725e-02 2.669443e-03
3.752071e+00 8.681507e-02 1.118062e-01 1.625630e-02 -9.810736e-02 7.617823e-02 -8.060634e-03
8.292363e+00 -1.509997e-01 -4.118571e-01 1.948750e-02 6.190289e-02 -2.269553e-02 4.626394e-03
7.009101e+00 4.796255e-01 -8.641909e-01 1.475264e-01 3.470093e-02 1.925900e-02 -2.786035e-04
5.601546e-01 -8.183880e-01 2.806462e-01 3.262993e-02 -1.429598e-02 -4.168826e-02 1.882126e-03
4.785671e+00 -6.367926e-01 -6.625297e-02 -1.632638e-02 6.122905e-03 -5.885051e-02 5.886705e-03
3.553995e+00 -2.205815e-01 -2.390267e-01 5.093977e-02 5.051708e-02 -4.661877e-02 3.507782e-04
2.442171e+00 3.333766e-01 5.057351e-01 -4.504205e-02 -4.966344e-02 3.273775e-02 1.033542e-04
6.757145e+00 -5.160417e-01 -2.366882e-01 -2.648063e-02 2.613477e-02 -5.698059e-02 1.430728e-04
8.701271e+00 2.843523e-02 9.118306e-02 -1.360806e-02 -1.342903e-01 4.187813e-02 1.080430e-02
6.656678e+00 -4.819732e-01 5.671668e-01 -4.706937e-03 -4.181006e-02 -3.552981e-02 1.301910e-03
1.254024e+00 2.766144e-02 5.389576e-01 1.146633e-01 -5.479912e-02 2.812508e-03 3.079568e-03
8.480444e+00 9.177833e-01 -2.202871e-01 9.726475e-02 1.040939e-02 4.336871e-02 -1.428096e-03
8.015075e+00 -5.902085e-01 5.684619e-02 -1.141685e-01 -5.505713e-03 -5.716335e-02 -1.887714e-05
9.048299e+00 5.420759e-02 -9.018724e-02 1.104788e-02 1.209902e-01 7.272189e-02 -5.174540e-03
6.333640e+00 -6.594683e-02 2.124565e-01 -2.688408e-02 -7.704631e-02 -2.391529e-02 -3.409152e-03
1.445206e+00 -1.651624e-02 3.122877e-02 -3.542272e-04 -1.856018e-01 -9.816092e-02 -1.027738e-02
2.760353e+00 3.602535e-01 -3.514381e-01 -1.681466e-02 3.915014e-02 4.013217e-02 4.422975e-03
3.891968e+00 -5.111644e-01 -1.745727e-01 3.693675e-02 2.081064e-02 -6.093541e-02 -1.317050e-04
3.594057e+00 6.144435e-02 6.097002e-02 5.801454e-03 -1.025564e-01 1.033542e-01 -1.466212e-03
9.477283e+00 1.615724e-01 1.405239e-01 2.121087e-02 -6.769560e-02 7.783542e-02 -2.804844e-03
2.622765e+00 -3.901682e-01 3.330395e-01 4.616430e-02 -3.640236e-02 -4.264673e-02 -4.693446e-04
2.381525e+00 7.974253e-01 -1.056103e-01 4.267213e-02 5.454098e-03 4.118192e-02 -1.414278e-03
2.904431e+00 -1.133618e-01 -2.368736e-01 3.021311e-03 7.219582e-02 -3.455113e-02 5.077861e-03
1.467467e+00 -1.800384e-02 -4.611839e-01 5.993367e-02 6.114075e-02 -2.386831e-03 7.130357e-04
4.070320e+00 -3.400027e-01 -4.497449e-01 -5.777573e-02 4.995046e-02 -3.776206e-02 5.075659e-03
4.298949e+00 1.118426e-03 8.842217e-02 1.595531e-02 -1.565052e-01 1.979589e-03 1.261767e-04
1.930472e+00 -1.595532e-01 4.121244e-01 -2.687142e-02 -6.294476e-02 -2.436895e-02 1.170219e-03
6.816881e+00 1.322180e-01 -2.203192e-01 -6.601838e-02 7.234037e-02 4.341294e-02 -1.065223e-04
7.199444e+00 -2.463780e-01 -2.240833e-01 3.120477e-02 5.017716e-02 -5.516942e-02 -8.325560e-04
9.631866e+00 2.277099e-01 -3.989915e-02 2.069570e-02 1.342094e-02 7.659512e-02 -3.130608e-03
1.681868e+00 -1.323295e-01 1.454351e-01 3.912256e-02 -6.773800e-02 -6.163391e-02 -3.405031e-03
3.191996e+00 2.658732e-01 3.362158e-01 8.077536e-02 -4.648240e-02 3.675742e-02 -3.683055e-03
5.526357e+00 7.961701e-01 2.829075e-01 7.249080e-02 -1.729982e-02 4.868587e-02 -2.882219e-03
2.594104e+00 1.285734e-01 7.166019e-02 -1.471923e-02 -5.030463e-02 9.025708e-02 4.932850e-03
2.480923e+00 -1.393579e-01 8.298873e-01 -3.693415e-02 -4.962224e-02 -8.332760e-03 3.006415e-03
3.766815e+00 -1.176035e-01 1.750525e-02 2.213388e-02 -1.693090e-02 -1.137449e-01 7.575163e-03
7.468740e+00 2.042749e-01 -7.386117e-02 2.132778e-03 3.394106e-02 9.386944e-02 -7.965072e-03
1.488285e+00 1.167163e-01 2.302307e-01 1.149668e-03 -6.799532e-02 3.447047e-02 -2.962872e-03
8.380433e+00 -2.913517e-01 -7.163465e-01 -8.358489e-02 3.886924e-02 -1.580886e-02 8.118914e-04
2.574712e+00 7.325839e-01 4.494127e-01 -8.439324e-02 -2.706555e-02 4.411932e-02 -6.373328e-04
2.212495e+00 -1.583013e-01 -2.234499e-02 1.151219e-03 1.435102e-02 -1.016686e-01 7.993344e-04
1.269391e+00 3.970027e-01 4.136553e-02 -5.518707e-02 -6.333411e-03 6.078445e-02 -1.677293e-03
1.806242e+00 -2.616658e-01 -6.683801e-01 7.118839e-02 5.008930e-02 -1.960959e-02 -2.849549e-04
1.411372e+00 -8.312525e-01 2.858178e-01 -9.468843e-02 -1.640490e-02 -4.771085e-02 -4.832491e-03
3.135564e+00 -8.585011e-01 4.764246e-01 -2.068012e-02 -2.244891e-02 -4.045219e-02 2.875517e-03
2.039098e+00 1.992728e-01 -1.345079e-02 8.958807e-03 5.919383e-03 8.769535e-02 -4.367949e-03
8.988136e+00 4.723524e-01 -1.369644e-01 -2.235664e-02 1.504169e-02 5.187461e-02 -1.548556e-03
9.116082e+00 3.708532e-01 1.058086e-01 5.505713e-02 -1.857100e-02 6.509029e-02 -2.635291e-03
9.641967e-01 -2.692717e-02 6.383626e-03 2.092169e-03 -5.806956e-02 -2.449469e-01 1.174515e-02
5.542809e+00 4.844778e-01 -2.579673e-01 2.407061e-02 3.017515e-02 5.667069e-02 -1.105857e-03
7.779233e+00 -3.459116e-01 1.289647e-02 3.953360e-03 -2.929490e-03 -7.857533e-02 -1.082477e-03
2.799260e+00 -1.261049e-01 -3.278725e-01 5.269186e-04 6.062874e-02 -2.331876e-02 3.803163e-03
7.660235e+00 -1.822007e-01 -4.263047e-01 -3.495341e-02 6.020694e-02 -2.573217e-02 -5.027632e-03
6.824541e+00 -4.857774e-01 -5.848461e-01 -1.528835e-02 3.994641e-02 -3.317977e-02 4.732077e-03
1.585847e+00 -5.247682e-01 -1.534660e-01 4.197008e-03 1.717483e-02 -5.872835e-02 1.518905e-03
5.055933e+00 8.929187e-02 -2.719749e-02 -4.658363e-03 3.647586e-02 1.197536e-01 -1.228343e-02
4.755067e+00 -5.404153e-01 -2.402379e-01 1.193740e-01 2.074914e-02 -4.667522e-02 4.154073e-03
6.488570e+00 -1.980317e-01 7.151734e-01 -6.317811e-02 -4.841285e-02 -1.340553e-02 -2.148050e-03
9.446560e+00 1.541548e-01 2.160208e-02 -2.883292e-02 -1.657919e-02 1.183109e-01 -4.536493e-03
2.079939e+00 5.505394e-01 -1.584382e-01 -9.722622e-02 1.402759e-02 4.874292e-02 -7.251524e-04
8.846223e+00 -8.182173e-01 1.724701e-01 -5.941927e-02 -9.214058e-03 -4.371252e-02 4.141633e-03
3.023450e+00 4.038432e-01 7.632827e-01 -6.017037e-03 -4.382540e-02 2.318746e-02 -1.818961e-03
7.641646e+00 1.402221e-01 -3.203082e-01 -2.966178e-04 6.909592e-02 3.024828e-02 1.391631e-03
2.338182e+00 -2.120529e-01 -8.735881e-01 -5.187952e-02 4.221695e-02 -1.024765e-02 1.571444e-03
8.706405e+00 1.214772e-01 5.342361e-01 -8.620504e-02 -5.776337e-02 1.313451e-02 2.612688e-03
6.985596e-01 2.964038e-02 4.629858e-02 -7.336900e-03 -1.354959e-01 8.674460e-02 1.585633e-03
7.703206e+00 3.323966e-01 -2.196451e-01 -6.580075e-03 4.089091e-02 6.188165e-02 -5.937053e-03
8.859279e-01 3.588251e-01 4.872800e-02 3.950133e-02 -9.528929e-03 7.016948e-02 1.298520e-03
5.336847e+00 -2.773128e-03 3.472542e-01 2.815902e-03 -7.470704e-02 -5.966010e-04 -6.626777e-03
1.618537e+00 -3.326365e-02 1.197095e-02 -4.314987e-04 -8.521697e-02 -2.367921e-01 3.235324e-03
5.227192e+00 9.730346e-05 -1.403985e-03 -1.302396e-04 1.247121e+00 8.643199e-02 9.582854e-02
1.943607e+00 8.170979e-01 -1.718423e-01 -3.572018e-03 9.915914e-03 4.714947e-02 -1.938335e-03
8.700942e+00 -4.817350e-01 2.148371e-01 -1.759301e-02 -2.325355e-02 -5.214205e-02 -5.362130e-04
2.549548e+00 -4.834480e-01 5.573974e-01 -9.046529e-02 -3.594884e-02 -3.117954e-02 -1.267034e-04
2.959946e+00 4.911023e-01 2.736002e-01 -7.739664e-02 -2.888736e-02 5.185176e-02 1.750970e-03
3.188296e+00 -6.136948e-01 4.603975e-01 5.825816e-02 -2.726748e-02 -3.634666e-02 -2.218890e-03
6.645574e+00 -3.975908e-01 3.466334e-01 2.999409e-02 -3.884003e-02 -4.454976e-02 -9.580573e-04
3.678730e+00 1.436800e-01 2.437956e-01 3.584645e-02 -6.230072e-02 3.671669e-02 5.462335e-03
1.206732e+00 5.564520e-01 5.732889e-01 -1.088609e-01 -3.317090e-02 3.219671e-02 8.286396e-04
3.183251e+00 4.930450e-01 2.427049e-01 -4.335069e-02 -2.562030e-02 5.204660e-02 1.524838e-04
4.975061e+00 4.581631e-01 8.800069e-01 2.518996e-01 -3.266578e-02 1.700697e-02 2.486979e-04
5.387637e+00 7.479679e-01 1.166383e-01 -3.753997e-02 -6.945027e-03 4.453646e-02 1.883670e-03
2.766900e+00 -1.917111e-01 1.663807e-01 -3.141982e-02 -5.122390e-02 -5.902241e-02 8.141658e-04
3.398709e+00 5.104450e-02 -4.871233e-01 -3.708729e-02 6.200941e-02 6.497819e-03 3.570469e-03
7.261341e+00 1.567874e-01 7.179797e-01 9.540320e-02 -4.364825e-02 9.531597e-03 -9.835639e-04
9.966510e+00 -5.395184e-01 1.685930e-01 4.439395e-02 -1.633488e-02 -5.227363e-02 5.567212e-03
9.110966e+00 -1.582677e-01 9.623442e-02 6.334061e-03 -5.676128e-02 -9.334995e-02 2.108645e-03
9.680967e+00 5.095917e-01 3.990795e-01 3.267799e-02 -3.413848e-02 4.359203e-02 -1.007637e-03
4.275922e+00 3.072158e-01 -2.157857e-01 -4.137569e-02 3.461939e-02 4.928790e-02 -1.920341e-03
2.787888e+00 -1.466886e-01 7.980273e-01 7.998024e-02 -4.813253e-02 -8.847436e-03 -2.204820e-03
5.849125e+00 -2.739156e-01 -4.846366e-01 2.456138e-02 4.636773e-02 -2.620694e-02 1.688733e-03
2.048311e+00 -2.014303e-01 4.689479e-01 -1.346849e-02 -5.475902e-02 -2.352100e-02 1.446025e-03
4.916249e+00 5.686999e-02 -3.927146e-02 -1.001031e-02 8.751483e-02 1.267324e-01 9.912988e-03
7.229157e+00 -2.989594e-01 -1.127030e-01 -3.336811e-02 2.762641e-02 -7.328264e-02 -3.603336e-03
5.167953e+00 6.537200e-01 -3.700662e-01 1.766681e-02 2.257487e-02 3.987839e-02 2.067071e-03
5.710673e+00 5.860611e-01 2.133614e-01 6.286398e-03 -1.935306e-02 5.315901e-02 2.396792e-03
5.917602e+00 3.324790e-01 7.460326e-01 8.888362e-03 -4.306363e-02 1.919186e-02 2.393011e-03
5.245076e+00 -8.968583e-02 1.357016e-02 4.126033e-03 -2.215930e-02 -1.464518e-01 1.265538e-02
6.373880e+00 3.784753e-01 7.807401e-02 5.481566e-03 -1.341784e-02 6.504496e-02 1.730759e-03
5.714024e+00 3.585740e-03 -2.220481e-02 1.344131e-04 2.658109e-01 4.292443e-02 5.082269e-03
4.084914e+00 8.840584e-01 -1.091955e-01 1.271725e-01 4.911450e-03 3.976361e-02 -4.987229e-04
6.340416e+00 -1.337208e-01 9.015413e-01 -1.685844e-01 -4.336601e-02 -6.432248e-03 -2.240661e-03
5.437587e+00 -2.501536e-02 1.837699e-01 2.321339e-02 -1.004398e-01 -1.367220e-02 6.369718e-03
4.302698e+00 -1.256599e-01 4.316328e-01 -2.787624e-02 -6.567753e-02 -1.912049e-02 3.120319e-03
3.374622e+00 -3.376114e-02 1.790033e-02 -5.806995e-03 -9.062955e-02 -1.709330e-01 -6.589652e-03
3.448095e+00 3.193109e-01 4.436978e-01 2.248370e-02 -5.210790e-02 3.749989e-02 -6.547831e-03
1.384244e+00 -7.173146e-01 2.565615e-01 -3.808073e-02 -1.811281e-02 -5.064120e-02 -4.323197e-03
4.205984e+00 6.136425e-01 -2.354637e-01 2.731332e-02 1.920143e-02 5.004089e-02 2.399523e-03
1.851572e+00 -2.637419e-01 -6.190845e-01 3.454995e-03 5.116954e-02 -2.179921e-02 -2.138480e-03
4.046143e+00 -4.172799e-02 -6.044579e-01 5.029691e-02 5.712608e-02 -3.943628e-03 -3.713249e-04
8.974961e+00 3.143062e-01 -4.239207e-02 3.814678e-02 8.774778e-03 6.505857e-02 -2.459772e-03
7.180249e+00 2.080302e-01 -8.875381e-01 8.245439e-02 3.761036e-02 8.815500e-03 -2.244135e-03
9.343131e+00 -1.940152e-01 -3.537620e-01 -5.131726e-02 5.204875e-02 -2.854532e-02 -3.192540e-03
5.483532e+00 -1.679064e-02 -9.608162e-02 -7.634751e-03 1.234850e-01 -2.157948e-02 -7.761388e-04
8.179656e-01 7.871774e-02 9.992918e-02 1.115848e-02 -9.494490e-02 7.479145e-02 7.341738e-04
9.689755e+00 9.004427e-04 -6.559007e-04 1.435629e-04 6.488517e-01 8.907657e-01 8.124087e-03
4.818984e+00 -3.539777e-01 2.183143e-01 2.593246e-02 -3.195645e-02 -5.181462e-02 1.902502e-03
4.917394e+00 6.514819e-01 -4.856195e-01 -4.697857e-02 2.981267e-02 3.999513e-02 1.135122e-03
9.870665e-01 -4.998711e-01 1.231044e-01 3.629371e-02 -1.247451e-02 -5.065335e-02 -2.436288e-03
6.831849e+00 1.238839e-01 9.784107e-01 8.902698e-02 -3.920428e-02 4.963948e-03 -1.429451e-03
3.365478e+00 1.161603e-01 -4.211014e-01 5.822457e-05 6.521981e-02 1.799080e-02 -1.242682e-03
9.636820e+00 -2.776143e-01 6.574535e-02 1.997192e-02 -1.996366e-02 -8.429793e-02 -6.253252e-03
5.956617e+00 -3.442514e-01 -8.580360e-02 3.464353e-02 1.728444e-02 -6.934667e-02 -4.062241e-03
1.585446e+00 -8.483963e-02 -1.957048e-01 2.225131e-02 8.885902e-02 -3.852112e-02 1.607950e-03
7.596978e+00 -3.792582e-02 8.842769e-02 2.093534e-02 -1.132989e-01 -4.859283e-02 2.918540e-03
3.058301e+00 5.205207e-01 -4.004847e-01 1.174717e-01 3.419087e-02 4.443878e-02 -2.422923e-03
6.742084e+00 5.751241e-01 6.443050e-01 2.072117e-02 -3.617425e-02 3.229011e-02 -4.147894e-04
5.966083e+00 1.973395e-01 -8.522987e-01 -1.093667e-01 4.956883e-02 1.147707e-02 -3.510067e-03
6.542985e+00 -8.417712e-01 -3.981112e-01 2.022686e-01 1.814024e-02 -3.835595e-02 -2.159358e-04
9.477766e+00 4.392128e-01 5.182930e-02 -7.210355e-02 -8.315366e-03 7.046623e-02 2.631536e-03
5.978845e+00 -1.529208e-01 2.027018e-01 2.084642e-02 -6.456349e-02 -4.870752e-02 3.649737e-03
3.522570e+00 5.196982e-01 1.408021e-01 2.100121e-02 -1.402046e-02 5.174928e-02 -8.346932e-04
4.054688e+00 -5.611424e-01 9.244657e-02 -1.253886e-02 -8.874945e-03 -5.387012e-02 -1.617884e-04
3.775582e+00 5.263077e-01 -4.252750e-01 1.638803e-01 3.091512e-02 3.825963e-02 4.367380e-03
4.932927e+00 6.749189e-02 2.599427e-01 -3.310442e-02 -7.553791e-02 1.961277e-02 8.490506e-03
3.319931e+00 -1.640128e-01 7.068930e-01 -7.943319e-03 -4.915096e-02 -1.140397e-02 -4.698149e-03
1.744100e+00 -6.169622e-01 2.016771e-01 8.689469e-02 -1.821252e-02 -5.571498e-02 1.711893e-03
9.599688e-01 -1.721399e-01 -2.957579e-01 1.859392e-02 6.637827e-02 -3.863411e-02 4.949620e-03
8.787743e+00 -4.702316e-01 -8.009162e-01 -5.789504e-03 4.175259e-02 -2.451366e-02 -7.957317e-04
1.820948e+00 3.149253e-01 -4.324749e-01 4.865764e-02 4.534847e-02 3.302245e-02 2.080434e-03
3.001947e+00 1.686126e-01 -1.177979e-01 4.394990e-04 5.156990e-02 7.381574e-02 -4.689747e-03
3.073833e+00 -4.150306e-02 1.150088e-01 -9.496622e-03 -1.283629e-01 -4.632214e-02 -6.696978e-03
1.960846e+00 -6.739460e-01 3.830308e-01 1.758120e-02 -2.435327e-02 -4.284979e-02 -6.209290e-04
8.978903e-01 -2.925692e-02 7.325698e-02 -3.160945e-03 -1.404026e-01 -5.607311e-02 1.469439e-02
6.466967e+00 -7.512064e-01 -3.337205e-01 4.805904e-02 2.055225e-02 -4.626322e-02 -3.455613e-03
9.765781e+00 -3.842302e-01 8.332995e-01 5.007776e-02 -3.570259e-02 -1.646228e-02 6.814629e-04
8.503611e+00 -7.417167e-01 1.562697e-01 -3.715601e-03 -1.070959e-02 -5.083190e-02 6.555182e-05
5.022344e+00 -1.798501e-02 2.811345e-02 -5.855819e-03 -1.981351e-01 -1.267529e-01 -2.750817e-02
2.616196e+00 2.973288e-02 -3.707949e-01 2.094127e-02 7.856833e-02 6.300149e-03 1.162942e-03
9.689089e-01 -2.501747e-01 -2.011249e-01 7.920359e-03 5.168975e-02 -6.429569e-02 -3.864226e-03
6.304975e+00 1.927999e-02 2.376758e-01 2.106178e-02 -9.377702e-02 7.607082e-03 1.345244e-03
1.346984e+00 7.197155e-01 -3.103806e-01 -1.204348e-01 1.670566e-02 3.873735e-02 -2.826338e-04
1.810675e+00 1.264850e-01 9.855976e-02 -9.713510e-03 -6.756554e-02 8.670911e-02 -9.637943e-03
6.844057e+00 1.288500e-01 -5.017123e-02 -5.710698e-03 4.596211e-02 1.180401e-01 3.683296e-03
3.531132e+00 1.473987e-01 1.044243e-01 -1.030929e-02 -5.193630e-02 7.330997e-02 1.168671e-03
2.996443e+00 -4.360757e-01 -6.960467e-01 2.384315e-02 3.882060e-02 -2.432124e-02 -1.302829e-03
7.154527e+00 1.092229e-02 -6.452136e-01 -6.224706e-02 5.906622e-02 9.998834e-04 1.079812e-03
6.011619e+00 -1.251477e-01 4.215693e-02 1.276561e-02 -4.013975e-02 -1.191595e-01 -1.106535e-02
2.970519e+00 -6.555076e-01 1.327171e-02 8.641080e-02 -1.183654e-03 -5.846226e-02 -4.072350e-03
2.360392e+00 -1.391551e-01 -1.158275e-01 -8.429239e-03 6.152660e-02 -7.391800e-02 5.312316e-03
9.647394e+00 8.090002e-01 3.149168e-01 7.647419e-02 -1.600147e-02 4.110670e-02 2.650615e-03
3.392168e+00 -2.999168e-01 -1.852771e-01 1.681772e-02 3.516812e-02 -5.692829e-02 6.103012e-04
9.265645e+00 5.049401e-01 -5.556811e-01 1.794195e-03 3.356097e-02 3.049641e-02 -1.161814e-04
9.318630e+00 1.363573e-01 -5.156559e-02 -6.876335e-04 4.097081e-02 1.083410e-01 5.729200e-03
7.723819e-01 4.914406e-02 -1.340254e-02 -4.520774e-03 5.155274e-02 1.890321e-01 -4.367575e-03
9.455694e+00 -4.049232e-01 -6.837040e-01 6.712802e-02 4.201044e-02 -2.488065e-02 7.436969e-04
1.626551e+00 1.889288e-01 -1.128199e-01 8.732364e-04 4.556402e-02 7.630176e-02 4.352598e-03
1.579054e+00 3.424397e-01 8.399126e-01 -2.203110e-01 -3.662639e-02 1.493290e-02 -1.074638e-03
6.878154e+00 -4.661786e-04 -1.176077e-03 5.251866e-05 1.178356e+00 -4.670817e-01 -6.202531e-03
6.269086e+00 -1.532097e-01 -2.470704e-01 -1.783880e-02 7.511435e-02 -4.657882e-02 -4.342218e-05
8.753557e-01 -1.130616e-01 8.739474e-02 -2.508487e-02 -7.003240e-02 -9.060012e-02 -3.164492e-03
8.240213e+00 1.572583e-02 4.560163e-01 6.757394e-02 -6.018503e-02 2.075495e-03 2.828790e-03
2.294370e+00 7.552724e-01 1.569633e-01 1.657231e-02 -9.856642e-03 4.742795e-02 1.410772e-03
1.332355e+00 3.137619e-01 3.419671e-01 -3.772077e-02 -4.991276e-02 4.579599e-02 -1.650537e-03
6.641028e+00 -3.791942e-02 -7.737872e-01 7.483731e-02 5.327231e-02 -2.610608e-03 1.647060e-03
9.112550e+00 3.052641e-01 -4.736185e-01 1.981387e-02 5.350780e-02 3.448770e-02 1.106131e-03
7.143293e+00 -4.093472e-01 -4.521119e-01 5.954840e-02 4.164745e-02 -3.770807e-02 -2.355789e-03
3.414681e+00 -9.210575e-01 1.005685e-01 7.772793e-02 -4.479018e-03 -4.102111e-02 -9.076582e-04
2.146817e+00 -1.073353e-01 6.576891e-02 1.003348e-02 -6.320308e-02 -1.031478e-01 -7.474198e-03
2.536854e+00 5.298736e-02 4.124082e-01 2.798298e-02 -5.704494e-02 7.329294e-03 -2.995269e-03
7.198228e-01 3.388070e-01 -1.015017e-02 2.277661e-03 2.392468e-03 7.985924e-02 4.555264e-03
8.958876e+00 4.783029e-01 -1.083903e-01 9.238364e-02 1.319236e-02 5.821502e-02 -5.565503e-04
6.956616e+00 -2.443789e-01 -1.104340e-01 2.686153e-02 3.457309e-02 -7.650667e-02 9.092433e-03
2.147342e+00 7.860757e-01 2.312546e-01 -9.167214e-02 -1.401799e-02 4.764967e-02 -1.878464e-04
3.406199e+00 4.817908e-01 2.939319e-01 -3.527788e-02 -3.090456e-02 5.065641e-02 5.276711e-03
8.034748e+00 -1.706216e-02 -1.140305e-01 -1.562586e-02 1.084015e-01 -1.621991e-02 -2.117043e-03
5.567843e+00 2.909345e-01 -1.520503e-01 3.705794e-02 3.157466e-02 6.041525e-02 -3.952350e-03
3.717652e+00 -2.941101e-01 -5.671714e-02 -1.859957e-02 1.347114e-02 -6.985540e-02 -2.914562e-03
9.183998e+00 -6.106961e-01 -7.431250e-01 -5.366766e-02 3.198657e-02 -2.628639e-02 1.263623e-03
3.328103e+00 -7.288114e-01 -3.663224e-01 -7.831661e-02 2.047367e-02 -4.073310e-02 1.212070e-03
3.460167e+00 -1.077967e-02 -8.102654e-01 1.230744e-02 4.489642e-02 -5.972962e-04 3.078010e-03
3.418812e+00 -4.527727e-01 -1.382089e-01 2.662611e-03 1.861439e-02 -6.098080e-02 1.225890e-03
2.303251e+00 3.264104e-01 2.463305e-01 5.588875e-03 -4.507113e-02 5.972336e-02 -1.103836e-03
1.457478e+00 7.119046e-01 -4.300504e-01 -9.393562e-02 2.113128e-02 3.498068e-02 7.607954e-04
6.789757e-01 -1.964954e-01 -9.275019e-02 -7.627872e-03 3.878968e-02 -8.217765e-02 5.713779e-03
6.836709e+00 -3.666217e-01 -5.481740e-01 -1.106251e-01 3.811829e-02 -2.549371e-02 -1.663637e-03
5.031711e+00 -1.486442e-02 6.834178e-02 -7.501001e-03 -1.642810e-01 -3.573132e-02 4.873288e-04
7.233159e+00 9.532936e-01 -2.978495e-01 3.523592e-03 1.158991e-02 3.709452e-02 -5.773198e-04
3.913365e+00 7.008510e-01 1.505444e-01 -1.515107e-03 -9.723983e-03 4.526946e-02 -2.132912e-03
1.114009e+00 -2.889537e-01 -2.991942e-01 1.784262e-02 4.829027e-02 -4.663744e-02 -3.093343e-03
5.591042e+00 7.901663e-01 3.907431e-01 4.696677e-02 -2.117197e-02 4.281426e-02 -2.510561e-03
3.096609e+00 -2.650959e-01 -3.384953e-01 7.192659e-05 4.622878e-02 -3.620452e-02 2.941597e-03
2.716921e+00 -5.503075e-02 7.362338e-03 -1.031795e-02 -2.396355e-02 -1.791187e-01 6.613779e-03
4.566037e+00 -3.529240e-01 -7.144564e-01 3.460661e-02 4.397076e-02 -2.172048e-02 1.579562e-03
2.724264e+00 -5.115017e-01 -7.060721e-01 -1.320133e-01 3.841214e-02 -2.782701e-02 1.821621e-03
4.203814e+00 -3.474976e-02 -2.708795e-01 -5.394604e-02 8.635337e-02 -1.107784e-02 1.429549e-03
3.020029e+00 -5.791864e-01 -3.973414e-01 -5.086623e-02 3.082702e-02 -4.493515e-02 -7.810349e-04
4.808144e+00 3.078611e-01 -6.187187e-01 -3.890203e-02 4.430552e-02 2.204547e-02 2.862529e-03
8.388369e-01 -1.137060e-01 -1.792980e-01 1.937450e-02 8.347269e-02 -5.293616e-02 -3.257638e-04
1.387209e+00 -5.953441e-01 1.954950e-01 3.022869e-02 -1.535002e-02 -4.674566e-02 -3.273899e-03
4.323812e+00 -1.297303e-01 -1.615794e-01 3.717662e-03 6.436414e-02 -5.167727e-02 -8.471936e-03
1.139276e+00 1.264031e-01 5.200912e-01 -4.092953e-02 -5.781506e-02 1.405139e-02 7.254224e-03
2.630256e+00 -7.366824e-01 2.523183e-01 -7.789755e-02 -1.610348e-02 -4.701661e-02 2.827224e-04
2.997523e+00 1.648100e-02 5.343482e-01 1.301703e-02 -6.095981e-02 1.880195e-03 5.724438e-03
8.103423e+00 -1.375114e-01 -3.064385e-01 3.705891e-02 6.445632e-02 -2.892416e-02 -2.496511e-03
3.189879e+00 -1.712275e-01 1.110998e-02 -6.257821e-03 -6.912589e-03 -1.065371e-01 1.507400e-03
1.811552e+00 -7.440460e-01 7.092291e-02 -9.820751e-02 -4.745923e-03 -4.978905e-02 6.430436e-03
5.874426e+00 4.306377e-01 4.418374e-01 -7.004116e-02 -3.544527e-02 3.454679e-02 -1.274974e-03
5.020829e+00 1.988654e-01 -1.670512e-01 -2.370048e-04 4.713821e-02 5.611548e-02 -2.969714e-03
9.356435e+00 4.531008e-01 -2.728010e-02 5.387308e-02 3.902240e-03 6.481312e-02 8.685603e-04
8.603194e+00 5.235097e-01 -2.916086e-01 6.390908e-02 2.509796e-02 4.505707e-02 3.279345e-03
9.001200e+00 2.647248e-01 1.367648e-01 -7.832431e-04 -3.596981e-02 6.962393e-02 -7.760324e-03
8.282709e+00 1.232373e-01 1.607657e-01 -4.315230e-02 -7.750283e-02 5.941096e-02 5.366582e-03
4.630858e+00 3.979863e-01 3.344515e-01 6.948780e-03 -3.353578e-02 3.990648e-02 1.399384e-03
1.970800e+00 -1.689049e-02 -6.673127e-01 -2.186651e-02 5.448295e-02 -1.379029e-03 2.272963e-03
3.885606e+00 -8.838899e-01 3.197019e-01 -6.288643e-02 -1.371943e-02 -3.793053e-02 2.496265e-03
3.584645e+00 3.212106e-01 1.991532e-01 2.366253e-02 -3.433918e-02 5.538504e-02 -2.010994e-03
4.204550e+00 6.132600e-01 -2.004193e-02 7.883933e-02 1.920562e-03 5.876700e-02 3.966600e-03
6.842277e+00 2.626590e-01 -2.736000e-02 2.175761e-03 8.663404e-03 8.316964e-02 -4.602476e-03
8.719583e+00 4.300879e-02 2.241250e-02 -5.321895e-03 -8.076710e-02 1.549892e-01 -3.619460e-03
9.833322e+00 5.957863e-03 2.052824e-03 -1.296006e-04 -1.819706e-01 5.281291e-01 1.950902e-02
1.515270e+00 -1.867314e-01 2.797010e-01 -1.793210e-02 -6.215020e-02 -4.149214e-02 6.939921e-04
2.399555e+00 6.108989e-02 7.643218e-01 -7.019574e-02 -4.987362e-02 3.986245e-03 -1.247846e-03
5.954787e+00 2.072001e-02 -3.023813e-01 -5.087184e-02 8.480336e-02 5.810963e-03 -8.148192e-04
5.506652e+00 -6.878438e-01 1.717308e-01 1.993320e-01 -1.078193e-02 -4.318552e-02 -2.514009e-03
4.167480e+00 -7.777638e-01 2.300851e-01 -3.887218e-02 -1.178556e-02 -3.983908e-02 -2.172262e-04
3.989828e+00 5.230931e-02 1.299765e-03 4.024832e-03 -4.674551e-03 1.881284e-01 -1.058341e-02
5.599742e+00 -1.336809e-01 -9.947503e-02 1.210224e-02 6.402431e-02 -8.603997e-02 1.627959e-03
1.367844e+00 3.107884e-01 -6.133453e-02 -1.877387e-02 1.335025e-02 6.764710e-02 -5.070297e-03
9.495362e+00 -8.891626e-02 -6.258189e-02 1.577822e-03 8.211292e-02 -1.166659e-01 -1.285435e-02
8.206027e+00 6.410874e-01 -5.734733e-01 -1.286918e-01 2.836755e-02 3.171217e-02 9.915482e-04
4.594487e+00 -1.626318e-01 1.562588e-02 1.269820e-02 -1.097209e-02 -1.141959e-01 4.849997e-03
9.661533e+00 -6.655869e-03 5.194203e-03 8.355815e-04 -2.657076e-01 -3.404786e-01 1.508649e-02
3.359077e+00 -2.864513e-01 -5.203246e-01 -1.181740e-01 5.337088e-02 -2.938196e-02 -7.550760e-04
8.442133e+00 -9.705659e-01 7.781374e-02 1.575925e-01 -3.156154e-03 -3.936651e-02 -1.536238e-03
5.265956e-01 7.315778e-02 -9.759238e-03 9.206938e-04 2.110422e-02 1.582027e-01 1.774238e-03
8.199900e+00 6.630491e-03 1.719122e-02 3.116429e-04 -3.011593e-01 1.161543e-01 -3.450926e-02
6.474168e+00 1.521805e-01 6.482674e-01 1.753053e-02 -5.037624e-02 1.182580e-02 -2.496685e-03
8.094305e+00 -4.482663e-01 -8.613256e-01 6.456316e-02 4.258356e-02 -2.216209e-02 -3.390421e-03
1.850830e+00 -4.595050e-01 5.593008e-01 -3.593743e-02 -3.639090e-02 -2.989769e-02 -3.179546e-03
1.369200e+00 3.521487e-01 2.327675e-01 -9.470177e-03 -4.066643e-02 6.152331e-02 -1.281253e-05
9.262138e+00 4.577126e-03 -9.787150e-03 1.883527e-03 4.049452e-01 1.893795e-01 -2.823880e-03
3.542873e+00 1.489974e-01 9.723547e-02 -1.236344e-02 -4.791627e-02 7.342382e-02 -4.699079e-04
5.529470e+00 1.331973e-01 1.731145e-02 3.868736e-02 -1.455766e-02 1.120091e-01 6.756784e-03
9.522748e+00 7.363728e-01 1.380339e-02 2.329948e-02 -1.007455e-03 5.374493e-02 1.461816e-03
2.752827e+00 -1.356176e-02 -6.770804e-02 -5.667312e-03 1.724783e-01 -3.454699e-02 -9.285841e-03
4.996356e+00 -7.360518e-01 2.553434e-02 -1.622182e-02 -1.707156e-03 -4.921041e-02 8.713345e-04
6.039144e-01 -3.329091e-01 -1.845408e-01 -3.877289e-02 3.620800e-02 -6.531876e-02 -9.524925e-03
1.626194e+00 -7.449304e-01 -1.398942e-01 -3.883826e-02 9.209501e-03 -4.904019e-02 2.399077e-04
6.204201e+00 -4.985631e-01 -3.556338e-01 -6.507388e-02 2.882728e-02 -4.041297e-02 1.442792e-03
8.232234e+00 2.235281e-01 -3.103042e-01 -4.468701e-02 5.957625e-02 4.291585e-02 -1.613269e-03
7.595809e+00 -1.784143e-01 -6.864403e-01 1.488477e-02 4.736223e-02 -1.231003e-02 1.672404e-03
3.070900e+00 -5.662302e-02 1.932382e-03 1.595089e-04 -6.466620e-03 -1.894861e-01 2.054909e-02
4.575565e+00 6.652010e-01 -4.654678e-01 3.543904e-03 3.019434e-02 4.315079e-02 -4.525787e-03
5.111433e+00 -3.006985e-01 2.864627e-01 1.007365e-02 -5.105307e-02 -5.359016e-02 -3.963469e-03
7.752137e+00 -9.024831e-04 2.591066e-03 -1.872644e-04 -8.420103e-01 -2.932770e-01 -7.138314e-03
7.826460e+00 -6.117385e-01 5.508428e-01 8.336383e-02 -3.443121e-02 -3.823758e-02 1.002847e-03
3.094188e+00 6.450740e-01 -5.965771e-01 -2.433951e-03 3.109457e-02 3.362230e-02 -3.216049e-03
8.625430e-01 -9.656230e-01 -2.420175e-01 1.142251e-01 9.181177e-03 -3.663188e-02 3.276407e-04
2.618113e+00 -6.136021e-01 1.805127e-01 -1.363495e-02 -1.669384e-02 -5.674600e-02 -3.435145e-03
9.803016e+00 -7.044771e-01 4.247184e-01 2.111457e-02 -2.316343e-02 -3.842100e-02 7.382622e-04
2.799495e+00 9.556531e-02 -7.202112e-01 -2.280617e-02 4.480539e-02 5.945257e-03 -3.667361e-03
9.149018e+00 2.351377e-01 -7.190650e-01 1.517592e-02 4.708920e-02 1.539839e-02 -2.721260e-03
2.291535e+00 -4.388903e-01 3.826705e-01 9.868531e-03 -3.713634e-02 -4.259220e-02 -3.096229e-03
8.914920e+00 4.928981e-02 -1.438012e-01 2.090399e-02 1.020304e-01 3.497231e-02 -5.323115e-03
9.637378e+00 -5.066002e-01 -4.270615e-01 2.199255e-02 3.795893e-02 -4.502865e-02 -1.614152e-03
8.275099e+00 1.860464e-01 -1.950700e-01 6.215278e-02 5.953265e-02 5.677878e-02 2.061682e-03
3.703392e+00 -3.872662e-01 -7.928279e-01 1.686563e-02 3.587370e-02 -1.752294e-02 2.372332e-03
2.442777e+00 3.700125e-01 2.910277e-01 8.068711e-02 -3.534874e-02 4.494237e-02 -5.192325e-03
1.050428e+00 3.881169e-01 -4.935678e-01 7.702878e-02 4.136588e-02 3.252804e-02 -2.476800e-03
2.942057e+00 -2.011486e-01 -6.891741e-01 4.062050e-02 5.112902e-02 -1.492298e-02 1.873406e-03
8.879297e+00 -2.368396e-01 -3.804043e-01 4.621613e-02 4.778776e-02 -2.975264e-02 3.081542e-03
2.093461e+00 1.258357e-01 2.655332e-01 1.765357e-02 -7.382595e-02 3.498599e-02 3.380336e-03
4.357560e+00 -3.386117e-02 -2.964991e-02 -1.903882e-03 1.384106e-01 -1.580694e-01 4.960600e-03
7.973873e+00 -5.056620e-01 2.625549e-01 -5.879045e-02 -2.380366e-02 -4.584415e-02 -1.974785e-03
4.305216e+00 -6.462484e-02 9.702311e-02 -1.326887e-03 -9.395162e-02 -6.257899e-02 4.943108e-03
9.055863e+00 -3.605442e-01 -3.649340e-02 -3.304944e-02 7.328528e-03 -7.240372e-02 2.206965e-03
7.765363e+00 -1.006730e-01 8.997246e-02 2.009860e-02 -8.095543e-02 -9.058354e-02 1.189354e-02
2.464968e+00 -2.362221e-02 -5.138516e-02 -1.188926e-02 1.659116e-01 -7.627102e-02 -8.631793e-03
3.797397e+00 7.658004e-01 -1.329792e-01 -1.744323e-02 7.521462e-03 4.331460e-02 1.034092e-03
4.341988e+00 5.326702e-01 1.271602e-02 -4.160439e-03 -1.328552e-03 5.565265e-02 -1.315879e-03
9.925033e+00 -6.934448e-01 1.452681e-01 1.952128e-02 -1.058936e-02 -5.054885e-02 3.410813e-03
7.133097e+00 3.683112e-02 -4.471034e-01 1.803671e-02 5.890071e-02 4.852075e-03 -6.362757e-03
6.092399e+00 -8.567339e-01 -8.100561e-02 9.541042e-03 4.107877e-03 -4.344585e-02 -1.239307e-03
2.098871e+00 -5.403091e-02 3.996685e-01 2.220070e-02 -7.082638e-02 -9.574970e-03 -3.018968e-03
3.832885e+00 -9.956149e-02 -1.530248e-01 1.976639e-02 8.688107e-02 -5.652685e-02 -2.788538e-03
6.319977e-01 1.313644e-01 -3.688744e-01 -2.804683e-02 6.104586e-02 2.173979e-02 1.038964e-03
6.682612e+00 6.653324e-01 -1.429334e-02 -4.500285e-02 1.096785e-03 5.105362e-02 -2.221217e-03
5.292286e+00 -5.940152e-02 -2.488837e-01 2.612773e-02 7.289044e-02 -1.739689e-02 2.442188e-03
8.860056e+00 3.920887e-01 -8.501658e-01 -9.705236e-02 4.098967e-02 1.890406e-02 -6.174148e-04
6.690860e+00 -3.266006e-01 5.324332e-02 -1.805230e-02 -1.232205e-02 -7.558487e-02 5.957180e-03
5.296630e+00 1.674346e-01 3.289025e-01 -8.440121e-03 -6.477560e-02 3.297536e-02 3.267780e-03
8.962636e+00 9.255619e-01 -1.513400e-01 -4.522021e-03 6.547485e-03 4.004298e-02 2.248236e-03
3.954360e+00 -3.443744e-01 2.544715e-01 1.602698e-02 -3.937011e-02 -5.327927e-02 -1.187525e-03
3.347172e+00 2.282267e-01 6.847540e-01 4.013791e-02 -4.749805e-02 1.583097e-02 5.300296e-05
5.639941e+00 6.025269e-01 -5.051677e-01 -1.698085e-01 2.823935e-02 3.368182e-02 -2.498662e-03
2.153932e+00 3.222324e-01 4.307606e-02 7.308178e-02 -8.561909e-03 6.404775e-02 -2.118561e-03
5.011590e+00 4.916845e-02 -2.858297e-01 -1.332727e-03 7.257152e-02 1.248376e-02 2.286701e-03
7.036311e+00 6.754943e-01 -3.500788e-02 -9.793442e-02 2.946170e-03 5.684780e-02 -2.270612e-03
2.267577e+00 5.039827e-01 7.649544e-01 -5.597088e-02 -3.641426e-02 2.399118e-02 -4.943894e-03
5.138201e+00 2.582422e-01 -2.495664e-01 -6.678180e-02 4.915610e-02 5.086494e-02 -3.040827e-03
1.435703e+00 6.062148e-02 -9.436204e-02 2.253202e-02 1.023562e-01 6.575720e-02 2.435766e-03
7.475132e+00 -7.204319e-01 2.063749e-01 -2.174489e-02 -1.246059e-02 -4.349853e-02 -1.180221e-03
2.641591e+00 2.036078e-01 2.061219e-01 -2.849427e-02 -5.835463e-02 5.764287e-02 6.963056e-03
9.891342e+00 -1.132054e-02 3.419107e-01 -2.578103e-02 -7.445717e-02 -2.465250e-03 -2.060067e-03
9.084917e-01 -1.810814e-01 -1.555247e-01 6.731877e-03 6.281462e-02 -7.313664e-02 3.600834e-03
8.921552e+00 1.049562e-01 9.931392e-02 1.225420e-02 -7.033427e-02 7.433012e-02 -7.713906e-03
9.183074e+00 -3.354468e-02 -5.841535e-01 1.287127e-01 5.999752e-02 -3.445323e-03 1.544091e-03
1.741851e+00 5.615718e-01 7.183371e-01 -9.839342e-02 -3.420656e-02 2.674154e-02 1.108218e-03
3.081356e+00 4.579448e-01 7.994369e-01 1.440864e-01 -4.204523e-02 2.408494e-02 -2.650811e-03
4.464368e+00 2.350121e-01 1.794892e-01 -1.134569e-02 -4.331969e-02 5.672015e-02 2.804490e-04
7.367323e+00 2.380911e-02 3.890460e-01 -1.089220e-02 -6.475106e-02 3.962680e-03 -3.594979e-03
5.231707e-01 -4.920890e-01 -6.098917e-01 -7.463381e-02 3.416718e-02 -2.756767e-02 3.607264e-03
3.050854e+00 1.912332e-02 -6.683579e-02 9.025800e-03 1.664921e-01 4.763737e-02 2.998105e-03
5.066956e+00 5.364134e-01 -2.276553e-02 -3.544269e-02 2.692880e-03 6.345106e-02 -4.335132e-04
1.428292e+00 2.920624e-01 4.447090e-01 9.639980e-02 -5.294863e-02 3.477399e-02 4.158440e-03
9.866137e+00 3.249011e-01 -5.017288e-01 -8.143276e-02 4.925843e-02 3.189794e-02 -4.780865e-03
3.955117e+00 -8.362520e-01 -1.607015e-01 -1.586698e-01 8.359429e-03 -4.350047e-02 1.619077e-03
1.542751e+00 -5.920640e-01 5.063553e-01 -3.836467e-02 -3.013862e-02 -3.524006e-02 -3.919164e-03
7.977671e+00 6.015282e-01 -2.841278e-01 6.195249e-02 2.240893e-02 4.744204e-02 2.786396e-04
9.682558e-01 3.484120e-02 6.822091e-01 1.150582e-01 -4.931093e-02 2.518366e-03 -8.352937e-04
3.518643e+00 -1.928260e-01 1.562485e-01 -3.085762e-03 -5.762605e-02 -7.111618e-02 8.822430e-03
3.953431e+00 6.701370e-02 -8.504286e-02 -6.256946e-04 1.130120e-01 8.905335e-02 -1.595552e-03
2.635082e+00 3.496269e-01 -1.131467e-03 3.870375e-02 2.413929e-04 7.459118e-02 -1.105838e-03
7.202812e+00 6.430184e-01 -9.157539e-02 4.953048e-02 7.428653e-03 5.216206e-02 -4.364645e-03
3.442739e+00 -3.338644e-01 -2.441817e-01 -3.540132e-02 3.626847e-02 -4.958910e-02 1.017084e-03
9.385280e+00 -4.382820e-02 -1.583211e-01 1.439429e-02 1.120502e-01 -3.101896e-02 -2.345009e-03
3.629133e+00 -3.156168e-01 4.131927e-01 -6.644111e-02 -4.877161e-02 -3.725415e-02 3.987083e-03
8.721354e+00 -7.069375e-02 -3.572846e-02 -5.839855e-03 7.090428e-02 -1.402940e-01 -4.202577e-03
2.655914e+00 -3.295688e-01 4.974514e-01 3.543429e-02 -4.234849e-02 -2.805649e-02 9.207291e-04
4.191974e+00 -6.612536e-01 3.008256e-01 -3.397611e-02 -2.121451e-02 -4.663225e-02 -1.740332e-03
4.569441e+00 6.346496e-01 -4.430614e-01 1.689397e-02 2.463944e-02 3.529400e-02 1.085470e-03
2.702917e+00 -5.092870e-01 4.658581e-01 3.280131e-02 -3.680267e-02 -4.023354e-02 -2.699803e-03
8.404401e+00 -6.105157e-01 -4.835926e-01 4.331726e-02 3.286863e-02 -4.149529e-02 7.149579e-03
9.349160e+00 -6.815748e-03 -1.493771e-02 1.206678e-03 3.251190e-01 -1.483446e-01 1.123923e-02
3.708064e+00 -8.234376e-01 -4.068962e-01 3.249306e-02 1.830927e-02 -3.705255e-02 -2.930549e-03
9.317627e+00 3.380347e-01 -4.494716e-01 2.575681e-02 4.429936e-02 3.331627e-02 -3.743102e-03
8.813612e+00 6.575373e-02 -1.003444e-01 2.663794e-03 1.119285e-01 7.334457e-02 -6.768707e-03
5.763444e+00 -2.804941e-02 -1.507514e-02 7.172943e-06 1.036146e-01 -1.927896e-01 -4.169634e-03
9.845721e+00 5.893736e-01 5.469813e-01 -4.515929e-03 -3.015889e-02 3.249627e-02 4.562536e-03
3.289131e+00 -8.479214e-01 3.854824e-01 -1.159336e-01 -1.649284e-02 -3.627826e-02 5.904088e-04
8.927820e+00 -1.779529e-01 -5.453015e-01 -3.087116e-03 5.831830e-02 -1.903151e-02 -5.194416e-05
3.835955e+00 -5.836626e-01 7.862018e-02 8.551942e-03 -7.853224e-03 -5.830097e-02 1.372746e-03
9.026925e+00 -7.409257e-01 3.280303e-01 -2.097356e-01 -1.999923e-02 -4.517248e-02 1.582267e-03
4.237796e+00 7.759309e-01 5.760990e-02 5.740888e-02 -3.853608e-03 5.190312e-02 2.394626e-03
8.012725e+00 6.529026e-01 -3.952495e-01 2.090074e-02 2.219345e-02 3.666079e-02 -6.948258e-03
8.979920e+00 3.466095e-01 6.440430e-01 -7.089051e-02 -3.903295e-02 2.100665e-02 -6.926169e-04
9.079872e+00 1.422009e-01 -1.363409e-01 7.847507e-05 6.194896e-02 6.461155e-02 1.144985e-03
4.336492e+00 3.724109e-01 2.678876e-01 -2.213717e-02 -3.590059e-02 4.990814e-02 -9.849825e-05
1.726312e+00 1.714957e-01 2.044851e-01 -2.635577e-02 -6.114064e-02 5.127688e-02 1.825176e-05
8.260925e+00 -2.477339e-01 -1.956508e-01 -8.727250e-03 4.682261e-02 -5.928698e-02 2.449963e-03
6.409835e+00 3.150040e-01 -4.487770e-01 4.486894e-03 4.844092e-02 3.400148e-02 -5.753659e-04
4.889686e+00 4.233757e-01 -6.374001e-01 1.977987e-02 3.743097e-02 2.486250e-02 1.480944e-03
9.798843e+00 1.241767e-02 1.642084e-01 -1.334752e-02 -9.161885e-02 6.928348e-03 4.206608e-04
7.339874e+00 4.276257e-02 -5.376027e-01 1.213825e-02 6.278797e-02 4.994348e-03 -4.811309e-03
9.257977e+00 3.506901e-01 -3.496593e-03 5.495725e-02 8.011522e-04 8.035141e-02 -4.249007e-03
8.755756e+00 -4.323026e-01 -6.681566e-01 -2.159693e-02 3.687662e-02 -2.385947e-02 -1.984236e-04
6.537774e-01 5.990028e-01 -1.107330e-01 -8.113941e-02 1.051228e-02 5.686546e-02 2.615755e-04
8.552294e+00 -6.187376e-03 -8.437182e-02 5.104990e-03 1.643838e-01 -1.205503e-02 5.215114e-03
9.405137e+00 -8.095889e-01 -1.068357e-01 -8.256758e-04 6.084529e-03 -4.610787e-02 -1.430215e-03
6.743461e+00 -6.374105e-01 -2.618089e-01 -8.258187e-02 1.832038e-02 -4.460355e-02 1.479305e-03
7.333956e+00 3.427576e-01 4.586698e-03 -3.798979e-02 -8.837386e-04 6.604057e-02 1.192654e-03
3.105659e+00 9.328700e-01 2.283489e-02 1.885557e-02 -1.109095e-03 4.530967e-02 1.095230e-03
8.525385e+00 2.332353e-01 -1.671508e-01 -8.327555e-04 5.138545e-02 7.170113e-02 2.463279e-03
6.480636e+00 -3.746290e-01 -8.475242e-01 8.730253e-02 4.545907e-02 -2.009416e-02 -5.800038e-04
5.563682e+00 1.987911e-01 -1.282747e-01 -1.737076e-03 5.052943e-02 7.830699e-02 -4.315962e-03
5.320164e+00 4.778591e-01 -3.395660e-01 -7.276087e-02 3.472742e-02 4.887066e-02 2.607889e-03
5.746504e+00 7.618018e-02 3.709624e-01 -8.367488e-03 -6.089542e-02 1.250537e-02 2.863891e-03
7.135552e+00 3.922373e-01 -5.675664e-01 5.506604e-02 4.521782e-02 3.124942e-02 1.778176e-04
3.837739e+00 -7.337997e-01 -1.885586e-01 6.002743e-02 1.312472e-02 -5.107652e-02 -2.151660e-03
6.833174e+00 -3.792730e-01 7.611697e-01 7.059524e-02 -4.211187e-02 -2.098336e-02 -1.400733e-03
4.654761e+00 -6.124076e-01 4.802446e-01 -9.213470e-02 -3.035385e-02 -3.870720e-02 -4.526316e-03
3.127123e+00 3.125224e-01 -9.858319e-02 -2.594965e-02 2.084605e-02 6.608486e-02 -8.712129e-04
1.424716e+00 -1.762402e-01 8.940342e-04 6.037590e-03 -4.517703e-04 -8.905711e-02 1.092903e-03
5.308095e+00 8.782700e-01 9.614056e-02 1.023758e-01 -5.137736e-03 4.693461e-02 -1.880061e-03
2.829508e+00 2.424958e-01 3.959052e-01 2.925557e-02 -5.829437e-02 3.570588e-02 -2.909754e-03
5.833454e+00 -8.880664e-02 -3.012793e-02 -8.976996e-03 4.157764e-02 -1.225564e-01 -2.076910e-03
3.078175e+00 2.828993e-01 4.352715e-01 5.812707e-02 -5.132393e-02 3.335735e-02 -5.800902e-04
2.074682e+00 4.511794e-01 -1.832973e-01 -6.775233e-02 2.095875e-02 5.158916e-02 -5.329077e-03
4.715196e+00 2.445221e-02 -3.196292e-01 -4.938191e-03 8.372759e-02 6.405309e-03 1.374647e-03
4.108947e+00 6.174556e-01 1.461069e-01 -1.066906e-01 -1.316911e-02 5.565339e-02 -2.753858e-03
9.444855e+00 -5.068371e-01 -1.368388e-01 -3.061430e-02 1.545276e-02 -5.723546e-02 3.031753e-03
7.894810e+00 1.215118e-01 -3.530755e-01 -2.630861e-02 7.241191e-02 2.492074e-02 2.521849e-03
6.336971e+00 -3.009466e-02 7.829069e-02 8.804564e-04 -1.363766e-01 -5.242268e-02 8.912756e-03
7.725960e+00 -9.989859e-02 -1.946778e-01 -7.518422e-03 7.084819e-02 -3.635564e-02 -3.905567e-03
4.966277e+00 -6.586221e-01 -5.875610e-01 -3.246116e-02 3.141768e-02 -3.521741e-02 -3.340321e-03
2.456838e+00 4.210717e-01 -7.980492e-04 -3.037069e-02 1.363884e-04 7.196209e-02 7.207690e-03
6.347301e+00 6.776795e-01 3.297062e-01 -1.103852e-02 -1.937460e-02 3.982262e-02 -3.504208e-04
9.774728e+00 1.719692e-02 7.589068e-03 7.577568e-04 -1.268094e-01 2.873516e-01 -2.012892e-02
2.156143e+00 3.966698e-02 7.013922e-01 4.750418e-02 -5.310428e-02 3.003293e-03 -3.518487e-03
7.747835e+00 -1.219583e-01 3.842223e-01 2.116839e-02 -6.078736e-02 -1.929488e-02 -1.094401e-03
5.214041e+00 -1.671794e-01 -2.175260e-01 1.466398e-02 5.891181e-02 -4.527660e-02 2.345941e-03
6.412706e-01 5.192804e-01 -3.790105e-02 5.672615e-02 4.359942e-03 5.973535e-02 -1.030448e-03
4.148653e+00 -2.558636e-02 2.736010e-01 -4.229181e-02 -8.908080e-02 -8.330572e-03 -3.455092e-03
8.954217e+00 -1.088458e-01 2.471663e-01 -3.737338e-02 -8.354735e-02 -3.679215e-02 5.451669e-03
3.590645e+00 1.112826e-02 -3.876870e-01 -9.437640e-02 7.058627e-02 2.026125e-03 1.567431e-03
4.374733e+00 -2.491311e-01 -5.768769e-01 1.131173e-01 4.358336e-02 -1.882199e-02 2.099210e-03
7.856539e+00 -1.089137e-01 -6.212593e-02 2.016584e-04 5.709537e-02 -1.000946e-01 -4.110031e-03
2.482475e+00 -1.233986e-01 5.480833e-01 7.130618e-02 -6.078164e-02 -1.368473e-02 3.180388e-04
9.403189e+00 -4.778910e-01 -4.344097e-01 -3.805967e-02 3.735550e-02 -4.109452e-02 1.134962e-03
6.742912e+00 -2.611899e-01 6.313241e-02 -5.940296e-03 -1.813569e-02 -7.503054e-02 -2.344926e-03
1.320165e+00 6.146563e-01 7.626311e-01 1.647700e-01 -2.913047e-02 2.347823e-02 2.276939e-03
7.819432e-01 1.329400e-01 -3.103662e-01 3.058846e-02 6.168476e-02 2.642159e-02 -4.279233e-04
9.638137e+00 5.087733e-01 -6.240969e-01 -7.796267e-02 3.699740e-02 3.016084e-02 -1.776679e-03
1.563558e+00 -1.733302e-01 5.916449e-01 1.102695e-02 -5.449309e-02 -1.596447e-02 -8.344646e-04
6.803166e+00 5.927362e-01 -2.903541e-01 1.023139e-02 2.457675e-02 5.017161e-02 6.761806e-04
