9.026177e+09 0.000000e+00 0.000000e+00 0.000000e+00 0.000000e+00 0.000000e+00 0.000000e+00
5.907059e+00 6.710013e-01 -2.976155e-01 -4.448610e-02 1.903788e-02 4.292264e-02 1.917455e-03
7.964147e+00 6.852563e-01 5.348075e-01 1.328722e-02 -2.934223e-02 3.759661e-02 5.584608e-04
2.781280e+00 5.956238e-01 -5.151527e-01 5.190145e-02 3.492510e-02 4.038068e-02 -1.191058e-03
2.819939e+00 -1.462623e-02 2.028664e-02 -3.836268e-03 -1.964539e-01 -1.416390e-01 2.182550e-03
4.852065e+00 -8.966647e-01 -1.700831e-01 1.402934e-01 8.870678e-03 -4.676553e-02 -2.856131e-03
5.155003e+00 -2.753600e-01 2.284368e-01 -5.257427e-02 -5.087498e-02 -6.132521e-02 1.674472e-03
6.232215e+00 1.576152e-01 -2.645158e-02 -1.277908e-02 1.970942e-02 1.174412e-01 -5.764371e-03
2.637533e+00 -3.738333e-01 -6.989183e-01 -1.133532e-01 3.940315e-02 -2.107573e-02 2.362475e-03
3.670864e+00 -1.656851e-01 3.336187e-01 2.512072e-02 -6.771835e-02 -3.363097e-02 2.478285e-06
2.011337e+00 -2.230967e-01 5.116794e-02 1.735213e-02 -2.236679e-02 -9.752118e-02 5.528950e-03
4.468732e+00 5.991532e-01 -2.149730e-01 6.651203e-02 1.609078e-02 4.484676e-02 -1.946871e-03
3.516780e+00 4.728260e-01 -4.139601e-01 3.332530e-02 3.412190e-02 3.897410e-02 -1.184087e-03
7.372941e+00 -9.840508e-01 -1.496259e-01 4.394548e-04 7.176387e-03 -4.719723e-02 8.597309e-04
6.403372e+00 3.994600e-01 -4.692787e-01 1.797800e-02 4.331240e-02 3.686843e-02 -4.502083e-03
3.731769e+00 -5.957761e-01 -1.801036e-01 2.224192e-02 1.729124e-02 -5.719877e-02 1.654917e-03
4.239620e+00 2.946754e-02 5.911522e-01 -8.296586e-02 -5.519994e-02 2.751587e-03 -4.162692e-03
9.429391e+00 5.162801e-01 1.431687e-01 1.524483e-02 -1.376340e-02 4.963215e-02 2.725562e-04
9.646931e+00 1.532732e-01 5.167725e-01 4.033296e-02 -5.978006e-02 1.773059e-02 -1.200250e-03
1.662934e+00 1.150338e-01 4.139789e-02 7.344987e-03 -4.342674e-02 1.206715e-01 -4.497265e-03
4.036496e+00 5.630926e-01 3.275058e-01 1.124742e-02 -2.558597e-02 4.399088e-02 -1.501828e-03
9.624035e+00 8.973681e-02 1.422086e-01 9.212101e-03 -9.675402e-02 6.105394e-02 -1.506290e-03
9.536032e+00 5.781027e-02 -6.023668e-01 -3.315632e-02 5.657677e-02 5.429778e-03 3.714023e-05
9.645946e+00 -1.374854e-02 7.833481e-01 1.408450e-02 -5.386325e-02 -9.453534e-04 -4.433501e-03
9.941852e+00 4.786601e-01 -5.897474e-01 1.271987e-01 3.768444e-02 3.058605e-02 3.490984e-04
6.285503e+00 9.055069e-02 1.193357e-01 -2.375783e-03 -8.922638e-02 6.770408e-02 -3.116858e-03
7.001212e+00 -5.342963e-01 7.426445e-01 1.682487e-01 -3.236461e-02 -2.328475e-02 -1.217014e-03
6.910628e+00 7.012759e-01 -2.575621e-01 -1.277692e-01 1.747515e-02 4.758039e-02 -1.672750e-04
6.016208e+00 1.051773e-01 -4.027431e-01 3.861645e-02 6.665918e-02 1.740819e-02 4.021964e-03
2.545318e+00 -4.248606e-02 -7.014515e-02 5.543599e-03 1.397180e-01 -8.462545e-02 -4.811891e-03
1.769198e+00 -2.719976e-01 -6.422031e-02 2.203885e-02 1.822844e-02 -7.720444e-02 3.215568e-04
4.381242e+00 7.196043e-01 3.020021e-01 1.255768e-01 -1.936619e-02 4.614534e-02 1.914957e-03
7.748074e+00 -4.194916e-02 -4.061267e-02 2.461779e-03 1.239060e-01 -1.279835e-01 -1.731046e-03
9.306045e+00 -2.180387e-01 4.309712e-02 -4.028004e-03 -2.007878e-02 -1.015834e-01 2.733982e-03
1.090938e+00 -6.768605e-01 1.535374e-01 -1.722906e-02 -1.106612e-02 -4.878435e-02 -3.446305e-04
8.558536e+00 -1.136953e-02 -3.903839e-02 2.562018e-04 1.869066e-01 -5.443461e-02 -4.985014e-03
7.832679e+00 -4.406804e-01 8.345098e-01 3.463058e-02 -3.856954e-02 -2.036746e-02 1.185685e-03
7.014264e+00 -8.482810e-01 -1.228389e-01 -1.379916e-01 6.879144e-03 -4.750488e-02 -4.208737e-03
5.287461e-01 -5.708785e-02 2.673363e-01 -2.562756e-02 -7.259142e-02 -1.550140e-02 3.153441e-03
8.643878e+00 -1.205533e-01 8.063636e-01 -5.807958e-02 -5.289069e-02 -7.907286e-03 -4.418332e-05
3.510839e+00 5.068221e-01 -3.348603e-01 -1.904095e-03 2.805961e-02 4.246915e-02 -1.377061e-03
8.929812e+00 -2.048812e-01 -4.893790e-01 8.249367e-03 5.963095e-02 -2.496483e-02 4.069878e-03
6.509723e+00 -7.526203e-01 -1.395238e-01 -1.333085e-03 8.999531e-03 -4.854533e-02 2.152344e-03
6.657589e+00 -4.857469e-01 3.157424e-01 8.263568e-02 -3.451004e-02 -5.309121e-02 8.679176e-04
3.353071e+00 -8.028170e-03 -5.979401e-01 1.825857e-02 5.194241e-02 -6.973985e-04 -6.637239e-03
9.528539e-01 -2.771675e-01 -6.056559e-01 -6.143795e-03 5.382135e-02 -2.463037e-02 -5.983853e-04
3.039235e+00 -3.091349e-01 -5.344682e-01 -1.386606e-01 5.265174e-02 -3.045362e-02 3.829048e-03
1.035880e+00 2.176736e-02 5.606447e-01 5.666258e-02 -6.105067e-02 2.370328e-03 -3.367111e-03
4.304988e+00 -1.908131e-01 -6.122517e-01 1.263706e-02 5.209176e-02 -1.623481e-02 4.330789e-03
3.691303e+00 4.149644e-02 4.940942e-02 1.802486e-03 -1.224656e-01 1.028526e-01 4.128599e-03
9.204703e-01 -2.122452e-01 -1.140573e-01 -2.123430e-03 4.442296e-02 -8.266514e-02 -1.875445e-03
1.804998e+00 5.958395e-01 -3.727698e-01 9.190332e-02 2.540338e-02 4.060506e-02 -6.849990e-04
8.049313e+00 7.374432e-01 -3.128774e-01 -5.384400e-02 2.100275e-02 4.950289e-02 -5.614131e-03
4.091000e+00 5.808138e-02 9.155465e-02 -8.065712e-03 -1.086819e-01 6.894675e-02 1.258119e-02
1.323844e+00 6.440576e-01 -3.754389e-02 5.720665e-03 3.448337e-03 5.915549e-02 1.142074e-04
3.658853e+00 9.066015e-01 -1.399723e-01 4.477533e-02 7.679282e-03 4.973877e-02 1.290921e-03
1.613433e+00 -3.598615e-01 6.175294e-01 -4.615204e-02 -4.516273e-02 -2.631830e-02 -1.288254e-03
1.542756e+00 -1.030531e-01 -1.634331e-01 -2.666343e-02 8.873598e-02 -5.595268e-02 6.645569e-03
9.146805e-01 -2.452872e-01 9.794986e-02 6.680624e-03 -3.461051e-02 -8.667205e-02 5.124178e-03
4.238570e+00 4.552641e-02 -3.718556e-02 -3.593434e-03 1.031040e-01 1.262306e-01 2.371401e-03
4.306125e+00 -1.122332e-02 -1.845728e-01 1.389020e-02 1.017277e-01 -6.185761e-03 -2.890728e-03
1.160514e+00 6.242861e-02 7.599829e-01 4.675639e-03 -5.032462e-02 4.133904e-03 3.792622e-03
9.209119e+00 -9.905380e-02 -7.913194e-01 8.269309e-02 5.120854e-02 -6.410055e-03 -2.162069e-03
6.666143e-01 -7.229506e-04 -3.668888e-03 5.009882e-04 6.224369e-01 -1.226506e-01 -5.689151e-04
7.617375e-01 2.865721e-01 -2.457008e-01 -5.963804e-03 4.466499e-02 5.209483e-02 1.271717e-03
5.931440e+00 -2.548157e-01 2.181806e-01 -2.505777e-02 -4.737779e-02 -5.533308e-02 -8.588360e-04
7.773902e-01 1.396643e-01 -2.450695e-01 1.021314e-02 6.435656e-02 3.667661e-02 5.009728e-05
9.891088e+00 9.025278e-01 -1.734761e-01 4.164605e-02 9.427121e-03 4.904560e-02 3.979754e-04
4.501445e+00 -1.764932e-02 1.859971e-04 -1.613527e-03 -3.074357e-03 -2.917267e-01 -1.929698e-03
1.720888e+00 2.418981e-01 -2.095734e-01 -6.404947e-03 5.272959e-02 6.086263e-02 -6.862620e-03
6.123283e+00 1.575393e-01 4.848673e-01 -5.486915e-02 -5.010697e-02 1.628037e-02 -2.834347e-03
2.809899e+00 3.377473e-01 -7.717474e-01 6.866900e-02 3.894195e-02 1.704255e-02 7.508044e-04
5.309846e+00 -2.513264e-01 1.747415e-01 8.714477e-02 -4.934026e-02 -7.096490e-02 -3.258836e-03
1.061818e+00 -2.198272e-01 -2.913933e-01 -2.342074e-02 5.728467e-02 -4.321557e-02 2.511768e-04
7.228100e+00 -1.219492e-02 -1.576158e-02 -3.419723e-03 2.468350e-01 -1.909791e-01 1.391400e-02
5.807019e+00 9.147360e-01 -2.369922e-01 1.318060e-01 1.223313e-02 4.721712e-02 4.416408e-03
7.859140e+00 -5.017745e-01 -6.298113e-01 -3.164844e-02 4.229552e-02 -3.369710e-02 -3.147477e-03
9.276118e+00 4.651949e-02 -2.600925e-01 5.498456e-03 8.142090e-02 1.456273e-02 1.565622e-03
8.395740e-01 3.009331e-01 -3.452130e-01 7.989756e-03 4.733412e-02 4.126264e-02 -2.077561e-03
7.356271e+00 -1.370978e-01 -4.148068e-02 5.585052e-04 2.928288e-02 -9.678290e-02 -5.029616e-03
2.833873e+00 -6.343964e-02 -5.899316e-01 -3.253184e-02 5.506749e-02 -5.921807e-03 3.075334e-03
6.198584e+00 1.881503e-01 1.771300e-02 2.587447e-02 -1.030510e-02 1.094624e-01 -1.422181e-04
8.926114e+00 7.742370e-02 5.045049e-01 1.011445e-01 -6.375862e-02 9.784698e-03 -2.412483e-03
1.696312e+00 -7.528769e-01 4.286663e-01 -8.683674e-03 -2.067384e-02 -3.630996e-02 2.106399e-03
6.714577e+00 -5.365031e-02 -3.876124e-01 2.141985e-02 7.689056e-02 -1.064260e-02 8.419361e-03
1.161320e+00 4.298203e-01 -7.507794e-02 -8.496361e-02 1.234310e-02 7.066410e-02 5.521475e-03
1.163652e+00 3.982227e-01 5.643875e-01 4.896151e-02 -4.329677e-02 3.054950e-02 4.350950e-04
5.635282e+00 1.665591e-02 -3.692332e-01 -4.993582e-02 6.794202e-02 3.064827e-03 4.963930e-03
2.401577e+00 -3.317186e-01 -7.290754e-01 2.741809e-02 4.113953e-02 -1.871788e-02 -4.199767e-03
5.284642e+00 1.250605e-01 3.041831e-01 -8.204794e-03 -6.472746e-02 2.661176e-02 -8.098902e-03
8.917672e+00 5.008991e-01 1.507314e-01 6.861080e-02 -1.782094e-02 5.922118e-02 -3.497029e-03
3.054116e+00 -4.280814e-01 2.936527e-01 -5.017656e-02 -3.306386e-02 -4.819988e-02 -3.601868e-04
1.954588e+00 -2.362398e-01 -3.411866e-01 -2.028622e-02 6.014270e-02 -4.164318e-02 -2.020267e-03
3.113776e+00 2.117336e-01 2.441749e-01 -4.826361e-02 -5.774967e-02 5.007698e-02 2.989224e-03
4.948080e+00 -3.103480e-02 8.685323e-01 1.082950e-01 -5.180654e-02 -1.851175e-03 -9.893039e-04
7.347518e+00 1.566736e-01 -2.850743e-01 -3.648582e-02 6.900977e-02 3.792699e-02 1.741028e-03
4.491681e+00 -1.588271e-01 -1.394303e-01 1.487161e-02 6.493142e-02 -7.396432e-02 -3.111286e-03
7.033011e+00 -8.216565e-01 -2.293531e-01 1.224806e-02 1.371483e-02 -4.913332e-02 -1.916426e-03
5.080189e+00 -4.344839e-03 -7.221166e-01 -8.750068e-02 4.991494e-02 -3.003288e-04 1.093496e-03
7.427151e+00 1.600637e-02 7.788650e-02 -4.752477e-03 -1.427551e-01 2.933744e-02 9.089063e-03
3.501440e+00 1.333156e-01 -3.375333e-01 5.946621e-03 7.401137e-02 2.923229e-02 -7.428632e-03
5.506956e+00 2.295374e-01 -3.216548e-01 1.227104e-02 5.558843e-02 3.966868e-02 -8.964516e-04
6.911046e+00 6.781813e-01 -2.009909e-01 -4.070368e-02 1.617230e-02 5.456840e-02 -1.018635e-03
8.003572e+00 1.759372e-01 8.058891e-01 -9.181159e-02 -5.076010e-02 1.108166e-02 -4.736765e-04
4.397009e+00 -4.086600e-03 5.410112e-02 4.213817e-03 -1.809113e-01 -1.366537e-02 -5.365725e-03
4.152765e+00 5.057633e-01 2.273533e-01 4.702843e-02 -2.301997e-02 5.120952e-02 3.403579e-04
4.572412e+00 6.667066e-01 1.601122e-01 8.641276e-02 -1.340316e-02 5.581073e-02 -4.623955e-04
6.685484e+00 -4.092120e-02 5.771532e-02 7.730602e-03 -1.239068e-01 -8.785213e-02 8.325715e-03
2.791422e+00 -3.543922e-01 9.184685e-01 3.802937e-04 -4.281094e-02 -1.651865e-02 -2.585228e-03
1.740053e+00 -1.148378e-01 -1.180868e-01 4.100576e-05 8.184131e-02 -7.958959e-02 6.712785e-03
1.489539e+00 6.009744e-01 7.337689e-01 2.869835e-02 -3.397105e-02 2.782311e-02 1.270740e-03
4.661099e+00 -4.629496e-01 -6.555947e-01 3.030298e-02 3.923602e-02 -2.770660e-02 -2.435631e-03
5.829036e-01 4.494020e-01 7.385916e-01 6.063420e-02 -3.884363e-02 2.363472e-02 4.128407e-04
5.265292e+00 6.124119e-01 5.497463e-01 -1.866221e-01 -3.230305e-02 3.598527e-02 -6.300247e-04
1.553428e+00 2.408533e-01 -1.105644e-01 5.225045e-03 3.867619e-02 8.425218e-02 3.152162e-03
7.710280e+00 7.294042e-02 -1.858669e-01 1.470100e-02 8.358835e-02 3.280287e-02 -1.341489e-03
7.610393e+00 -2.499487e-01 -1.213914e-01 -1.964151e-02 3.848278e-02 -7.923728e-02 -6.315084e-03
6.859111e-01 -1.026467e-01 2.718154e-01 3.891931e-02 -7.994342e-02 -3.018933e-02 -4.639824e-03
4.418914e+00 9.393976e-02 -2.231703e-01 3.781791e-03 7.088052e-02 2.983596e-02 1.600272e-03
7.452398e+00 4.655401e-02 1.795935e-02 -5.359017e-04 -6.204693e-02 1.608373e-01 7.538670e-03
3.407299e+00 3.228832e-01 -5.922013e-01 1.087776e-01 4.002013e-02 2.181999e-02 -9.163902e-04
2.456122e+00 8.316884e-01 4.134922e-01 4.027463e-02 -1.991085e-02 4.004820e-02 1.581405e-03
3.649748e+00 -7.471073e-02 -9.498916e-01 -2.376927e-03 4.523495e-02 -3.557813e-03 -1.687738e-03
3.363995e+00 -1.000799e-01 -3.050624e-01 -2.797399e-02 6.691113e-02 -2.195111e-02 -7.554881e-04
8.261921e+00 -1.064537e-02 -9.346625e-01 3.753506e-02 3.943447e-02 -4.491403e-04 3.208568e-04
9.758832e+00 1.902423e-01 9.371146e-01 -4.055109e-02 -4.109381e-02 8.342396e-03 -1.063820e-03
8.853024e+00 -2.628034e-02 3.175835e-01 -3.354622e-02 -7.197847e-02 -5.956289e-03 1.209679e-04
6.742065e+00 -6.667016e-01 3.971868e-01 7.977457e-02 -2.473506e-02 -4.151926e-02 -5.784462e-04
6.044067e+00 -7.759313e-01 -3.957138e-02 -5.574538e-02 2.659464e-03 -5.214783e-02 9.537072e-04
9.963135e+00 2.133848e-01 -1.689682e-01 -1.179335e-02 4.554580e-02 5.751838e-02 -1.371098e-03
6.989670e+00 1.843636e-03 1.342752e-02 2.099845e-03 -3.377966e-01 4.638040e-02 1.234556e-02
4.820110e+00 9.292210e-01 1.277764e-01 -1.393788e-02 -6.578082e-03 4.783741e-02 -1.566715e-03
1.020349e+00 -7.115636e-01 1.603811e-01 2.166652e-02 -1.226612e-02 -5.442112e-02 1.497055e-03
2.414025e+00 1.990870e-01 6.052715e-01 -3.691341e-02 -4.946727e-02 1.627086e-02 -5.775086e-03
7.193977e+00 -8.457833e-01 -1.466675e-01 8.116213e-02 7.965609e-03 -4.593505e-02 2.875035e-03
3.019344e+00 1.885774e-01 4.300315e-01 6.830815e-02 -5.204486e-02 2.282271e-02 6.540438e-04
3.625280e+00 4.717236e-03 3.397594e-03 8.697043e-05 -3.563312e-01 4.947320e-01 -3.133322e-02
3.534609e+00 8.087332e-01 5.394253e-01 -1.563436e-01 -2.119040e-02 3.176970e-02 -2.296736e-03
9.936497e+00 -1.860232e-01 1.586370e-01 -3.560540e-02 -5.539682e-02 -6.496025e-02 -2.841642e-03
6.512604e+00 -1.176930e-01 -1.161533e-01 1.570767e-02 6.494389e-02 -6.580478e-02 -4.413247e-04
9.609049e+00 -7.356781e-01 3.027693e-01 -6.101823e-04 -2.023069e-02 -4.915717e-02 -2.692842e-03
9.066860e+00 -1.689933e-01 3.175196e-01 1.029604e-03 -6.710571e-02 -3.571564e-02 -5.396563e-03
1.423480e+00 -1.869602e-01 -7.869426e-01 8.953455e-02 4.910972e-02 -1.166739e-02 -3.525332e-05
9.435115e+00 -3.015718e-01 5.435687e-01 -1.114666e-02 -5.314065e-02 -2.948243e-02 1.321949e-04
1.676787e+00 -9.629628e-02 3.545580e-01 8.546511e-04 -7.491771e-02 -2.034730e-02 1.067795e-03
1.277666e+00 1.034496e-01 -2.975556e-02 -1.198826e-02 4.031090e-02 1.401468e-01 6.960826e-03
2.723931e+00 -1.539019e-01 -6.515481e-01 -7.521061e-02 4.909263e-02 -1.159615e-02 8.082207e-04
1.140501e+00 -1.168161e-01 -1.141672e-01 -1.130282e-02 7.926539e-02 -8.110452e-02 2.966607e-03
8.003996e-01 -1.048840e-02 -9.893356e-01 -2.359657e-02 4.680790e-02 -4.962319e-04 -7.150597e-04
9.979246e+00 -5.049560e-01 -6.696589e-01 1.377993e-03 3.311462e-02 -2.497006e-02 2.268212e-03
1.642542e+00 2.810079e-01 -3.503027e-01 5.220158e-02 5.488027e-02 4.402419e-02 -1.038882e-03
5.735714e+00 2.344040e-01 1.760894e-01 -1.986042e-02 -4.873258e-02 6.487111e-02 -7.330152e-03
2.321461e+00 -1.176723e-01 2.105602e-02 3.808698e-03 -2.425587e-02 -1.355547e-01 2.200252e-05
8.560848e+00 1.784186e-01 4.500131e-01 1.071200e-01 -5.505988e-02 2.182983e-02 1.765350e-03
4.097129e+00 5.148844e-02 2.643303e-01 4.795569e-02 -7.701571e-02 1.500175e-02 2.581295e-03
3.129829e+00 -4.872515e-01 -2.395649e-01 6.057192e-02 2.344979e-02 -4.769459e-02 1.385280e-03
7.947170e+00 -2.696241e-01 6.445700e-01 5.900475e-02 -4.618744e-02 -1.932024e-02 1.871830e-04
3.032660e+00 7.821717e-01 2.531669e-01 1.032032e-01 -1.380904e-02 4.266371e-02 -7.225198e-04
3.628800e+00 3.760034e-01 4.812062e-01 -6.822252e-02 -4.111620e-02 3.212725e-02 -1.396530e-03
8.050920e+00 6.511077e-01 -7.206875e-01 6.391076e-02 3.123941e-02 2.822336e-02 -2.886014e-04
9.125552e+00 4.174444e-01 3.831370e-01 1.870705e-02 -4.093514e-02 4.460060e-02 4.092934e-04
2.017531e+00 -6.790493e-01 -2.499768e-02 -3.943789e-02 2.180663e-03 -5.923658e-02 -1.732210e-03
1.541143e+00 3.453129e-01 2.413542e-01 1.004322e-01 -3.552228e-02 5.082282e-02 -1.304531e-03
3.572362e+00 -3.130685e-02 -3.196570e-01 2.039405e-02 6.907989e-02 -6.765607e-03 -5.053126e-04
3.822029e+00 -1.868069e-02 3.671299e-01 -4.952029e-02 -7.277232e-02 -3.702879e-03 -6.372759e-04
1.442336e+00 3.884374e-01 -5.139757e-01 -4.329698e-02 4.135559e-02 3.125451e-02 1.370860e-03
9.547828e+00 7.236221e-01 3.258005e-01 -1.233619e-02 -1.924937e-02 4.275399e-02 -1.553196e-03
7.334542e+00 -8.423684e-01 -2.195514e-01 1.603693e-01 1.273613e-02 -4.886560e-02 3.065327e-03
5.347705e+00 -5.614477e-01 -1.555794e-02 5.725946e-02 1.560874e-03 -5.632810e-02 4.113363e-03
6.792127e+00 -1.743953e-01 -5.497243e-01 -4.792339e-02 5.426074e-02 -1.721375e-02 -3.095237e-03
2.777834e+00 -1.263939e-01 -1.722647e-01 -1.192350e-02 6.762593e-02 -4.961843e-02 4.260923e-03
2.353514e+00 -9.772023e-02 -1.146352e-01 -1.899636e-03 9.545228e-02 -8.136782e-02 -1.450884e-03
6.941333e+00 -5.098561e-01 3.227207e-02 -6.082909e-02 -3.340885e-03 -5.278158e-02 -1.437628e-04
5.338239e-01 -8.119590e-02 4.946454e-02 -2.836941e-02 -7.183042e-02 -1.179094e-01 -6.414431e-03
5.672940e+00 -2.687519e-01 6.249928e-01 1.448213e-03 -5.208990e-02 -2.239907e-02 1.049344e-03
6.660211e+00 1.852625e-01 5.340072e-01 -5.890236e-02 -5.107657e-02 1.771994e-02 -5.707645e-03
6.377973e+00 2.061770e-01 -5.861286e-01 -3.146870e-02 5.771954e-02 2.030347e-02 -6.566435e-03
1.524469e+00 9.640631e-01 -1.400913e-01 1.130933e-01 6.215165e-03 4.277077e-02 1.603468e-03
9.035954e+00 -9.711339e-01 -2.870413e-02 -1.355316e-01 1.137346e-03 -3.847933e-02 6.822651e-04
1.759051e+00 -3.548904e-01 -2.266049e-01 6.427617e-02 3.184664e-02 -4.987567e-02 -3.600704e-03
6.702636e-01 -3.912907e-01 3.192357e-01 1.395659e-02 -3.881376e-02 -4.757446e-02 2.315329e-03
4.874226e+00 1.406459e-01 3.514646e-01 -1.658796e-02 -5.926034e-02 2.371426e-02 -5.031089e-03
6.725550e+00 -6.922229e-04 -6.877493e-02 8.585484e-03 1.718768e-01 -1.729948e-03 -1.913239e-02
8.743394e+00 3.840677e-01 7.125823e-01 2.941921e-02 -4.524034e-02 2.438364e-02 -2.124655e-03
1.180721e+00 -3.125649e-01 -8.492287e-02 1.114367e-02 1.815477e-02 -6.681998e-02 -5.545821e-03
4.565454e+00 2.567847e-01 -4.044917e-02 2.206167e-02 1.203386e-02 7.639491e-02 1.690499e-03
4.320947e+00 -4.722195e-01 1.052114e-02 1.040699e-01 -1.223450e-03 -5.491203e-02 -1.189163e-03
2.959281e+00 -1.449434e-01 -3.515785e-01 8.037713e-02 5.867711e-02 -2.419049e-02 -4.070343e-03
8.620904e+00 -6.802430e-02 5.324361e-02 4.200423e-03 -8.295532e-02 -1.059841e-01 2.513228e-03
8.305927e+00 -5.806360e-01 7.334747e-01 7.579662e-02 -3.097131e-02 -2.451763e-02 2.466282e-03
1.128157e+00 6.681217e-01 -2.452866e-01 -2.749211e-02 1.807835e-02 4.924255e-02 -1.733963e-03
4.163579e+00 4.281409e-01 -8.660962e-01 -1.012944e-01 4.022869e-02 1.988641e-02 -3.130239e-04
1.336809e+00 3.983003e-02 -4.948056e-01 1.837734e-02 5.898524e-02 4.748095e-03 -2.917212e-03
9.415240e+00 -5.016099e-01 2.543738e-01 -7.242832e-02 -2.256060e-02 -4.448815e-02 2.287309e-03
1.575706e+00 7.801113e-01 -1.748267e-01 8.049375e-03 1.158706e-02 5.170377e-02 -9.317977e-04
5.357686e+00 -2.985421e-01 6.733714e-01 -6.917536e-03 -5.001208e-02 -2.217307e-02 2.613429e-03
7.389752e+00 -1.218120e-01 9.048905e-01 3.721346e-03 -4.049948e-02 -5.451843e-03 -3.027730e-03
5.591272e-01 2.436905e-01 -1.519896e-01 4.392523e-03 3.783788e-02 6.066689e-02 4.053749e-03
9.067284e+00 -2.046569e-01 1.354665e-01 -4.432696e-02 -4.433029e-02 -6.697228e-02 -1.774268e-04
2.860987e+00 4.476525e-01 -2.962138e-01 -1.099608e-02 3.228470e-02 4.879019e-02 -1.823969e-03
1.822006e+00 5.234294e-01 3.136158e-01 1.347881e-02 -2.663832e-02 4.445974e-02 2.108269e-03
3.870761e+00 2.581932e-01 3.026918e-01 -5.290652e-02 -4.618828e-02 3.939817e-02 -5.994650e-04
1.374401e+00 1.335896e-01 -2.988673e-01 -1.578270e-02 7.749786e-02 3.464049e-02 1.050904e-02
7.234729e+00 -9.148093e-01 1.402751e-01 8.327857e-02 -6.221993e-03 -4.057695e-02 5.768642e-04
3.056629e+00 6.636156e-01 4.339510e-01 8.715730e-02 -2.950412e-02 4.511891e-02 -7.500330e-04
5.026894e-01 6.236355e-01 -1.919091e-01 2.126037e-02 1.684983e-02 5.475586e-02 -1.769125e-03
9.804965e+00 3.332246e-01 -5.794763e-01 3.980329e-02 4.660869e-02 2.680206e-02 -5.297020e-03
5.553932e+00 8.206887e-01 5.393330e-02 -2.276768e-02 -3.436018e-03 5.228498e-02 5.391368e-04
9.392928e+00 -8.035653e-01 1.881037e-01 -1.476435e-01 -9.470071e-03 -4.045545e-02 -2.451935e-03
5.032333e+00 8.035205e-02 3.660090e-01 -2.066251e-02 -7.553206e-02 1.658198e-02 5.704254e-03
5.861441e+00 2.866807e-02 7.588945e-01 -1.107396e-02 -5.579520e-02 2.107725e-03 -3.239875e-03
8.906473e+00 -5.876465e-01 4.149133e-01 -7.241879e-02 -2.617049e-02 -3.706556e-02 1.926842e-03
9.800892e+00 -8.418368e-01 -6.463458e-02 -1.039100e-01 3.648936e-03 -4.752577e-02 8.629517e-04
3.515615e+00 1.649358e-01 -3.567998e-01 9.451109e-03 7.003398e-02 3.237420e-02 2.448096e-03
7.636764e+00 -8.862529e-02 -2.823259e-01 1.281756e-02 8.516605e-02 -2.673458e-02 -1.279322e-03
5.433894e+00 -3.468050e-01 -2.840707e-01 7.120469e-03 3.990735e-02 -4.872051e-02 -9.043232e-04
1.663906e+00 2.993520e-01 -9.676985e-04 -9.523160e-03 2.688210e-04 8.315822e-02 -2.316441e-03
1.852322e+00 -8.699067e-03 -5.573971e-02 2.983077e-03 1.899906e-01 -2.965105e-02 -1.086830e-03
1.967522e+00 8.604010e-01 4.192838e-01 -5.578271e-02 -2.161434e-02 4.435421e-02 5.184768e-04
3.531555e+00 -3.722229e-01 -1.099604e-01 3.830053e-02 2.197080e-02 -7.437254e-02 -1.893108e-03
1.228112e+00 8.713416e-02 7.365441e-02 2.069488e-03 -8.683577e-02 1.027279e-01 -2.782252e-04
6.576454e+00 -2.398362e-01 3.006349e-01 2.503318e-03 -6.012206e-02 -4.796333e-02 1.694136e-03
9.758323e+00 -4.565020e-01 -1.017156e-01 4.156890e-02 1.217524e-02 -5.464275e-02 -8.973901e-04
6.027646e+00 5.125662e-02 2.567250e-01 -1.406511e-02 -7.890672e-02 1.575418e-02 -6.559147e-04
4.795782e+00 8.890057e-02 -4.850002e-01 3.412208e-02 5.413670e-02 9.923261e-03 -1.621937e-03
7.943571e+00 -2.827100e-02 1.651010e-01 -2.624867e-03 -1.148275e-01 -1.966243e-02 -5.205208e-03
6.192076e+00 7.330374e-01 2.893335e-01 2.434301e-02 -1.700743e-02 4.308898e-02 -2.694248e-03
5.264491e+00 -3.038611e-01 -6.866470e-01 1.241435e-01 4.587639e-02 -2.030162e-02 3.001614e-03
4.766333e+00 6.443686e-01 4.411732e-01 2.814761e-02 -2.990680e-02 4.368126e-02 -1.263538e-03
2.038600e+00 -1.234011e-01 3.347283e-02 -6.861159e-03 -3.485903e-02 -1.285114e-01 1.854503e-03
6.826856e+00 4.241609e-01 6.226291e-01 6.381080e-02 -3.756583e-02 2.559141e-02 -1.115351e-04
2.865584e+00 5.430703e-01 1.050898e-01 -1.278679e-01 -1.095121e-02 5.659233e-02 5.312082e-03
3.023988e+00 5.659375e-01 1.028563e-01 -2.235840e-02 -1.126564e-02 6.198595e-02 1.778919e-05
5.639074e+00 -2.609475e-02 -3.365478e-03 2.876244e-03 3.751348e-02 -2.908665e-01 -1.620088e-02
8.013118e+00 2.242874e-01 -5.590044e-01 1.338895e-01 5.242632e-02 2.103483e-02 4.271950e-03
3.036761e+00 -1.038054e-01 -7.625504e-01 7.563339e-02 4.761523e-02 -6.481825e-03 5.866831e-04
1.436671e+00 -3.193329e-01 5.389767e-01 -1.528762e-02 -4.371703e-02 -2.590146e-02 -1.913673e-03
2.122179e+00 4.224003e-01 -4.583922e-01 -6.011311e-02 3.864107e-02 3.560706e-02 -2.945975e-03
8.275352e+00 -1.615295e-01 4.015125e-01 -4.688910e-02 -5.748592e-02 -2.312674e-02 -3.097670e-03
9.178468e+00 4.701318e-02 3.234890e-02 -3.487309e-03 -8.904073e-02 1.294043e-01 1.511471e-03
7.958748e+00 -1.369088e-01 -5.591631e-02 7.864553e-03 4.538125e-02 -1.111141e-01 -3.528499e-03
1.364123e+00 -2.070939e-01 8.804779e-02 -1.931337e-03 -3.604376e-02 -8.477720e-02 -5.402379e-03
7.971042e+00 -9.306323e-02 1.136058e-01 1.254921e-02 -9.427312e-02 -7.722637e-02 2.386220e-03
2.752961e+00 3.218253e-01 8.541272e-01 8.490786e-02 -4.255848e-02 1.603555e-02 -6.067392e-04
8.535236e+00 2.723545e-01 -1.526811e-01 2.177953e-02 3.912320e-02 6.978845e-02 5.172901e-03
7.427875e+00 7.613148e-01 3.026262e-01 1.143205e-02 -1.942498e-02 4.886729e-02 4.542323e-03
9.677625e+00 3.121721e-02 1.919922e-01 -2.563488e-03 -1.065742e-01 1.732857e-02 -3.313260e-03
4.297591e+00 5.622652e-01 8.170323e-01 -3.445255e-02 -3.246271e-02 2.234018e-02 -2.468354e-03
3.542696e+00 -1.753707e-01 4.471366e-01 -2.211219e-02 -5.248264e-02 -2.058413e-02 -3.443653e-03
5.592608e+00 7.572585e-01 2.807876e-01 4.248108e-03 -1.697116e-02 4.576968e-02 6.136156e-04
9.332909e+00 4.140507e-01 -2.986029e-01 -4.077009e-02 3.827968e-02 5.307963e-02 -3.888604e-03
4.983728e+00 -4.770639e-01 2.316134e-01 3.279048e-02 -2.438329e-02 -5.022331e-02 6.485632e-03
6.463366e+00 2.159046e-01 -5.957823e-01 3.505772e-02 5.248757e-02 1.902088e-02 -1.369170e-03
3.395026e+00 1.378572e-01 -4.554259e-01 -3.987734e-04 6.187528e-02 1.872962e-02 -6.098598e-04
5.074523e+00 -2.515206e-02 5.011075e-02 1.927282e-03 -1.417736e-01 -7.116034e-02 -2.835003e-02
3.768204e+00 8.160055e-01 -2.454126e-01 5.282511e-02 1.477698e-02 4.913398e-02 -1.701132e-03
9.513646e+00 -1.096170e-01 -7.048873e-01 1.129459e-01 4.527004e-02 -7.039941e-03 -2.912567e-03
7.042162e+00 -2.948756e-01 -8.069850e-01 -1.219814e-01 4.773051e-02 -1.744092e-02 -3.353119e-03
8.916088e+00 4.823102e-01 7.626918e-01 5.081803e-03 -3.464577e-02 2.190925e-02 4.337301e-04
5.129145e+00 2.951154e-01 4.640103e-01 3.545619e-02 -5.534412e-02 3.519944e-02 3.659920e-03
8.248361e+00 3.695187e-01 1.294728e-01 -2.218111e-03 -2.112188e-02 6.028239e-02 -1.453912e-04
7.608553e+00 -2.288201e-01 -2.887502e-01 -2.881790e-02 6.048562e-02 -4.793183e-02 -3.075103e-03
1.658702e+00 -9.167164e-03 4.350327e-02 8.628935e-04 -1.863129e-01 -3.926051e-02 1.928377e-03
3.796086e+00 5.669891e-01 5.063299e-01 6.600861e-02 -3.571557e-02 3.999435e-02 1.305120e-03
6.090067e+00 -1.584422e-01 1.348644e-01 1.512543e-02 -6.486183e-02 -7.620132e-02 -4.328943e-03
4.591693e+00 9.254165e-01 -1.674984e-01 8.115072e-02 8.616040e-03 4.760300e-02 -2.726839e-04
8.341646e+00 -1.098895e-02 2.120443e-01 -3.284316e-02 -8.324072e-02 -4.313855e-03 4.006651e-03
7.752305e+00 8.265527e-01 -4.047681e-01 8.453018e-02 1.794643e-02 3.664733e-02 -7.858966e-04
6.568070e+00 2.612304e-01 5.664884e-01 2.153428e-02 -5.331264e-02 2.458458e-02 6.165460e-05
5.317737e+00 7.748322e-01 2.972779e-01 -1.366846e-01 -1.492405e-02 3.889840e-02 1.382565e-03
7.477527e-01 -2.941471e-01 -1.518085e-01 -8.744574e-03 3.636926e-02 -7.046980e-02 -1.347399e-04
6.543482e+00 -3.321324e-01 1.325347e-01 -4.477204e-02 -2.371014e-02 -5.941767e-02 5.586554e-03
6.859900e-01 3.697976e-01 -2.065714e-01 -3.427748e-02 3.202316e-02 5.732684e-02 -1.527346e-03
6.174049e+00 3.114467e-01 1.923576e-01 1.189403e-02 -4.107865e-02 6.651057e-02 7.464008e-04
9.516770e+00 -2.194827e-02 -4.868938e-01 -3.046807e-03 6.486305e-02 -2.923906e-03 -5.671830e-04
5.051320e+00 1.777094e-01 5.181598e-02 -7.647566e-03 -3.121171e-02 1.070445e-01 8.429791e-03
2.835291e+00 -7.632243e-03 7.933449e-01 -7.433941e-02 -4.623286e-02 -4.447756e-04 -4.370924e-04
5.994369e+00 -1.709412e-03 5.294275e-02 -2.466552e-03 -1.989522e-01 -6.423753e-03 4.485893e-03
7.589417e+00 -3.868196e-03 -1.161811e-01 1.452370e-02 1.289790e-01 -4.294298e-03 -1.703480e-03
6.097841e+00 -9.768158e-02 -6.426462e-01 6.363674e-02 4.610808e-02 -7.008382e-03 -3.948541e-03
8.856375e+00 2.085201e-03 -5.611477e-03 -4.580041e-04 4.932980e-01 1.833075e-01 3.635645e-02
7.284741e-01 1.135100e-01 -7.715613e-02 -6.427719e-03 6.363524e-02 9.361845e-02 -4.560249e-03
7.092480e+00 5.421378e-01 2.379873e-01 2.863854e-02 -2.467733e-02 5.621524e-02 3.189018e-03
2.540906e+00 2.377625e-01 -2.672157e-01 -1.278838e-03 5.172036e-02 4.601961e-02 5.798746e-03
8.427247e+00 2.241196e-01 -1.962438e-01 -1.707625e-02 5.590533e-02 6.384651e-02 1.248903e-03
5.591552e+00 6.167936e-02 -1.313549e-01 1.553645e-02 1.020457e-01 4.791686e-02 -8.338220e-04
4.212096e+00 8.395242e-01 1.442306e-01 1.398708e-01 -8.307951e-03 4.835814e-02 -7.041526e-04
9.002754e+00 3.442952e-01 9.350737e-02 1.060073e-02 -2.114472e-02 7.785511e-02 5.126635e-04
7.456315e+00 -8.267233e-02 -4.471885e-01 -4.157328e-02 6.707570e-02 -1.240037e-02 -4.157295e-03
5.735731e+00 -3.409309e-02 2.436190e-03 -4.602257e-03 -1.576152e-02 -2.205735e-01 8.061164e-03
7.529105e+00 -2.233424e-01 -4.173279e-03 -1.340568e-02 1.873258e-03 -1.002516e-01 3.807015e-05
5.703652e+00 7.595426e-01 3.359905e-01 -1.678350e-01 -1.729273e-02 3.909208e-02 -4.024288e-03
3.758319e+00 7.002914e-01 -2.724298e-01 1.180549e-01 1.841716e-02 4.734203e-02 5.423010e-04
8.005878e+00 -2.197654e-01 2.808868e-02 3.386544e-02 -1.255282e-02 -9.821308e-02 -2.895968e-03
3.719051e+00 5.150829e-02 -8.448997e-01 -3.888251e-02 4.529267e-02 2.761213e-03 -1.704094e-04
2.075719e+00 -2.971314e-01 -1.183995e-01 -6.707214e-03 2.669834e-02 -6.700126e-02 -6.592083e-03
5.054091e+00 -1.632798e-01 -1.873559e-01 -6.243426e-02 6.078555e-02 -5.297434e-02 -4.475917e-03
5.181483e+00 -4.056186e-01 -3.671891e-01 4.854359e-02 4.392461e-02 -4.852170e-02 -2.124327e-03
7.897159e+00 -5.167091e-01 1.458646e-02 3.097763e-02 -1.691929e-03 -5.993467e-02 -1.721769e-03
7.037209e+00 -5.586195e-01 3.633092e-01 7.819404e-02 -2.837400e-02 -4.362749e-02 -9.417454e-04
6.457736e+00 4.902707e-01 6.153479e-01 -1.334451e-01 -4.147256e-02 3.304274e-02 -1.959895e-04
2.932723e+00 6.771414e-01 6.426672e-02 -2.059463e-02 -4.746639e-03 5.001260e-02 3.196045e-03
4.909642e+00 -4.717154e-01 8.186291e-01 4.580808e-02 -4.015307e-02 -2.313725e-02 -2.145185e-03
1.982631e+00 -8.876664e-02 -9.262549e-02 -1.442941e-02 9.824387e-02 -9.415096e-02 -1.461912e-02
7.070101e+00 2.066491e-01 2.819407e-02 -2.626177e-02 -1.369062e-02 1.003458e-01 -7.384658e-03
3.357969e+00 7.793441e-01 2.020184e-01 1.146259e-01 -1.355836e-02 5.230528e-02 -6.248671e-05
9.564760e+00 3.156474e-01 -1.525153e-02 -7.234431e-02 3.727125e-03 7.713698e-02 -9.769945e-04
4.214019e+00 -4.120272e-02 7.608825e-03 -1.305573e-03 -3.673026e-02 -1.988989e-01 3.254480e-03
7.473901e+00 7.808480e-01 -5.016712e-01 1.885191e-02 2.545291e-02 3.961730e-02 -1.946581e-03
5.247396e-01 -2.193836e-01 8.189948e-01 5.299152e-02 -4.074574e-02 -1.091454e-02 4.245319e-04
9.486590e+00 -1.020495e-01 -3.018755e-01 -1.365139e-03 6.665219e-02 -2.253187e-02 2.114044e-03
4.449376e+00 2.977616e-01 -3.430529e-01 -3.372648e-02 5.182797e-02 4.498542e-02 -1.736602e-03
8.748829e+00 6.542051e-01 -4.438512e-01 4.093624e-02 2.850471e-02 4.201391e-02 -3.135801e-03
2.415420e+00 1.645179e-03 1.227355e-03 6.508732e-05 -5.199412e-01 6.969430e-01 -1.487136e-02
2.461043e+00 -6.787279e-01 -3.896097e-01 -6.755600e-02 2.466245e-02 -4.296374e-02 -1.874893e-03
9.204182e+00 -5.697729e-01 -1.599836e-01 -2.516041e-02 1.352929e-02 -4.818384e-02 -1.198010e-03
7.473125e+00 -7.685086e-01 -1.423423e-01 -1.307334e-03 8.029504e-03 -4.335144e-02 3.414174e-03
4.855925e+00 1.097647e-01 -4.611817e-01 -1.492766e-02 5.834914e-02 1.388753e-02 1.931650e-03
1.510498e+00 1.001017e-01 6.003942e-02 3.661968e-03 -6.696585e-02 1.116499e-01 1.268913e-02
8.726510e+00 9.694417e-02 3.837063e-03 -2.344934e-03 -5.614749e-03 1.418578e-01 5.785123e-03
8.628970e+00 6.611580e-02 4.195706e-01 5.032243e-02 -5.899015e-02 9.295649e-03 -4.642535e-03
1.293105e+00 3.004718e-01 4.730973e-01 4.897319e-02 -5.009482e-02 3.181604e-02 -6.756048e-03
5.481498e+00 7.082395e-01 -4.616635e-01 5.668521e-02 2.665417e-02 4.089024e-02 2.603693e-03
1.913230e+00 -1.390044e-01 6.596562e-01 6.754617e-02 -4.723413e-02 -9.953297e-03 -3.799505e-03
9.617547e+00 2.661229e-01 2.503449e-01 8.078269e-03 -4.631982e-02 4.923913e-02 1.894912e-03
8.055380e+00 -5.041676e-01 6.005159e-01 4.050895e-02 -3.883158e-02 -3.260134e-02 -6.983076e-04
4.316909e+00 1.588901e-01 -1.329707e-01 1.256087e-02 6.666888e-02 7.966431e-02 3.112718e-03
7.547112e-01 -4.330931e-01 -5.216419e-02 -6.493153e-04 7.195702e-03 -5.974230e-02 -9.087453e-03
5.964302e+00 1.313472e-02 7.448329e-02 -1.689778e-02 -1.446482e-01 2.550792e-02 -4.773547e-03
8.504066e-01 9.260944e-02 6.081866e-01 3.961401e-02 -4.948779e-02 7.535575e-03 1.402397e-03
8.474633e+00 1.198657e-01 -7.795575e-01 3.554006e-02 4.747623e-02 7.300005e-03 8.109334e-04
1.637555e+00 -4.964562e-02 -4.543800e-01 -3.791414e-03 5.676104e-02 -6.201720e-03 -4.674204e-03
8.972653e+00 -5.822230e-01 5.882270e-01 1.785610e-01 -3.302649e-02 -3.268939e-02 -5.197370e-04
1.644801e+00 3.630118e-01 -2.229963e-01 -4.197873e-02 3.450422e-02 5.616882e-02 6.018728e-03
8.357823e+00 8.160973e-01 1.738370e-01 9.037264e-02 -9.461655e-03 4.441880e-02 7.747032e-04
4.106518e+00 -2.035818e-01 -9.563913e-01 -1.470107e-01 4.753309e-02 -1.011811e-02 1.493411e-03
5.576870e+00 -6.043011e-01 1.941764e-01 -5.863976e-02 -1.719280e-02 -5.350615e-02 1.709050e-03
7.261668e+00 2.888478e-01 -4.922528e-01 1.474062e-02 5.555805e-02 3.260077e-02 2.315582e-03
7.460642e-01 -2.869138e-01 8.292824e-01 -2.787028e-02 -4.543146e-02 -1.571830e-02 -2.748423e-03
1.982148e+00 2.256008e-01 -4.355917e-01 2.743884e-02 5.214602e-02 2.700737e-02 2.868845e-03
9.229949e+00 -4.397523e-01 -6.325977e-01 8.594400e-02 4.331365e-02 -3.010963e-02 1.276611e-03
6.129458e+00 2.910764e-01 -1.179006e-01 -2.401610e-02 3.215776e-02 7.939204e-02 -3.476244e-03
2.795121e+00 3.789503e-01 -2.505282e-01 -1.337869e-02 3.687565e-02 5.577831e-02 -1.305828e-03
6.135816e+00 -1.553973e-02 -7.510899e-03 4.999050e-04 1.345612e-01 -2.784013e-01 2.587818e-02
5.330875e+00 1.046336e-01 -1.879049e-01 3.840429e-03 7.169238e-02 3.992142e-02 1.506184e-03
6.482019e+00 8.689217e-02 -1.329949e-01 9.483521e-03 8.274271e-02 5.405993e-02 -1.609753e-03
1.277754e+00 -8.455666e-01 -4.763241e-01 1.554274e-02 1.933123e-02 -3.431665e-02 2.838801e-03
9.821537e-01 4.787664e-01 8.784841e-02 -1.588618e-03 -1.149192e-02 6.262998e-02 1.814860e-03
3.926366e+00 -5.495531e-01 5.729768e-01 -3.926842e-02 -3.828906e-02 -3.672377e-02 -4.292090e-04
7.536086e+00 8.355587e-01 2.233478e-01 -4.683560e-02 -1.309949e-02 4.900606e-02 -9.947309e-04
8.849064e+00 7.101341e-02 5.911118e-02 8.417748e-03 -9.861614e-02 1.184728e-01 -1.123665e-02
8.144579e+00 2.059091e-01 4.472561e-01 3.890907e-02 -5.405321e-02 2.488518e-02 -1.499536e-03
3.258397e+00 -4.801466e-01 3.490830e-01 -7.879625e-02 -3.364857e-02 -4.628196e-02 5.302433e-03
7.899381e+00 3.378200e-01 -2.571978e-01 -1.316099e-02 4.450466e-02 5.845525e-02 3.637542e-03
2.765872e+00 5.075595e-01 -6.385140e-01 -1.112537e-01 3.953779e-02 3.142888e-02 -2.762187e-03
7.600371e+00 -8.933328e-01 2.714118e-01 1.719928e-02 -1.471547e-02 -4.843492e-02 -2.022453e-03
1.580230e+00 7.238089e-01 1.153392e-01 1.938600e-01 -7.976281e-03 5.005499e-02 1.734915e-03
9.079589e+00 -5.772092e-01 -1.413092e-02 2.635201e-02 1.366517e-03 -5.581847e-02 -7.533009e-03
1.864806e+00 1.731383e-01 9.405851e-01 2.597986e-01 -3.834215e-02 7.057834e-03 1.436631e-03
3.089604e+00 8.896408e-02 -3.969544e-01 -8.130318e-02 7.034863e-02 1.576630e-02 -1.149865e-03
8.774470e+00 3.377765e-02 1.045306e-01 1.949087e-02 -1.073918e-01 3.470221e-02 -5.938519e-03
4.609446e+00 -2.660614e-02 5.930374e-01 -1.063682e-01 -4.836782e-02 -2.169983e-03 4.518567e-03
4.242502e+00 -1.518907e-01 4.293748e-02 3.188359e-03 -2.889445e-02 -1.022136e-01 -3.164776e-04
7.884456e+00 -1.100097e-03 8.289682e-02 -1.042466e-02 -1.657517e-01 -2.199638e-03 1.448770e-02
7.489748e+00 -1.571379e-01 -7.066843e-01 -4.479996e-02 4.547189e-02 -1.011110e-02 -1.894465e-03
3.283627e+00 5.288038e-01 -5.951292e-01 1.380786e-01 3.121780e-02 2.773867e-02 1.445558e-04
1.552579e+00 3.979707e-01 5.144709e-02 9.668754e-03 -7.706264e-03 5.961207e-02 -5.134023e-03
9.586916e+00 -9.810098e-01 -1.667404e-01 5.348730e-02 7.006064e-03 -4.121987e-02 9.139241e-04
8.540970e+00 -3.817050e-01 -8.236072e-01 -8.878892e-02 3.825713e-02 -1.773046e-02 -1.885360e-03
8.198966e+00 2.117122e-01 4.705812e-02 2.518505e-02 -2.136541e-02 9.612192e-02 -2.939164e-03
8.123915e+00 -7.370286e-01 3.852433e-01 9.873062e-03 -1.957813e-02 -3.745593e-02 -5.862799e-04
4.032408e+00 3.649023e-01 2.176313e-01 -2.654361e-02 -3.035057e-02 5.088879e-02 -2.078356e-03
2.677544e+00 -2.545918e-01 9.180475e-01 1.333457e-01 -4.396789e-02 -1.219312e-02 1.706197e-04
5.273289e+00 -6.990659e-01 6.643458e-01 -1.922078e-02 -3.303652e-02 -3.476308e-02 -2.613575e-03
5.222128e+00 1.984845e-01 -7.425725e-01 6.551961e-03 4.332270e-02 1.157986e-02 4.304881e-04
2.540040e+00 2.298742e-01 -1.017899e-01 1.275883e-02 3.944635e-02 8.908245e-02 2.446452e-03
8.650134e+00 3.683186e-01 6.520474e-01 8.125322e-02 -4.379123e-02 2.473612e-02 3.593736e-03
2.628343e+00 -6.411871e-01 -1.383468e-01 2.324421e-03 1.254647e-02 -5.814834e-02 7.096145e-04
5.635179e+00 1.250376e-01 4.927553e-02 -1.705559e-02 -4.391570e-02 1.114369e-01 -6.756946e-03
5.437750e+00 -4.090343e-01 -8.544114e-01 -7.294482e-02 4.312946e-02 -2.064746e-02 7.108602e-04
9.648979e+00 7.319207e-02 9.785625e-01 6.380376e-02 -4.782720e-02 3.577259e-03 -2.562709e-03
7.739946e-01 3.934763e-01 1.446297e-01 5.389001e-02 -2.003934e-02 5.451857e-02 1.433730e-03
6.754184e+00 -6.618171e-01 6.663818e-01 1.175671e-01 -3.415782e-02 -3.392384e-02 -7.544973e-03
7.687086e-01 -6.317729e-02 -8.673958e-01 -1.102296e-01 5.049111e-02 -3.677550e-03 -3.978603e-03
3.904686e+00 6.988539e-02 -1.749819e-01 -1.375390e-02 9.751478e-02 3.894608e-02 1.299207e-04
5.145499e+00 -2.516893e-01 1.318512e-01 2.456038e-02 -3.657347e-02 -6.981469e-02 -3.158016e-04
1.603606e+00 1.827767e-01 -1.235054e-01 -9.707130e-03 5.809163e-02 8.597034e-02 3.293251e-03
9.464844e+00 4.889312e-01 3.707400e-02 4.657664e-02 -4.977994e-03 6.564969e-02 -2.426709e-03
4.548238e+00 8.533757e-01 -3.710928e-01 1.487019e-01 1.667554e-02 3.834755e-02 2.258219e-03
7.672015e+00 3.891170e-01 -5.189699e-01 -5.279014e-02 4.250595e-02 3.187042e-02 7.193916e-05
3.808547e+00 1.095694e-01 2.239098e-01 -1.045572e-02 -8.583926e-02 4.200509e-02 2.142021e-03
5.968958e+00 3.013844e-01 5.889975e-01 -2.990114e-02 -4.849693e-02 2.481542e-02 -1.772385e-03
4.854533e+00 -1.774539e-02 -1.456119e-01 -2.849999e-02 1.232888e-01 -1.502493e-02 -6.694820e-03
9.592876e+00 1.072701e-01 2.722317e-02 -1.465582e-02 -2.977047e-02 1.173075e-01 -2.048110e-03
9.239649e+00 -8.978999e-02 4.029722e-01 4.281268e-02 -7.207204e-02 -1.605904e-02 -1.927144e-03
6.695458e+00 2.327139e-01 5.050974e-01 -1.929675e-02 -5.547443e-02 2.555877e-02 3.402746e-03
5.305356e+00 -1.679848e-01 -2.870622e-01 -6.676368e-03 7.112597e-02 -4.162193e-02 -2.742473e-03
6.997101e+00 -1.438785e-01 -1.242604e-01 -1.649462e-03 6.750084e-02 -7.815777e-02 5.205165e-03
6.606863e+00 -2.200594e-01 2.095497e-01 8.873036e-03 -4.756249e-02 -4.994793e-02 -1.394687e-03
5.794970e+00 -2.567779e-01 6.091446e-01 -1.939721e-04 -4.338705e-02 -1.828931e-02 1.869939e-03
2.736799e+00 -4.482319e-01 -3.333789e-01 -4.611787e-02 3.531101e-02 -4.747607e-02 -4.105040e-03
1.738503e+00 4.478567e-02 -2.162909e-02 3.372200e-04 8.313161e-02 1.721342e-01 -2.754732e-03
7.210945e+00 -1.156744e-01 -7.457443e-01 1.474230e-01 4.795835e-02 -7.438945e-03 3.411193e-03
3.037554e+00 -4.376565e-01 7.190340e-01 5.094837e-02 -4.439420e-02 -2.702155e-02 2.008074e-03
8.081160e+00 7.123364e-01 -2.571489e-02 5.403025e-02 2.025879e-03 5.611952e-02 1.743545e-04
4.059224e+00 -5.189928e-01 -6.428231e-01 1.034120e-02 4.151194e-02 -3.351528e-02 -1.376165e-03
7.703367e+00 7.513334e-01 -9.459230e-02 -2.101876e-02 6.660805e-03 5.290585e-02 5.975196e-04
8.644031e+00 3.300154e-01 2.111272e-01 -8.480309e-02 -4.051719e-02 6.333291e-02 3.443629e-03
2.135396e+00 3.317578e-01 -1.322337e-01 -4.544544e-02 2.761893e-02 6.929244e-02 3.133653e-03
1.697774e+00 -1.563446e-01 -4.136436e-01 -9.630668e-02 6.129811e-02 -2.316880e-02 -1.261497e-03
8.325167e-01 -1.103616e-02 -1.944888e-01 -9.246003e-03 1.069365e-01 -6.068055e-03 -1.046412e-03
8.752740e+00 2.733459e-01 -3.853064e-01 -9.082335e-03 4.710582e-02 3.341804e-02 2.984531e-05
6.286906e+00 3.752032e-01 -2.722758e-01 -4.583033e-02 3.994220e-02 5.504140e-02 -3.578057e-04
8.543137e+00 -1.022097e-01 5.422206e-01 -5.895613e-02 -6.318982e-02 -1.191141e-02 -9.760002e-04
1.025297e+00 3.651115e-02 3.941342e-01 -7.878030e-04 -7.528771e-02 6.974378e-03 1.817254e-03
7.189224e+00 -6.683014e-01 7.434524e-01 -2.308887e-02 -3.404300e-02 -3.060181e-02 2.200738e-04
5.828722e+00 6.835105e-01 -4.314298e-01 -1.699592e-02 2.693253e-02 4.266897e-02 -1.188030e-03
7.170246e+00 4.403666e-01 6.020493e-01 8.825681e-02 -4.202162e-02 3.073655e-02 8.462544e-04
2.427301e+00 6.104659e-02 -8.902009e-01 1.330519e-01 4.907533e-02 3.365400e-03 -4.656739e-03
9.516819e-01 -7.659141e-01 -4.889699e-01 8.922297e-02 2.386838e-02 -3.738702e-02 2.779688e-03
6.839083e+00 -1.514842e-01 -3.368350e-02 4.495418e-03 2.205916e-02 -9.920629e-02 -6.665371e-03
9.548423e+00 -3.609968e-01 -9.044154e-01 1.479006e-02 4.076414e-02 -1.627098e-02 3.818969e-03
6.655767e+00 -1.181960e-01 4.114326e-01 9.959257e-02 -5.706537e-02 -1.639369e-02 3.390530e-03
7.347291e+00 5.518921e-01 -6.478654e-01 3.685293e-02 3.882299e-02 3.307184e-02 -1.816774e-03
9.942901e+00 -5.269518e-01 9.349223e-02 -3.936582e-02 -1.011936e-02 -5.703590e-02 -1.991482e-03
2.244699e+00 5.079154e-01 -3.283650e-01 2.605199e-02 2.788721e-02 4.313598e-02 -6.672551e-04
6.274537e+00 4.313414e-01 -1.918529e-01 2.730420e-03 2.323083e-02 5.222970e-02 4.587610e-04
7.994623e+00 4.170450e-02 -2.583300e-02 6.684880e-03 1.031894e-01 1.665877e-01 1.773787e-02
3.521716e+00 4.228354e-02 7.988134e-01 8.707953e-02 -4.768128e-02 2.523910e-03 2.006672e-03
5.453475e+00 2.388150e-01 3.934478e-01 -1.550914e-01 -5.452199e-02 3.309376e-02 2.233788e-03
7.451790e+00 6.533237e-01 -8.534704e-02 1.885596e-02 7.464057e-03 5.713666e-02 1.410528e-04
3.755483e+00 -1.954797e-02 -4.515575e-01 -2.024188e-02 6.375391e-02 -2.759913e-03 -1.194115e-03
7.338924e+00 -2.695583e-02 2.756748e-02 -8.729298e-03 -1.372436e-01 -1.341985e-01 -2.723965e-03
8.928266e+00 2.199058e-02 -4.626612e-02 5.058786e-03 1.798516e-01 8.548464e-02 -2.440490e-03
8.884558e+00 5.775749e-02 2.015404e-02 7.565775e-03 -5.732743e-02 1.642891e-01 -1.166659e-03
9.551460e+00 2.421559e-02 -9.346094e-01 -3.867308e-02 4.571221e-02 1.184397e-03 -5.105063e-03
5.647935e+00 -4.320098e-01 -4.396079e-01 1.604956e-02 3.930762e-02 -3.862823e-02 -6.304990e-03
1.403785e+00 -6.376213e-01 5.121384e-01 -8.425521e-02 -3.327391e-02 -4.142660e-02 -2.365926e-03
4.041123e+00 6.037471e-02 -2.592599e-01 -2.698024e-02 7.790961e-02 1.814307e-02 -3.861225e-03
9.609090e+00 -5.239903e-01 5.132248e-01 -1.131348e-01 -3.428071e-02 -3.499979e-02 4.632057e-04
3.065070e+00 -2.485674e-02 -2.553965e-02 -4.288547e-05 1.452904e-01 -1.414054e-01 1.565342e-03
3.984245e+00 4.089559e-01 -5.498789e-02 4.709882e-03 9.446894e-03 7.025843e-02 -2.952714e-03
3.615583e+00 -5.253818e-01 8.151720e-02 2.064656e-02 -9.901960e-03 -6.381856e-02 -2.429439e-03
7.995571e+00 -4.788907e-02 6.705514e-02 -5.021195e-03 -1.324580e-01 -9.459814e-02 -8.412089e-03
9.302910e+00 -5.536826e-01 3.600227e-01 -1.378245e-02 -2.840548e-02 -4.368508e-02 5.188009e-04
1.168462e+00 -8.996353e-01 -3.238703e-01 1.592702e-01 1.499482e-02 -4.165207e-02 1.137338e-03
8.554629e-01 -2.359000e-01 -2.337466e-01 -5.295497e-02 5.051116e-02 -5.097650e-02 3.674973e-03
7.587837e+00 -2.498216e-01 -5.192058e-01 7.607729e-02 5.365625e-02 -2.581730e-02 -1.668906e-03
3.924153e+00 -9.465933e-02 7.596702e-03 9.769972e-03 -1.195006e-02 -1.489047e-01 -6.337991e-03
6.245496e+00 6.552462e-01 -4.016514e-01 1.768719e-03 2.814366e-02 4.591302e-02 -1.312398e-03
5.247195e+00 -1.127283e-01 2.106007e-01 -2.575127e-02 -7.730459e-02 -4.137884e-02 -7.165413e-03
9.667837e+00 -3.528456e-01 -1.651170e-01 -2.721081e-02 3.150225e-02 -6.731849e-02 2.205554e-03
5.155417e+00 -3.113666e-02 2.582247e-02 6.217764e-04 -1.323488e-01 -1.595858e-01 -5.249388e-03
4.798827e+00 -1.432112e-01 3.505122e-01 -4.639089e-02 -5.848334e-02 -2.389495e-02 5.091331e-03
7.335237e+00 -2.356811e-01 4.765270e-01 3.881995e-02 -4.864214e-02 -2.405747e-02 3.318394e-03
4.694099e+00 -2.572419e-01 1.025841e-01 -4.106434e-02 -3.178630e-02 -7.970793e-02 2.416499e-03
9.330477e+00 6.882311e-02 -7.592088e-02 -5.499894e-03 9.293942e-02 8.425060e-02 -4.097430e-04
4.568450e+00 1.144368e-01 9.001060e-01 3.313384e-02 -4.710952e-02 5.989364e-03 1.231800e-03
4.161914e+00 2.321503e-01 -2.504256e-01 2.596802e-02 5.518714e-02 5.115974e-02 -7.838799e-03
7.819840e+00 -6.049472e-02 1.162645e-01 2.107811e-03 -1.198924e-01 -6.238238e-02 1.069220e-02
8.223249e-01 2.268004e-01 -5.233157e-03 -1.625510e-03 2.326440e-03 1.008258e-01 -9.266622e-03
6.049053e+00 -8.173399e-01 4.809047e-02 7.528936e-02 -2.844102e-03 -4.833802e-02 -1.745531e-03
3.502194e+00 -3.577347e-01 -9.181047e-02 1.721928e-02 1.639382e-02 -6.387766e-02 2.766950e-03
8.062132e+00 2.106870e-01 2.910754e-01 -4.030752e-02 -5.108286e-02 3.697494e-02 -2.912251e-03
2.716907e+00 -3.173438e-01 -7.999604e-01 -1.224043e-01 4.201985e-02 -1.666925e-02 -6.785852e-04
4.528732e+00 1.107394e-01 1.104522e-01 -1.204797e-03 -8.233602e-02 8.255014e-02 -1.970408e-04
8.596793e+00 2.522670e-01 1.099606e-02 -6.316472e-02 -3.640478e-03 8.351830e-02 -1.275563e-04
7.260669e+00 -1.335330e-01 5.589580e-02 -4.259638e-03 -4.679213e-02 -1.117847e-01 9.141784e-03
9.414459e+00 4.527072e-01 -4.746640e-01 -2.347093e-02 3.885436e-02 3.705706e-02 1.662477e-03
9.409865e+00 -3.171279e-02 7.308182e-02 -1.679126e-03 -1.241285e-01 -5.386376e-02 -1.465896e-03
2.246419e+00 -2.453537e-02 7.821150e-01 1.460901e-01 -5.122867e-02 -1.607071e-03 5.475785e-03
2.049988e+00 -2.390225e-04 -2.628032e-02 -5.669796e-04 2.888979e-01 -2.627559e-03 -1.312986e-02
9.373775e+00 4.847726e-01 5.923269e-01 4.224607e-02 -4.074496e-02 3.334652e-02 1.715651e-03
6.351652e+00 1.505329e-01 1.553288e-01 -2.470323e-02 -6.573343e-02 6.370387e-02 3.957048e-03
3.409646e+00 -5.915876e-01 -7.281617e-01 3.885405e-02 3.660517e-02 -2.973950e-02 -2.639848e-03
5.297875e+00 4.584613e-01 -2.923120e-01 7.179557e-03 2.752597e-02 4.317165e-02 1.738248e-03
9.776482e+00 1.862644e-01 4.933988e-01 -7.081398e-02 -5.156702e-02 1.946721e-02 -5.097703e-03
9.765726e+00 -7.306391e-01 2.757293e-01 1.588041e-02 -1.889923e-02 -5.007999e-02 1.329745e-03
8.323269e+00 -7.635616e-02 -9.206839e-01 -5.442941e-02 4.953717e-02 -4.108325e-03 9.973304e-04
9.171698e-01 1.104038e-01 -2.485458e-01 3.236406e-02 7.635516e-02 3.391688e-02 -3.192926e-03
4.814839e+00 -5.875251e-02 -4.114672e-02 4.963170e-03 9.587158e-02 -1.368930e-01 1.314140e-02
4.132610e+00 1.881803e-02 1.811700e-03 1.934616e-04 -3.270967e-02 3.397535e-01 -1.061853e-02
9.628668e+00 2.124577e-01 1.930787e-01 5.500886e-03 -6.101323e-02 6.713703e-02 -3.490421e-04
6.524154e+00 5.405769e-01 7.337905e-01 -3.640336e-02 -3.872497e-02 2.852834e-02 2.257576e-03
5.069091e+00 -3.234930e-01 -6.460357e-01 -2.921288e-02 4.296872e-02 -2.151596e-02 -9.444486e-04
8.445776e+00 9.334188e-02 8.445509e-01 -2.206172e-02 -4.714894e-02 5.211019e-03 -2.005701e-03
6.607530e-01 -2.428154e-02 2.600295e-01 2.322357e-02 -7.658095e-02 -7.151127e-03 -3.083630e-03
7.501296e+00 -1.688664e-03 8.130855e-01 2.677712e-02 -4.237621e-02 -8.800943e-05 2.519281e-04
6.253072e+00 4.478983e-01 5.655590e-01 4.818790e-02 -4.246253e-02 3.362850e-02 3.946183e-03
4.229092e+00 -2.678176e-01 -9.365027e-01 -1.014106e-01 4.034800e-02 -1.153857e-02 1.065770e-03
9.995701e+00 4.703640e-03 3.204457e-01 -2.750524e-02 -7.090458e-02 1.040768e-03 7.014848e-03
5.223089e+00 -7.335799e-03 -2.427812e-02 -1.029332e-04 2.451211e-01 -7.406501e-02 -6.313896e-03
4.730960e+00 -6.524628e-03 7.881207e-02 1.770574e-02 -1.688492e-01 -1.397855e-02 1.287749e-02
8.077946e+00 1.414971e-01 -4.924456e-02 -6.172096e-03 3.537988e-02 1.016590e-01 -6.573713e-03
6.264390e+00 1.547206e-01 -8.152106e-01 -2.588542e-03 4.836280e-02 9.178883e-03 3.200084e-04
7.379023e+00 2.519133e-01 5.169288e-01 -6.389736e-02 -5.626009e-02 2.741706e-02 -4.695333e-03
6.039113e+00 1.476316e-01 -3.779475e-01 3.187846e-02 6.266077e-02 2.447618e-02 2.037296e-03
6.952572e+00 3.445201e-01 -2.468920e-01 2.815768e-03 3.837646e-02 5.355161e-02 -2.371765e-03
6.587079e-01 -7.584494e-01 -8.521922e-04 -7.337488e-02 5.476282e-05 -4.873880e-02 -2.722357e-03
6.932060e+00 1.267359e-01 3.234090e-01 -1.364274e-02 -7.429190e-02 2.911314e-02 -4.707888e-03
6.930168e+00 5.222697e-01 -1.639881e-01 3.314034e-03 1.854240e-02 5.905388e-02 -4.664169e-04
