4.678866e+09 0.000000e+00 0.000000e+00 0.000000e+00 0.000000e+00 0.000000e+00 0.000000e+00
8.422160e+00 -4.735080e-01 -3.905543e-01 -1.271919e-01 2.492457e-02 -3.021855e-02 -6.846561e-04
2.983612e+00 2.321735e-01 2.335998e-01 -8.259658e-02 -3.860515e-02 3.836943e-02 5.808595e-05
3.641153e+00 1.972899e-02 5.461530e-01 7.818470e-02 -4.213117e-02 1.521928e-03 -1.528980e-03
5.627143e+00 -4.724830e-01 -9.761316e-02 4.873692e-02 9.137092e-03 -4.422683e-02 -1.736468e-03
4.396992e+00 4.673863e-02 1.350227e-01 -1.268171e-02 -8.572730e-02 2.967485e-02 1.730253e-04
3.135111e+00 -2.685643e-01 -6.301204e-01 2.165071e-02 3.104740e-02 -1.323275e-02 -4.167731e-04
3.633723e+00 -2.777192e-01 8.565413e-01 -3.549083e-02 -3.319189e-02 -1.076191e-02 3.936072e-04
5.665085e+00 -1.556203e-01 5.301436e-01 9.235695e-02 -3.915537e-02 -1.149381e-02 1.457445e-03
2.094352e+00 2.097361e-01 5.632348e-02 -3.017334e-02 -1.546722e-02 5.759648e-02 -6.011832e-03
6.703640e-01 4.097270e-02 -5.102114e-02 -8.305989e-04 1.015422e-01 8.154378e-02 -4.583914e-03
2.342445e+00 2.949414e-01 6.138138e-01 -6.347197e-02 -3.150216e-02 1.513698e-02 2.462980e-03
6.576833e+00 -2.177972e-01 4.728943e-01 1.968629e-02 -3.890762e-02 -1.791937e-02 1.641687e-03
3.474114e+00 5.682771e-01 5.229850e-01 1.290748e-02 -2.113346e-02 2.296369e-02 -6.099744e-04
8.478752e+00 -1.672421e-02 -8.503362e-02 -1.211675e-04 1.140881e-01 -2.243859e-02 -5.853387e-03
4.844359e+00 -5.667292e-01 7.473873e-01 -1.024881e-02 -2.302133e-02 -1.745662e-02 2.033258e-03
8.233638e+00 -2.813938e-01 -7.294849e-01 -5.564799e-02 3.695505e-02 -1.425516e-02 -2.213398e-03
1.608933e+00 1.949820e-01 3.501564e-02 3.877243e-03 -1.104753e-02 6.151734e-02 6.868834e-04
4.744853e+00 -6.232794e-01 5.036481e-01 -8.410954e-02 -2.358337e-02 -2.918511e-02 -2.253471e-04
4.584693e+00 1.112829e-01 -8.880756e-01 1.078624e-01 3.263388e-02 4.089282e-03 -1.847029e-03
4.403872e+00 -8.987138e-02 3.017039e-02 8.162553e-03 -2.881635e-02 -8.583795e-02 2.308958e-03
3.661617e+00 6.279011e-01 4.681760e-01 -4.791650e-02 -2.311603e-02 3.100240e-02 1.863448e-03
6.441173e+00 5.841738e-01 3.885323e-01 -1.192417e-02 -1.828060e-02 2.748560e-02 4.034519e-04
9.881321e+00 8.271764e-01 4.971835e-02 -5.451216e-02 -1.975837e-03 3.287249e-02 -8.919024e-05
7.233032e+00 3.225998e-01 -8.551091e-01 -4.377729e-02 2.756289e-02 1.039842e-02 2.837780e-04
4.591601e+00 2.558433e-01 3.421100e-01 -4.785667e-03 -4.033500e-02 3.016409e-02 -2.209961e-04
7.110291e+00 2.541534e-02 -6.225529e-02 -5.856232e-03 1.026007e-01 4.188612e-02 -9.734799e-03
7.860314e+00 8.979620e-02 -3.241207e-01 2.868311e-03 5.109395e-02 1.415535e-02 -1.646546e-03
1.084626e+00 1.639110e-01 4.217253e-01 1.172969e-02 -4.734391e-02 1.840106e-02 1.889195e-03
8.776532e+00 3.675693e-02 7.289861e-02 1.637095e-03 -1.012594e-01 5.105701e-02 4.423171e-03
7.543589e+00 2.898211e-01 1.519909e-01 -1.848384e-03 -2.742312e-02 5.229128e-02 9.549781e-04
8.345386e-01 7.992170e-03 6.409373e-02 8.315754e-03 -1.188842e-01 1.482427e-02 8.124551e-05
9.248693e-01 -9.610490e-02 2.663160e-01 7.369636e-03 -6.101484e-02 -2.201829e-02 6.493606e-04
8.225965e+00 9.591623e-02 1.061482e-01 -1.361275e-02 -6.671907e-02 6.028782e-02 9.965510e-04
4.556186e+00 -1.570315e-02 -6.569004e-02 1.963837e-03 1.252603e-01 -2.994338e-02 1.088937e-02
9.360591e+00 5.393588e-01 -3.179252e-01 -8.694723e-02 1.795838e-02 3.046632e-02 -9.161001e-04
7.872687e+00 -3.511932e-01 -8.088483e-01 -3.614774e-02 2.748899e-02 -1.193542e-02 -5.998518e-05
8.015290e+00 -3.358327e-01 8.369545e-02 -4.581581e-02 -1.292199e-02 -5.185022e-02 1.473466e-03
7.110704e-01 -2.433119e-01 -9.880900e-02 -6.338668e-03 2.157885e-02 -5.313675e-02 -8.715141e-04
4.513034e+00 3.300664e-01 5.266042e-01 -4.981527e-02 -3.238331e-02 2.029730e-02 -2.387880e-03
7.752356e+00 4.185675e-01 -2.074983e-01 4.151583e-02 2.231254e-02 4.500907e-02 -3.678235e-03
1.544349e+00 -1.261822e-01 -1.447624e-01 1.307377e-02 4.732643e-02 -4.125213e-02 -2.463378e-04
7.437008e+00 1.171827e-02 -5.201755e-01 -9.854410e-02 4.352161e-02 9.804349e-04 -1.666434e-03
5.443100e+00 -1.291613e-01 4.411369e-01 -3.691951e-02 -3.897143e-02 -1.141052e-02 -1.582485e-03
7.921251e-01 5.501394e-01 3.673986e-01 9.448459e-03 -2.391566e-02 3.581109e-02 -2.636713e-03
4.613374e+00 1.036391e-01 1.714186e-01 -2.244989e-02 -5.767544e-02 3.487039e-02 2.639632e-03
5.408271e+00 -1.608662e-01 -4.609893e-01 -8.537840e-02 3.903518e-02 -1.362166e-02 3.513889e-03
8.029022e-01 9.705458e-01 -1.754806e-01 9.757299e-02 5.111309e-03 2.826957e-02 7.028072e-05
3.103574e+00 2.182718e-01 -1.927928e-01 1.171073e-02 4.271058e-02 4.835511e-02 -1.102158e-02
5.489071e+00 -4.662411e-01 -4.607800e-01 -6.788271e-02 2.889055e-02 -2.923296e-02 -2.312329e-03
9.062225e+00 1.982172e-01 5.633606e-01 -2.004935e-02 -4.136694e-02 1.455487e-02 -5.549333e-05
7.605016e-01 4.278919e-01 -7.630494e-02 2.121486e-02 8.219623e-03 4.609282e-02 1.914943e-03
8.597832e-01 1.107016e-01 -7.147877e-02 6.057983e-03 4.349751e-02 6.736606e-02 9.249850e-03
3.522141e+00 -5.765855e-01 8.652396e-02 -2.063714e-02 -6.444442e-03 -4.294500e-02 -1.085118e-03
1.406697e+00 1.294250e-01 4.998770e-01 -1.394728e-02 -4.699333e-02 1.216722e-02 1.251200e-03
6.704422e+00 1.577773e-01 -1.999096e-01 5.353527e-03 4.541598e-02 3.584426e-02 -1.418754e-03
9.458318e+00 1.773611e-01 8.748213e-01 -5.354978e-02 -3.233074e-02 6.554729e-03 8.056962e-04
6.402781e+00 -6.401240e-02 -4.634187e-01 8.587089e-03 5.091510e-02 -7.032944e-03 2.624631e-03
6.152050e+00 9.482430e-02 3.955229e-04 7.174233e-03 -4.482973e-04 1.074767e-01 6.297825e-03
6.080028e+00 -4.159813e-02 6.326573e-02 5.168580e-03 -9.705905e-02 -6.381773e-02 5.175484e-03
5.988745e+00 -2.020524e-01 -5.354418e-02 -8.985593e-03 1.748893e-02 -6.599561e-02 1.982512e-03
2.950641e+00 -1.024772e-01 -5.822829e-01 1.319327e-01 4.456009e-02 -7.842226e-03 -2.093378e-04
1.221223e+00 6.487729e-01 7.340605e-01 2.336752e-02 -2.433320e-02 2.150602e-02 -3.296078e-03
3.756042e+00 5.740065e-01 3.931602e-01 7.069669e-03 -2.065516e-02 3.015615e-02 7.658440e-04
8.783051e+00 -4.312530e-02 -6.675231e-01 3.117307e-02 3.473477e-02 -2.244038e-03 -1.156454e-03
3.064860e+00 3.329942e-01 3.875336e-02 4.608890e-02 -6.349576e-03 5.455971e-02 -2.734010e-05
1.075880e+00 6.408816e-01 2.246542e-02 -9.644644e-02 -1.525432e-03 4.351672e-02 -4.227880e-03
2.324710e+00 1.975045e-01 4.808671e-01 3.400101e-02 -4.138431e-02 1.699760e-02 -1.819316e-03
8.179600e+00 -5.470973e-02 -9.124507e-02 -1.282751e-03 8.929937e-02 -5.354310e-02 8.372687e-03
9.965289e+00 -4.508866e-02 -4.570460e-01 5.507283e-02 4.434222e-02 -4.374464e-03 5.533674e-04
7.403651e+00 5.506436e-02 -3.576972e-02 -1.873028e-03 5.948437e-02 9.157100e-02 2.171054e-03
5.225193e+00 -1.392946e-01 8.487101e-01 -7.090333e-03 -3.491382e-02 -5.730233e-03 2.712730e-03
8.825659e+00 9.721555e-01 2.308217e-02 -6.239633e-02 -7.746876e-04 3.262765e-02 1.012216e-04
7.412255e+00 -1.076298e-01 8.858570e-01 -1.198752e-02 -2.891665e-02 -3.513312e-03 -9.247639e-04
7.701336e+00 4.912354e-01 4.412491e-01 -1.471723e-01 -2.338018e-02 2.602878e-02 -7.108426e-05
7.499700e+00 4.959761e-01 -4.178703e-01 2.902881e-02 2.654518e-02 3.150684e-02 -5.398846e-03
4.469319e+00 4.981225e-02 -4.799737e-01 6.980924e-02 4.612976e-02 4.787402e-03 -2.341345e-03
6.673297e+00 3.870760e-02 2.215138e-02 -8.633009e-03 -7.350517e-02 1.284439e-01 6.327399e-03
5.206311e+00 4.680326e-01 -1.711138e-01 4.770985e-02 1.471717e-02 4.025457e-02 4.244487e-03
6.144902e+00 -5.762866e-02 -6.395939e-01 4.974861e-02 3.426663e-02 -3.087490e-03 2.599542e-03
1.664688e+00 7.571078e-01 -1.886299e-01 1.981388e-02 9.193615e-03 3.690061e-02 -2.028753e-04
7.145257e+00 -1.852618e-01 -5.563325e-01 -2.620385e-02 3.850836e-02 -1.282350e-02 -2.651115e-03
5.094113e+00 -9.153576e-01 -1.763775e-01 -3.550233e-02 6.218008e-03 -3.227000e-02 -6.774641e-04
3.335940e+00 -1.561894e-01 1.160196e-01 -2.519497e-02 -4.424228e-02 -5.956039e-02 4.491554e-03
4.572144e+00 3.431752e-01 4.794017e-02 7.436512e-03 -8.067709e-03 5.775193e-02 5.679846e-03
4.938490e+00 5.418771e-01 -6.592581e-01 9.798973e-02 2.703919e-02 2.222486e-02 -1.119404e-03
7.588429e+00 4.546651e-02 -2.642471e-01 2.599568e-02 5.466463e-02 9.405629e-03 -2.635415e-03
9.604090e+00 8.587288e-01 -3.734030e-01 -1.203525e-01 1.422822e-02 3.272117e-02 1.104619e-04
8.471195e+00 -6.471933e-02 7.901079e-01 -7.394141e-02 -3.324089e-02 -2.722828e-03 9.135662e-04
9.695587e+00 9.042253e-02 -6.084118e-01 1.087904e-02 3.666390e-02 5.449011e-03 -4.281846e-04
2.987966e+00 -2.187396e-01 -8.175194e-01 8.106885e-02 3.369002e-02 -9.014273e-03 2.216227e-05
8.646543e+00 -2.140919e-01 -8.444566e-02 1.863221e-02 2.578612e-02 -6.537458e-02 4.236049e-03
6.867573e+00 4.379177e-01 -4.953752e-01 -7.503976e-03 3.154486e-02 2.788604e-02 3.449158e-03
2.002891e+00 3.929358e-01 -1.363704e-01 -1.064651e-02 1.749528e-02 5.041066e-02 -1.078468e-03
6.341234e+00 -3.616344e-02 -2.690052e-02 -5.599422e-03 7.802993e-02 -1.048987e-01 1.919831e-03
6.546035e+00 -1.614784e-01 4.670387e-01 4.712436e-02 -4.326475e-02 -1.495877e-02 2.205307e-03
2.907072e+00 -6.180249e-01 6.293066e-01 1.142107e-01 -2.441242e-02 -2.397478e-02 -3.349540e-03
7.042771e+00 -2.991942e-01 7.369709e-01 6.782451e-02 -3.036312e-02 -1.232677e-02 -1.852170e-03
7.914898e+00 1.561671e-01 4.819029e-01 4.424341e-02 -4.197387e-02 1.360220e-02 -6.726065e-04
2.064636e+00 8.659027e-01 2.210095e-02 -1.514301e-01 -8.698477e-04 3.408014e-02 2.972771e-03
3.256100e+00 5.081990e-01 2.032174e-01 6.504140e-02 -1.713880e-02 4.286012e-02 3.239394e-03
1.097178e+00 -2.276325e-02 -5.146136e-01 2.000596e-02 4.579878e-02 -2.025848e-03 2.365507e-03
3.319580e+00 8.489388e-02 -1.376308e-01 1.551625e-02 5.710555e-02 3.522404e-02 -6.456982e-03
8.159501e+00 -1.965719e-02 5.199282e-02 -3.039378e-03 -1.323987e-01 -5.005667e-02 -1.087124e-02
3.101159e+00 8.941090e-02 -2.625734e-01 4.645982e-02 6.100227e-02 2.077235e-02 1.470698e-03
5.001398e+00 2.186834e-01 -3.154305e-01 -1.335896e-02 3.993677e-02 2.768759e-02 -6.213586e-04
1.433159e+00 -6.034692e-04 -1.768875e-03 1.810884e-04 6.589335e-01 -2.248017e-01 4.532454e-02
8.279357e+00 -1.951341e-01 1.922626e-01 2.448322e-02 -4.383340e-02 -4.448808e-02 -5.886172e-04
9.160290e+00 -5.518291e-01 -8.259544e-01 -3.881498e-02 2.739696e-02 -1.830420e-02 -8.453451e-04
7.305495e+00 1.391206e-01 -1.265359e-01 5.658706e-03 5.361842e-02 5.895107e-02 -4.789503e-03
1.132595e+00 1.379956e-01 1.289842e-01 -1.511739e-03 -4.849967e-02 5.188804e-02 -2.641244e-03
9.701112e+00 -2.299180e-02 8.397089e-02 8.675818e-03 -1.078122e-01 -2.951972e-02 -1.153533e-02
5.534291e+00 1.470157e-03 5.850465e-03 6.257135e-04 -4.009494e-01 1.007541e-01 -3.695200e-03
5.650035e+00 2.101000e-02 7.922207e-02 -2.488466e-03 -1.059256e-01 2.809187e-02 6.279696e-04
9.000760e+00 -5.507926e-01 1.266558e-01 -4.440419e-03 -8.774197e-03 -3.815666e-02 -2.789593e-04
1.921664e+00 -4.886726e-03 -4.681495e-02 -1.600947e-03 1.556179e-01 -1.624400e-02 -1.707663e-03
7.320071e+00 -6.641958e-02 -6.592404e-02 -6.306088e-03 7.404380e-02 -7.460037e-02 2.029437e-04
9.349810e+00 -6.732583e-01 -4.398987e-01 1.086191e-01 1.887978e-02 -2.889522e-02 -9.215880e-04
8.825840e+00 -3.456315e-01 -1.459018e-01 3.209525e-02 2.191453e-02 -5.191404e-02 -1.786255e-03
4.018174e+00 -9.705120e-01 -2.278088e-01 1.084361e-01 6.205881e-03 -2.643833e-02 3.730207e-04
8.620337e+00 -3.152139e-01 4.802298e-01 1.346060e-01 -3.009796e-02 -1.975574e-02 -5.900777e-04
6.632166e-01 2.540405e-01 -7.147654e-02 2.027579e-02 1.574455e-02 5.595898e-02 1.380311e-03
7.012976e+00 2.938581e-01 3.803554e-01 -1.205337e-02 -3.832407e-02 2.960872e-02 -9.234758e-04
2.865396e+00 6.772447e-02 1.399411e-02 3.707179e-03 -2.618727e-02 1.267332e-01 -1.635820e-03
1.080666e+00 4.969195e-01 6.530911e-02 -3.936051e-03 -5.923215e-03 4.506815e-02 -2.067038e-03
3.863022e+00 1.685940e-01 1.327641e-01 -1.958006e-02 -4.596912e-02 5.837511e-02 -4.284980e-03
3.507707e+00 1.340721e-02 5.882207e-03 -2.171201e-04 -9.207185e-02 2.098577e-01 1.390908e-02
5.755298e+00 1.591039e-01 -9.472408e-01 2.474805e-02 3.161581e-02 5.310370e-03 1.542654e-03
6.604027e+00 1.924574e-01 6.581515e-02 -2.904450e-02 -2.287255e-02 6.688419e-02 3.628112e-03
3.881973e+00 -1.526742e-01 4.734608e-01 -6.029901e-03 -4.362627e-02 -1.406791e-02 -4.765825e-03
1.802021e+00 -8.293166e-02 1.294006e-02 -5.751039e-03 -1.447615e-02 -9.277628e-02 -1.718499e-03
2.564339e+00 3.307233e-02 9.390356e-01 1.404782e-01 -3.036463e-02 1.069426e-03 -3.024398e-04
4.108992e+00 -5.605571e-01 3.130751e-01 -1.898021e-02 -1.752939e-02 -3.138616e-02 -2.337217e-03
5.205293e+00 -1.136433e-01 3.578528e-02 9.554934e-03 -2.464426e-02 -7.826282e-02 7.999278e-03
5.587458e+00 4.003602e-02 1.477927e-02 7.261363e-03 -5.814788e-02 1.575186e-01 1.302978e-03
4.033100e+00 -7.581041e-01 5.433438e-01 5.011491e-02 -1.699263e-02 -2.370908e-02 5.271778e-04
3.267490e+00 -1.259370e-01 -3.962228e-01 -2.035124e-02 4.972305e-02 -1.580418e-02 -2.618684e-03
8.155060e+00 5.555855e-02 1.611598e-01 -3.085774e-03 -6.551725e-02 2.258655e-02 6.596689e-03
8.064535e+00 -6.336722e-02 2.189063e-01 3.864781e-03 -7.054519e-02 -2.042086e-02 1.175697e-04
2.775663e+00 5.489030e-01 -7.891055e-01 -4.318999e-02 2.665233e-02 1.853940e-02 -3.471419e-03
6.352655e+00 -3.221992e-01 -2.748679e-01 4.746433e-02 3.081612e-02 -3.612255e-02 4.076736e-03
3.752040e+00 -7.807446e-01 5.223947e-01 1.727931e-01 -1.636174e-02 -2.445342e-02 -2.114606e-04
8.348359e+00 2.471653e-01 1.362833e-01 1.838372e-02 -2.868723e-02 5.202757e-02 5.075514e-05
4.247163e+00 -1.425984e-02 -9.712140e-01 9.355437e-02 3.220673e-02 -4.728749e-04 5.157660e-04
4.473983e+00 9.168060e-01 -1.659620e-01 -3.246694e-02 6.406822e-03 3.539252e-02 4.038139e-04
3.748213e+00 -3.644727e-01 7.634614e-02 -5.947389e-02 -1.104152e-02 -5.271167e-02 4.380047e-03
5.941061e+00 1.638116e-01 7.946763e-01 8.064384e-02 -2.969340e-02 6.120885e-03 2.413586e-03
2.789283e+00 -4.055733e-01 7.420593e-01 1.209964e-01 -3.327083e-02 -1.818420e-02 2.875013e-03
4.775139e+00 -7.892388e-01 -2.513357e-01 -6.798136e-02 1.039450e-02 -3.264057e-02 8.754941e-04
2.802198e+00 -1.527481e-02 -1.888928e-01 -5.623762e-03 6.818256e-02 -5.513580e-03 5.832148e-04
4.679139e+00 -1.165291e-03 1.579503e-01 -7.898682e-03 -7.312461e-02 -5.394828e-04 4.731269e-04
4.655308e+00 1.804869e-01 -3.372744e-01 -4.422631e-02 4.529547e-02 2.423914e-02 2.663902e-03
8.211687e+00 7.501522e-02 -5.959836e-02 1.862360e-03 6.930017e-02 8.722669e-02 -2.862459e-03
3.434104e+00 9.831992e-02 -1.769421e-01 2.014931e-02 6.373988e-02 3.541781e-02 -2.319709e-05
9.043900e+00 -5.630456e-02 -3.661922e-01 5.247714e-02 5.620477e-02 -8.641868e-03 1.770213e-03
9.103330e+00 -2.483063e-01 -1.057116e-01 -7.046779e-03 2.466846e-02 -5.794379e-02 1.795202e-04
5.193957e+00 -1.860499e-01 7.406618e-01 -3.600774e-02 -3.219414e-02 -8.086980e-03 -1.809967e-03
6.484854e-01 -3.497638e-01 4.568397e-01 5.211157e-02 -3.338025e-02 -2.555646e-02 1.346010e-03
7.473968e+00 1.712268e-01 -8.671584e-01 5.983871e-02 3.081949e-02 6.085535e-03 -5.994978e-04
3.156941e+00 -5.924078e-01 5.292395e-01 1.298393e-01 -2.509659e-02 -2.809204e-02 -5.121238e-03
6.181094e+00 1.378398e-02 -3.911220e-01 9.109865e-03 4.852051e-02 1.709967e-03 1.153577e-03
3.824081e+00 -8.947042e-01 7.815319e-02 7.885018e-02 -3.061390e-03 -3.504705e-02 -1.102680e-03
5.333781e+00 -2.120004e-01 -2.512979e-01 2.973974e-02 3.906732e-02 -3.295806e-02 -9.608582e-03
9.207730e+00 -2.593507e-01 -9.557836e-03 4.355503e-02 2.195800e-03 -5.958276e-02 -4.993583e-04
3.478738e+00 -8.993078e-02 1.835147e-01 -3.726126e-03 -5.542175e-02 -2.715924e-02 -3.193133e-03
4.263646e+00 3.695231e-01 6.074797e-01 3.351671e-02 -2.757327e-02 1.677251e-02 -1.327775e-03
9.458391e+00 2.266294e-02 4.478023e-01 1.308934e-02 -4.712072e-02 2.384745e-03 -2.545230e-03
6.832684e-01 -3.309926e-01 -7.777162e-01 1.567617e-02 2.889813e-02 -1.229892e-02 2.300664e-03
1.849082e+00 -3.151135e-01 -4.130408e-01 2.876522e-02 3.383890e-02 -2.581608e-02 -5.311928e-05
4.656395e+00 -1.652361e-01 2.549280e-01 2.851021e-02 -5.170212e-02 -3.351164e-02 6.593151e-04
3.727780e+00 4.989998e-01 1.468363e-01 1.882320e-02 -1.312472e-02 4.460228e-02 -3.001504e-03
2.258878e+00 -5.644206e-01 -5.875973e-02 -5.629897e-02 4.254432e-03 -4.086623e-02 1.442327e-03
8.804784e+00 7.257589e-01 3.501871e-01 -1.431252e-03 -1.491507e-02 3.091133e-02 3.525642e-04
8.974162e-01 -4.533815e-01 -8.657431e-01 2.624526e-02 2.676143e-02 -1.401471e-02 -1.465579e-03
7.210643e+00 3.847281e-01 4.593136e-02 7.117645e-02 -6.593613e-03 5.522910e-02 -1.085355e-03
4.415694e+00 -2.267382e-01 -5.263017e-02 -6.430016e-03 1.276506e-02 -5.499366e-02 3.877747e-03
1.417553e+00 5.723217e-01 3.634532e-01 4.888505e-02 -1.886673e-02 2.970903e-02 1.168012e-04
8.666793e+00 9.238358e-03 -3.108163e-02 2.542532e-03 1.721563e-01 5.116982e-02 -1.745124e-02
4.631516e+00 -3.210106e-01 -5.879082e-01 5.475882e-02 3.363513e-02 -1.836551e-02 1.345753e-03
2.338125e+00 -1.849797e-01 -5.348398e-01 -8.576656e-02 3.439621e-02 -1.189628e-02 1.364871e-03
9.978877e+00 -1.293895e-01 -1.121178e-02 -1.703986e-02 8.198808e-03 -9.461830e-02 1.188119e-06
3.663479e+00 -4.532198e-01 1.715536e-01 2.753458e-02 -1.560560e-02 -4.122775e-02 1.826295e-03
7.861163e+00 -2.658826e-01 -1.091369e-01 3.284931e-02 2.437999e-02 -5.939526e-02 8.612835e-04
6.587606e+00 -4.341347e-01 -5.976906e-02 -2.523980e-02 5.891151e-03 -4.279058e-02 2.579158e-03
1.424500e+00 5.470860e-01 -4.499849e-01 -1.207657e-01 2.487772e-02 3.024602e-02 -1.238901e-03
7.562929e+00 -7.632478e-01 -1.474567e-01 -5.500016e-02 7.550683e-03 -3.908295e-02 -1.598455e-04
8.600228e-01 5.544706e-01 2.493321e-01 -3.676695e-02 -1.567950e-02 3.486844e-02 -1.608286e-03
8.361417e+00 -3.861323e-01 3.205342e-01 -4.877933e-02 -2.539832e-02 -3.059614e-02 -6.111488e-06
8.475139e+00 8.845094e-01 3.326915e-01 -6.222501e-02 -1.058517e-02 2.814224e-02 3.238005e-03
4.801802e+00 1.935086e-01 -2.238191e-01 6.838934e-03 4.661603e-02 4.030310e-02 -1.531237e-04
4.918784e+00 -2.903853e-01 3.740582e-01 -7.911405e-02 -3.952400e-02 -3.068290e-02 -4.273320e-03
6.226680e+00 -2.243985e-01 -3.827550e-01 -8.401991e-02 3.586478e-02 -2.102652e-02 5.175199e-03
6.401318e+00 -4.341574e-01 -1.486279e-01 -5.086118e-03 1.480294e-02 -4.324091e-02 -3.796235e-04
6.731970e+00 -8.170998e-01 -5.727569e-02 -2.746538e-02 2.407587e-03 -3.434683e-02 -3.810746e-03
5.162799e+00 4.843570e-01 6.064221e-01 -6.817924e-02 -2.796423e-02 2.233538e-02 -1.125476e-03
9.268628e-01 1.166693e-01 4.600548e-01 -3.417071e-02 -3.975665e-02 1.008223e-02 2.537957e-03
8.751510e+00 1.154455e-01 9.816025e-02 -4.519137e-02 -5.260564e-02 6.186905e-02 4.114380e-03
9.901417e+00 3.958421e-02 2.157706e-02 2.452131e-03 -6.764229e-02 1.240932e-01 -4.431237e-03
1.889151e+00 -5.038829e-01 -2.495348e-01 -4.249990e-02 1.659190e-02 -3.350384e-02 -3.141055e-03
3.536759e+00 5.494004e-01 4.860402e-01 4.010819e-02 -2.529729e-02 2.859504e-02 2.143265e-03
5.871962e+00 5.789342e-01 -7.799085e-02 -5.378332e-02 5.818179e-03 4.318895e-02 5.349347e-03
5.869681e+00 -6.407943e-01 -6.098612e-01 -3.838619e-02 2.290645e-02 -2.406831e-02 1.443115e-03
3.823462e+00 -2.794716e-01 -4.274937e-02 -1.144469e-02 9.777586e-03 -6.392043e-02 -2.740587e-03
3.460168e+00 5.981459e-01 -3.722938e-01 -3.376369e-02 1.973477e-02 3.170687e-02 -2.060286e-03
3.642071e+00 2.012938e-01 5.524142e-01 -7.474500e-02 -3.506358e-02 1.277680e-02 -4.782940e-04
7.485390e+00 -1.480149e-01 -1.270049e-02 -2.920571e-03 6.862052e-03 -7.997219e-02 -4.833082e-03
3.417707e+00 -2.237982e-01 2.690651e-01 -2.045279e-02 -3.703195e-02 -3.080178e-02 4.410137e-04
4.694289e+00 -4.966845e-03 1.383727e-02 1.377297e-04 -2.500574e-01 -8.975731e-02 -1.200503e-04
3.871443e+00 -1.886173e-02 6.712313e-02 7.413098e-03 -1.035575e-01 -2.909986e-02 6.705380e-04
9.066832e+00 6.379270e-01 -2.288694e-01 2.537848e-02 1.155275e-02 3.220097e-02 -2.326846e-03
9.596962e+00 -3.841876e-01 1.499322e-02 3.895290e-02 -1.844859e-03 -4.727283e-02 -3.855031e-04
2.317829e+00 -6.002087e-01 4.924890e-01 -6.088540e-02 -2.504646e-02 -3.052475e-02 1.400421e-03
6.873706e+00 -4.791721e-02 2.666026e-01 5.903750e-03 -5.554536e-02 -9.983319e-03 3.662778e-03
6.124440e-01 6.932861e-01 -3.686212e-01 8.770459e-02 1.580997e-02 2.973467e-02 3.720566e-04
1.769829e+00 1.601414e-01 7.078382e-01 8.450457e-02 -3.891956e-02 8.805164e-03 1.462067e-03
5.720477e+00 -5.332196e-01 4.834579e-01 -1.093759e-01 -2.494135e-02 -2.750853e-02 2.913711e-03
9.646034e+00 2.905162e-01 6.640102e-01 -1.028651e-01 -3.480530e-02 1.522793e-02 2.996305e-03
4.000146e+00 1.676507e-01 -9.085613e-03 -1.288369e-03 3.666003e-03 6.764629e-02 3.080553e-03
2.600281e+00 -4.667023e-02 -1.834355e-01 -2.267149e-02 7.636047e-02 -1.942787e-02 -5.260603e-03
2.044722e+00 -1.406755e-01 -4.202754e-01 3.147231e-02 4.515608e-02 -1.511475e-02 -3.669802e-03
8.655106e+00 4.703740e-01 2.549691e-02 -2.607937e-02 -2.656382e-03 4.900567e-02 3.258149e-03
6.894821e+00 6.861939e-02 3.244871e-01 2.226799e-02 -5.907692e-02 1.249301e-02 4.537508e-03
5.942177e-01 4.615431e-01 1.003783e-01 1.213073e-02 -8.994026e-03 4.135485e-02 -3.038988e-03
8.498462e+00 3.193424e-02 -1.665449e-01 -3.296030e-03 6.466896e-02 1.239998e-02 -3.247182e-03
8.267611e+00 8.647023e-01 4.425899e-01 -2.794599e-02 -1.304700e-02 2.549035e-02 -2.986146e-04
5.701271e+00 -2.121541e-01 1.682111e-01 7.914483e-02 -3.614162e-02 -4.558315e-02 -1.818157e-04
9.300042e+00 7.675588e-01 5.452399e-01 -1.978848e-01 -1.851321e-02 2.606188e-02 -1.515027e-03
5.563750e+00 1.480984e-01 2.205878e-01 -4.630894e-02 -4.878299e-02 3.275197e-02 -1.196762e-03
6.909474e+00 -1.764724e-01 -7.551205e-01 -3.950510e-02 3.781316e-02 -8.836969e-03 2.491391e-03
2.720163e+00 -5.513434e-01 8.072898e-01 2.863445e-02 -2.876519e-02 -1.964536e-02 2.964266e-03
2.998975e+00 2.193406e-01 -4.684747e-01 -6.725420e-02 4.378472e-02 2.050008e-02 1.094926e-03
7.646912e+00 -3.876980e-01 8.007542e-01 1.469046e-01 -3.295965e-02 -1.595794e-02 9.749692e-04
5.508532e+00 8.311337e-01 -3.852044e-01 -3.381530e-02 1.493847e-02 3.223189e-02 4.395626e-04
7.163871e+00 -3.159003e-01 3.056486e-01 -1.589841e-02 -3.587137e-02 -3.707452e-02 -1.883996e-03
1.909977e+00 7.168694e-01 5.999871e-01 -2.869168e-02 -2.095026e-02 2.503154e-02 4.810825e-04
7.821735e+00 7.466887e-02 -6.556354e-01 -3.236898e-02 4.185240e-02 4.766477e-03 4.474798e-03
8.491887e+00 5.309699e-01 3.014269e-01 -1.158622e-02 -1.809481e-02 3.187438e-02 -6.504209e-04
1.865387e+00 3.741796e-01 -4.192376e-01 1.399908e-01 2.884514e-02 2.574497e-02 -3.577915e-03
1.946546e+00 1.629030e-02 8.031243e-02 -1.482004e-02 -1.104179e-01 2.239680e-02 -1.078859e-02
1.499401e+00 5.126106e-02 1.033170e-01 1.927056e-03 -7.969549e-02 3.954118e-02 6.882184e-03
7.689346e+00 -1.341379e-01 4.362534e-01 4.948321e-03 -4.658388e-02 -1.432348e-02 8.600814e-04
3.127866e+00 3.090656e-01 -3.344563e-01 7.131297e-03 3.505145e-02 3.239048e-02 -4.580515e-04
1.512870e+00 4.403342e-01 1.305011e-01 4.765893e-02 -1.285152e-02 4.336336e-02 4.339011e-03
5.630078e+00 8.078770e-02 1.466951e-01 -5.146444e-03 -7.516026e-02 4.139215e-02 -1.092037e-03
9.587582e+00 6.865459e-01 -3.544246e-02 7.827090e-02 2.131159e-03 4.128208e-02 -2.401838e-03
4.674669e+00 1.996758e-01 -1.492067e-01 5.987622e-03 3.914103e-02 5.238049e-02 -5.017208e-04
3.937737e+00 1.026848e-01 -8.449796e-02 1.675494e-02 5.036307e-02 6.120294e-02 6.914535e-04
4.337844e+00 1.866701e-01 -5.654274e-01 -9.557827e-02 3.774729e-02 1.246188e-02 7.131742e-04
1.111593e+00 1.182863e-01 -1.662632e-01 3.902793e-02 6.059753e-02 4.311151e-02 1.726665e-03
9.927201e-01 -2.699012e-01 -1.148100e-01 -2.520796e-02 2.123685e-02 -4.992466e-02 -1.477387e-03
8.284953e+00 -7.496881e-01 4.967717e-02 -4.749257e-02 -2.102180e-03 -3.172442e-02 7.948225e-04
7.564352e+00 -5.034117e-01 -7.496275e-01 3.545545e-04 3.039610e-02 -2.041247e-02 -3.098061e-03
4.091565e+00 1.572230e-01 -9.571784e-01 1.704393e-02 2.866417e-02 4.708284e-03 4.817533e-03
2.703349e+00 2.506088e-01 -3.978717e-01 5.426097e-02 3.454871e-02 2.176132e-02 5.935076e-04
4.094127e+00 5.149858e-02 1.253063e-02 -4.657867e-03 -3.500432e-02 1.438613e-01 1.082675e-02
7.904851e+00 3.771019e-02 -4.386687e-01 1.820731e-02 4.521222e-02 3.886673e-03 -9.631878e-04
1.862444e+00 -9.503386e-01 -3.975901e-03 -1.660426e-01 1.428983e-04 -3.415622e-02 6.406345e-05
9.868374e+00 3.137176e-01 -5.780388e-01 5.633292e-04 3.171173e-02 1.721083e-02 3.755928e-03
9.499816e+00 2.977852e-02 -3.734016e-01 -5.848260e-02 5.418532e-02 4.321242e-03 1.156527e-03
6.285795e+00 4.036577e-01 -5.060720e-01 -5.666366e-02 2.659970e-02 2.121669e-02 1.964394e-03
9.244808e+00 -4.692160e-01 -2.697670e-01 -3.615687e-02 2.300226e-02 -4.000870e-02 1.735834e-03
4.717484e+00 -6.591513e-01 3.325282e-01 -1.153661e-01 -1.562547e-02 -3.097346e-02 1.215834e-03
6.021816e+00 -2.388996e-02 -3.494064e-01 -6.429608e-02 5.191921e-02 -3.549872e-03 3.969159e-03
1.503605e+00 -3.066188e-01 -8.005105e-01 1.417545e-01 2.760985e-02 -1.057537e-02 -2.095468e-03
6.187313e+00 -4.980472e-01 -5.455630e-01 -1.560696e-01 2.556314e-02 -2.333672e-02 2.978742e-03
5.809164e+00 -1.168337e-01 -1.865555e-01 6.415266e-02 5.241560e-02 -3.282620e-02 5.228028e-05
5.122192e+00 1.653580e-01 -3.925278e-01 -1.898924e-02 4.128310e-02 1.739110e-02 2.740910e-03
1.647758e+00 -3.534930e-01 -1.505364e-01 -6.264983e-03 1.987509e-02 -4.667114e-02 7.505426e-04
7.256203e-01 -5.693985e-03 -6.353907e-01 7.425592e-02 4.070354e-02 -3.647604e-04 -3.743498e-03
9.878337e+00 -1.636821e-01 8.835048e-01 -1.111020e-01 -3.635255e-02 -6.734837e-03 -1.049697e-03
9.701438e+00 -5.700069e-01 1.906196e-01 5.428056e-02 -1.234768e-02 -3.692310e-02 -1.742163e-03
6.774656e+00 -1.822093e-01 -3.405557e-01 1.130255e-03 3.904763e-02 -2.089185e-02 1.680615e-03
5.246019e+00 -1.366522e-01 -6.778154e-01 -7.252790e-02 3.560063e-02 -7.177329e-03 -1.942110e-03
4.898133e+00 1.047181e-01 -1.834493e-01 1.901305e-02 6.505857e-02 3.713729e-02 -5.360286e-03
9.546395e+00 -2.592537e-01 -5.737594e-02 -2.281229e-02 1.389897e-02 -6.280264e-02 2.224356e-03
6.844138e+00 2.398094e-01 -4.676497e-02 6.272762e-03 1.113262e-02 5.708772e-02 -1.086756e-03
1.530279e+00 -6.791392e-03 9.859010e-01 7.321542e-02 -2.763492e-02 -1.903635e-04 -1.273797e-03
5.230946e+00 -2.611637e-01 8.017579e-01 1.241794e-02 -3.632144e-02 -1.183131e-02 -4.981707e-05
2.660682e+00 8.657678e-03 1.557742e-03 6.071094e-04 -5.583909e-02 3.103447e-01 2.306525e-03
1.293357e+00 4.076250e-02 7.912353e-01 5.397062e-02 -3.665439e-02 1.888344e-03 -8.133842e-05
2.944004e+00 6.349264e-01 5.493510e-01 -6.401299e-02 -2.057950e-02 2.378528e-02 8.701300e-04
4.504310e+00 -1.134905e-01 2.957691e-01 2.193034e-02 -5.394330e-02 -2.069876e-02 -5.779161e-03
9.700159e+00 -2.213195e-01 4.437463e-01 5.252180e-02 -3.998245e-02 -1.994134e-02 -2.015833e-03
9.220570e+00 2.253467e-01 7.492838e-01 4.832263e-02 -3.435928e-02 1.033353e-02 2.905725e-03
4.341398e+00 -3.581149e-02 -1.916343e-01 1.162109e-03 7.069889e-02 -1.321179e-02 -3.014111e-03
2.391098e+00 -3.017402e-02 1.647842e-01 -1.937049e-02 -7.434553e-02 -1.361359e-02 5.728382e-03
2.752419e+00 7.124354e-02 2.317040e-01 -4.267063e-02 -6.396573e-02 1.966796e-02 3.386164e-03
7.511807e+00 5.605586e-01 -2.567185e-01 -3.709202e-02 1.534101e-02 3.349792e-02 -2.836552e-03
6.460494e+00 -6.929263e-01 1.157208e-01 -3.848924e-02 -5.518653e-03 -3.304523e-02 3.445455e-03
1.790132e+00 -2.410991e-02 2.804135e-02 -3.887577e-03 -1.164145e-01 -1.000930e-01 -1.908548e-03
4.189420e+00 -2.827006e-01 8.038816e-01 1.702024e-01 -2.760963e-02 -9.709463e-03 2.496043e-04
5.391086e+00 1.709342e-01 -5.570651e-01 -3.179346e-02 4.168832e-02 1.279197e-02 -3.158213e-03
2.274159e+00 7.276100e-01 -4.863333e-01 2.557761e-02 1.620970e-02 2.425156e-02 1.777072e-03
4.804566e+00 9.988495e-02 6.026331e-02 1.837351e-02 -4.808149e-02 7.969388e-02 -1.479017e-03
3.717448e+00 -7.890161e-01 -3.703660e-01 -8.688574e-02 1.319984e-02 -2.812052e-02 2.440926e-03
1.795307e+00 -1.907540e-01 5.192555e-01 2.084755e-02 -4.037741e-02 -1.483306e-02 5.336976e-03
2.603542e+00 -2.377193e-01 6.635458e-03 -2.882370e-02 -1.999987e-03 -7.165073e-02 5.948154e-03
4.401006e+00 3.546678e-01 2.713307e-02 -3.953983e-02 -3.747003e-03 4.897867e-02 -3.079028e-03
8.008172e+00 8.690520e-02 -2.118087e-01 -4.369579e-02 5.913586e-02 2.426347e-02 8.214014e-04
8.344377e+00 -6.254530e-01 3.017445e-01 8.828283e-02 -1.730479e-02 -3.586921e-02 1.443538e-03
4.720431e+00 6.770204e-01 4.008525e-01 -5.820254e-03 -1.831911e-02 3.094008e-02 4.667297e-03
8.866288e+00 2.435755e-01 4.217802e-01 -3.700826e-02 -4.149609e-02 2.396375e-02 -2.450596e-03
9.778289e+00 -1.406699e-01 -4.239492e-01 3.097548e-02 4.960805e-02 -1.646036e-02 1.592224e-03
2.628840e+00 1.611353e-01 -6.449982e-01 5.050110e-02 3.878825e-02 9.690194e-03 -6.956744e-04
3.944130e+00 -5.475016e-02 6.071812e-01 1.327431e-01 -4.217013e-02 -3.802524e-03 -5.113366e-03
6.194697e+00 5.788491e-01 -4.362742e-01 9.111064e-02 2.212373e-02 2.935379e-02 1.091267e-03
7.884100e+00 3.467365e-01 8.266262e-01 6.134102e-03 -3.319723e-02 1.392491e-02 -7.961252e-04
5.471952e+00 -5.829527e-01 4.760882e-02 9.581665e-03 -3.013645e-03 -3.690099e-02 3.130238e-04
4.158077e+00 3.127936e-01 -9.362727e-01 1.185655e-01 3.217064e-02 1.074769e-02 1.368158e-03
2.570263e+00 3.925816e-01 5.358877e-02 4.555074e-02 -7.053799e-03 5.167485e-02 -1.325982e-03
2.780733e+00 -6.932936e-01 4.684545e-01 -4.887214e-02 -1.714811e-02 -2.537850e-02 3.520144e-03
4.338584e+00 -4.971191e-01 -7.717660e-01 -3.292402e-02 2.998852e-02 -1.931657e-02 1.171878e-03
3.097943e+00 -6.073553e-01 -5.639474e-01 -4.823938e-02 2.185456e-02 -2.353674e-02 8.693114e-04
6.380171e-01 4.317113e-01 -8.002447e-02 5.082442e-02 9.381737e-03 5.061204e-02 -1.815746e-03
8.801867e+00 1.233515e-01 4.838016e-02 -9.261871e-03 -3.058877e-02 7.799006e-02 -3.436601e-03
5.426100e+00 1.664682e-01 -2.409462e-01 -4.728899e-02 4.280657e-02 2.957479e-02 -2.164178e-03
2.299657e+00 -3.244448e-01 5.177258e-01 2.404359e-02 -3.530225e-02 -2.212296e-02 5.807404e-04
3.371806e+00 3.464425e-01 -7.762225e-02 -9.604852e-03 1.165053e-02 5.199850e-02 -1.237807e-03
4.349976e+00 -3.298655e-01 -4.504895e-01 4.907851e-03 3.465078e-02 -2.537261e-02 2.103096e-03
9.688991e+00 -5.530211e-01 -5.068300e-01 -5.767336e-02 2.566516e-02 -2.800421e-02 -1.207241e-03
7.403047e+00 4.983480e-01 -3.709230e-01 1.602644e-01 2.616982e-02 3.516007e-02 -3.862179e-04
4.606909e+00 -5.831715e-02 -1.760379e-02 1.446250e-03 3.891346e-02 -1.289110e-01 -3.861579e-03
1.643737e+00 7.720691e-01 1.662299e-01 1.502027e-01 -7.868111e-03 3.654413e-02 -1.552909e-03
6.053345e+00 1.165186e-01 -2.021414e-01 3.853302e-02 5.461982e-02 3.148405e-02 2.045772e-03
7.303779e+00 8.483670e-01 -5.063718e-01 1.029517e-01 1.551326e-02 2.599065e-02 -2.173419e-04
4.823269e+00 9.907885e-01 1.232910e-01 1.909723e-01 -4.104388e-03 3.298359e-02 -8.664370e-04
5.720622e+00 1.232433e-01 -4.021993e-01 -2.326777e-02 4.788455e-02 1.467295e-02 1.975176e-03
9.609385e+00 -4.770438e-01 -8.523143e-02 2.569036e-02 7.473873e-03 -4.183157e-02 -6.403114e-04
5.826310e+00 9.745051e-01 -2.136105e-01 1.582415e-01 6.587893e-03 3.005440e-02 -4.252103e-03
6.089433e+00 -9.013944e-01 7.014848e-02 5.909031e-02 -2.787149e-03 -3.581433e-02 -3.350502e-03
1.633643e+00 -5.252643e-03 5.303919e-02 9.919430e-03 -1.250939e-01 -1.238846e-02 3.183306e-03
4.559800e+00 1.027979e-01 1.001464e-01 -1.607371e-02 -5.254443e-02 5.393563e-02 1.070812e-03
8.754621e+00 -6.012450e-02 -8.564147e-02 1.081577e-02 8.377506e-02 -5.881419e-02 2.118234e-03
8.750997e+00 -3.341594e-02 -5.082868e-02 5.354202e-04 9.192675e-02 -6.043476e-02 -6.273526e-03
6.972617e-01 -3.834073e-01 -1.469835e-01 1.086324e-03 1.539379e-02 -4.015479e-02 2.536269e-03
5.708486e+00 2.127123e-01 2.369578e-02 -1.196628e-02 -6.719462e-03 6.031927e-02 -7.993520e-04
7.484243e+00 1.945646e-02 8.062833e-01 1.058962e-01 -3.287362e-02 7.932751e-04 8.804351e-04
3.254557e+00 -3.236791e-01 8.721334e-02 -2.875072e-02 -1.548238e-02 -5.746050e-02 2.752793e-04
8.545103e+00 4.361170e-01 -8.801612e-01 -3.943065e-02 2.926240e-02 1.449942e-02 -4.593845e-04
6.339354e+00 -7.600765e-02 -2.936153e-02 3.338979e-04 4.072946e-02 -1.054356e-01 3.396170e-03
5.351131e-01 5.974760e-02 1.856578e-01 -5.775189e-03 -6.664205e-02 2.144646e-02 2.898729e-03
7.577522e+00 -5.871758e-01 1.622963e-01 3.419006e-02 -1.070131e-02 -3.871653e-02 -4.070753e-04
6.712720e+00 -5.180630e-01 -3.308588e-01 6.033679e-02 2.007050e-02 -3.142665e-02 4.929611e-04
6.927729e+00 9.195791e-02 -9.511742e-01 5.574422e-02 3.008719e-02 2.908779e-03 -2.386801e-03
8.065201e+00 3.567116e-01 -4.369329e-01 6.142777e-03 3.568820e-02 2.913581e-02 1.406590e-03
7.879504e+00 -2.288565e-01 6.389805e-02 1.038184e-02 -1.777663e-02 -6.366856e-02 -5.255169e-03
9.503123e+00 3.188638e-01 4.651089e-02 -3.507026e-02 -8.886867e-03 6.092553e-02 4.944414e-03
9.264510e+00 7.063314e-03 -1.243981e-01 6.948951e-03 9.272644e-02 5.265001e-03 -1.434133e-03
8.174015e+00 -2.580909e-01 -5.030271e-01 -3.466411e-02 3.344079e-02 -1.715765e-02 -4.538842e-03
2.597893e+00 -4.304831e-01 3.085077e-02 -5.267081e-02 -3.473280e-03 -4.846519e-02 9.059163e-04
1.091312e+00 -2.165896e-01 -5.870554e-01 -7.474984e-02 3.394048e-02 -1.252208e-02 -1.466489e-03
8.887867e+00 -3.202228e-01 -2.272969e-01 -2.542698e-02 2.915902e-02 -4.108013e-02 -4.801307e-03
5.100632e+00 1.462210e-02 1.587059e-01 1.853924e-02 -8.367340e-02 7.709109e-03 -3.243213e-03
5.861608e+00 -2.145051e-01 1.977797e-01 2.096198e-02 -4.027593e-02 -4.368190e-02 -2.393007e-03
5.973800e+00 -9.851468e-01 -1.272770e-01 -2.493969e-01 4.192934e-03 -3.245406e-02 9.717925e-04
7.436623e+00 1.370495e-01 -5.613820e-01 4.516122e-02 3.692484e-02 9.014419e-03 -3.679413e-04
1.365238e+00 5.432265e-02 -9.914585e-03 -3.035256e-03 2.634262e-02 1.443329e-01 -2.380384e-03
7.242967e+00 2.250832e-01 -7.325952e-01 -8.588037e-02 3.740064e-02 1.149101e-02 -7.890996e-04
7.057834e-01 -1.500828e-02 -2.899402e-02 6.724663e-04 1.627932e-01 -8.426723e-02 -6.230657e-05
3.241559e+00 -2.821293e-01 -4.967361e-01 -2.342818e-02 3.207349e-02 -1.821666e-02 -1.204135e-03
6.564809e+00 -5.543779e-01 1.883016e-02 -9.480838e-03 -1.377705e-03 -4.056095e-02 7.790578e-04
8.344627e+00 -6.954888e-01 -2.522258e-01 3.273534e-02 1.259727e-02 -3.473578e-02 -2.042099e-04
4.236563e+00 -6.536171e-02 8.705237e-01 1.904035e-01 -3.072611e-02 -2.307015e-03 1.700840e-03
3.304058e+00 -1.495695e-01 -2.706820e-01 4.330109e-03 4.591798e-02 -2.537269e-02 -2.515383e-03
1.937282e+00 4.427504e-02 1.851762e-01 4.439927e-02 -6.021888e-02 1.439814e-02 4.418783e-03
7.102790e+00 3.268218e-04 -3.032740e-03 5.763033e-05 5.006610e-01 5.395350e-02 -3.196311e-03
9.586792e+00 7.731221e-01 4.162497e-02 7.708752e-02 -1.905766e-03 3.539678e-02 1.893119e-03
7.296219e+00 -1.128106e-02 4.317315e-01 5.027282e-02 -5.197236e-02 -1.358028e-03 2.472900e-04
5.264617e+00 3.352605e-01 -6.492918e-01 -3.095652e-02 3.205643e-02 1.655227e-02 8.375519e-04
1.040154e+00 -3.577295e-02 6.430412e-02 -8.631602e-03 -8.962237e-02 -4.985771e-02 -8.129179e-03
4.524368e+00 -4.016367e-01 -2.854336e-02 1.367452e-02 3.026527e-03 -4.258659e-02 -1.214093e-03
8.937600e+00 -6.150934e-01 4.666399e-01 1.194190e-01 -1.894587e-02 -2.497317e-02 -3.836547e-04
1.102052e+00 -4.149550e-01 -4.551472e-01 6.298680e-02 2.927871e-02 -2.669323e-02 -3.760683e-05
7.093632e+00 -5.593606e-03 1.268822e-02 8.462976e-04 -2.249765e-01 -9.918092e-02 1.355385e-02
8.689192e+00 -4.266576e-01 5.785155e-02 3.178852e-02 -6.162694e-03 -4.545012e-02 -1.037560e-03
7.638299e+00 -1.168271e-01 4.420468e-02 -1.408595e-02 -2.829453e-02 -7.477865e-02 9.845608e-03
3.395548e+00 8.225514e-01 -2.084610e-01 9.086210e-02 7.897097e-03 3.116060e-02 -4.400355e-04
6.025441e+00 -4.700605e-01 5.419215e-01 1.115402e-01 -2.633340e-02 -2.284149e-02 2.986827e-03
2.180452e+00 9.898885e-01 6.917564e-02 -1.719923e-02 -2.203463e-03 3.153108e-02 1.081904e-03
4.644059e+00 7.529637e-02 -4.227520e-01 -6.444445e-02 4.432634e-02 7.894967e-03 -8.970122e-04
1.645167e+00 -5.418362e-01 -1.335237e-01 -2.510586e-02 1.108620e-02 -4.498754e-02 -2.732101e-03
6.805180e+00 3.474797e-01 -2.032281e-02 -3.898481e-02 2.983516e-03 5.101221e-02 1.608572e-03
1.220729e+00 -3.688274e-01 6.566720e-01 -2.386884e-02 -2.793799e-02 -1.569169e-02 8.546419e-05
4.237357e+00 -1.998153e-03 4.835046e-03 -6.590104e-04 -4.406426e-01 -1.821019e-01 -1.589885e-02
1.765265e+00 -3.243584e-01 2.862702e-01 -2.931746e-02 -3.282988e-02 -3.719790e-02 -1.705015e-03
9.185346e+00 -9.745671e-03 -2.820871e-02 -1.555590e-03 1.804059e-01 -6.232744e-02 7.828263e-03
2.361176e+00 8.545785e-01 -1.595721e-01 1.008383e-01 6.912136e-03 3.701752e-02 -2.867191e-03
7.766357e+00 -7.895105e-01 5.625428e-01 -1.224167e-01 -2.037265e-02 -2.859235e-02 -1.617712e-03
6.432080e+00 5.887540e-01 6.627386e-01 2.015594e-01 -2.564207e-02 2.277952e-02 -1.147478e-03
5.960210e+00 -7.560316e-01 -5.116825e-01 1.066860e-01 1.686188e-02 -2.491412e-02 -1.315283e-03
3.914815e+00 6.262722e-03 -2.874442e-02 -3.373120e-03 1.857835e-01 4.047779e-02 1.991518e-02
1.138951e+00 3.172469e-03 5.397376e-01 -3.826869e-02 -4.163451e-02 2.447192e-04 -2.795123e-03
4.704016e+00 5.809087e-01 -3.128769e-01 -1.007591e-01 1.762422e-02 3.272234e-02 -2.673844e-04
4.611348e+00 1.229587e-01 1.137543e-01 -4.547941e-03 -5.265585e-02 5.691647e-02 -3.095651e-03
1.181627e+00 7.759489e-02 -3.823849e-01 1.029190e-02 5.435268e-02 1.102944e-02 -1.395891e-03
9.592136e+00 -7.474029e-02 6.483352e-01 -5.792371e-02 -4.139468e-02 -4.771991e-03 -1.259789e-03
8.526437e+00 -1.167887e-02 3.661754e-02 3.005730e-03 -1.416544e-01 -4.517950e-02 7.971393e-03
2.822834e+00 1.460952e-01 6.332777e-01 -2.284552e-02 -3.964702e-02 9.146443e-03 -9.303812e-04
7.328751e+00 -4.053901e-01 -1.056185e-01 3.204311e-02 1.078565e-02 -4.139800e-02 3.352641e-03
1.496868e+00 -2.620924e-01 6.116357e-01 -5.905282e-02 -3.482525e-02 -1.492299e-02 4.688574e-04
3.547575e+00 8.384165e-01 1.947132e-01 -7.836109e-03 -8.133057e-03 3.502016e-02 4.002908e-03
