9.046511e+09 0.000000e+00 0.000000e+00 0.000000e+00 0.000000e+00 0.000000e+00 0.000000e+00
4.504617e+00 2.609329e-01 -5.014559e-01 -5.154519e-02 4.700496e-02 2.445907e-02 -3.512709e-03
6.783261e+00 -9.238110e-01 -1.878206e-02 -7.736188e-02 8.727561e-04 -4.292723e-02 1.914258e-03
1.446327e+00 3.219549e-01 -2.841033e-01 5.475386e-02 3.833539e-02 4.344289e-02 1.451670e-03
6.845859e+00 -3.663865e-02 -7.998769e-03 3.331347e-03 4.803225e-02 -2.200135e-01 -3.199970e-03
5.230615e+00 -2.862409e-02 -7.825733e-02 7.715530e-03 1.380925e-01 -5.050993e-02 6.583856e-03
8.614972e+00 -1.763535e-01 5.222934e-01 2.670915e-02 -6.223418e-02 -2.101351e-02 -1.204869e-03
9.699419e-01 3.976018e-01 -1.869698e-01 -4.688024e-02 2.433177e-02 5.174287e-02 -1.751564e-03
5.034914e+00 -1.409613e-01 -3.277559e-01 1.620128e-03 7.430540e-02 -3.195727e-02 -5.876076e-03
4.306118e+00 -3.516079e-02 -4.457364e-02 -2.613526e-03 1.557174e-01 -1.228337e-01 -1.425569e-02
2.951843e+00 -9.005541e-02 3.774357e-02 1.093750e-02 -5.974683e-02 -1.425547e-01 -5.735256e-03
5.676114e+00 8.419612e-02 -9.439438e-01 6.880057e-02 4.205739e-02 3.751356e-03 -4.355827e-04
3.274886e+00 7.146351e-01 3.495394e-02 5.640654e-02 -2.524037e-03 5.160406e-02 1.940743e-03
6.264327e+00 3.936963e-01 -2.099848e-01 4.007791e-02 3.369395e-02 6.317213e-02 5.430559e-03
3.217595e+00 2.703980e-02 2.567196e-02 -4.170989e-03 -1.450610e-01 1.527901e-01 5.120354e-03
4.834619e+00 -1.942322e-02 8.661788e-02 3.746755e-04 -1.357368e-01 -3.043766e-02 5.833777e-03
3.149077e+00 3.656380e-01 -3.326182e-01 -3.123134e-02 3.657560e-02 4.020655e-02 -1.749070e-03
6.014138e-01 1.832563e-01 -6.702651e-02 -1.608749e-02 3.752271e-02 1.025903e-01 7.364017e-03
5.170187e-01 -9.408604e-01 2.676740e-01 2.136700e-01 -1.162580e-02 -4.086410e-02 -2.594764e-04
1.542633e+00 -5.091959e-01 2.503212e-01 -6.840670e-02 -2.645755e-02 -5.381914e-02 3.711526e-04
5.812751e+00 8.536997e-01 -3.955365e-01 2.692249e-02 2.117041e-02 4.569282e-02 2.079198e-03
3.201430e+00 -5.074284e-01 -3.255511e-01 1.183046e-02 2.967005e-02 -4.624597e-02 -3.630310e-04
8.921912e+00 -1.669178e-01 7.043460e-01 -2.843790e-02 -5.522742e-02 -1.308795e-02 -2.355920e-04
2.702300e+00 -4.166007e-01 2.657380e-01 -1.096129e-02 -3.346590e-02 -5.246490e-02 4.562106e-03
2.374772e+00 -4.384527e-01 -4.580958e-01 -6.437049e-02 4.374947e-02 -4.187350e-02 -3.657977e-03
7.273349e+00 9.289522e-01 3.381075e-01 -1.754490e-01 -1.287138e-02 3.536420e-02 -1.397229e-03
8.323373e+00 -1.674102e-03 1.039309e-01 -2.406114e-03 -1.495447e-01 -2.408844e-03 -2.622098e-03
6.422639e+00 -1.944919e-01 -4.421482e-03 -2.934203e-03 2.132184e-03 -9.379035e-02 6.220041e-03
4.924924e+00 2.801277e-02 -1.879485e-01 6.356233e-03 9.064983e-02 1.351090e-02 3.809301e-03
3.703379e+00 3.589695e-02 2.409136e-01 1.509168e-02 -7.946889e-02 1.184114e-02 -3.103690e-03
6.027821e+00 1.368720e-01 4.323842e-01 3.335215e-04 -6.474201e-02 2.049420e-02 -4.665833e-03
1.247879e+00 -1.757940e-01 -5.775537e-02 1.779887e-02 3.106622e-02 -9.455840e-02 -2.305548e-04
8.571949e+00 2.986088e-01 -5.183168e-01 2.575155e-02 5.240464e-02 3.019097e-02 -2.384428e-03
9.343491e+00 4.921022e-02 1.929195e-01 8.189049e-03 -1.034813e-01 2.639616e-02 7.538105e-03
9.797780e+00 -2.259386e-01 1.738582e-01 1.559936e-02 -4.720320e-02 -6.134324e-02 -2.656483e-03
4.816567e+00 -3.836975e-01 1.990282e-02 -1.668223e-02 -3.312619e-03 -6.386248e-02 3.067221e-03
9.128486e-01 3.829192e-01 4.051863e-02 3.117475e-02 -7.231416e-03 6.834013e-02 -2.529233e-03
6.164986e+00 -2.087188e-01 7.313201e-01 -4.097958e-02 -4.619305e-02 -1.318350e-02 1.696718e-03
9.017497e+00 -1.621805e-03 2.897365e-01 -7.148220e-03 -9.086902e-02 -5.086410e-04 3.337693e-03
3.475235e+00 -7.513321e-01 -2.607954e-01 2.980364e-02 1.792945e-02 -5.165343e-02 4.170386e-03
7.768961e+00 8.079692e-01 -3.733455e-01 1.076146e-01 1.877085e-02 4.062261e-02 1.342583e-03
8.433030e+00 3.123655e-01 -5.055437e-01 -1.702181e-01 4.613316e-02 2.850477e-02 -1.674899e-03
9.763284e+00 1.801453e-01 5.796100e-01 3.201787e-02 -5.862701e-02 1.822153e-02 -3.502977e-03
6.438982e+00 1.455023e-01 4.309823e-01 -4.473833e-03 -6.416261e-02 2.166170e-02 -7.891242e-04
1.333930e+00 8.331097e-01 -5.503076e-01 1.203488e-01 2.329834e-02 3.527131e-02 -1.161550e-03
6.266366e-01 -7.372356e-01 9.682366e-03 -4.457527e-02 -6.201500e-04 -4.721952e-02 7.569617e-05
6.408408e+00 4.767570e-01 -3.875494e-02 -3.535425e-02 5.698771e-03 7.010537e-02 -5.111965e-03
1.490070e+00 2.646797e-01 -2.832813e-01 -4.418626e-02 4.738461e-02 4.427311e-02 -1.710957e-04
3.061513e+00 -2.475765e-01 4.007049e-01 -2.379125e-02 -5.479123e-02 -3.385290e-02 2.161547e-03
9.154278e+00 -4.617498e-01 -2.199150e-01 3.639999e-02 2.358919e-02 -4.952960e-02 -3.387959e-03
8.770254e+00 6.153143e-02 9.662596e-02 7.124409e-03 -1.152450e-01 7.338803e-02 -4.621739e-03
5.673340e+00 6.336704e-02 -1.422272e-01 2.507650e-02 8.989415e-02 4.005089e-02 -6.371231e-03
6.109244e+00 -2.293327e-01 -8.603676e-02 -2.603511e-02 3.330426e-02 -8.877316e-02 -1.110461e-02
2.937602e+00 1.619933e-02 -5.240242e-02 4.701015e-03 1.634760e-01 5.053585e-02 4.635816e-03
8.602599e+00 1.919290e-02 -1.699288e-01 1.992830e-02 1.072396e-01 1.211236e-02 8.056796e-03
3.749756e+00 5.918269e-02 -1.227866e-01 -7.275300e-03 1.157047e-01 5.576927e-02 8.419458e-03
7.507859e+00 1.984126e-01 -1.916422e-01 -5.311442e-02 6.384444e-02 6.609995e-02 -1.576410e-03
4.113277e+00 7.062465e-01 3.787058e-01 3.860524e-02 -2.165854e-02 4.039090e-02 -3.680107e-03
4.624670e+00 -3.223518e-01 1.605715e-02 -3.497570e-03 -3.858065e-03 -7.745176e-02 -1.002421e-04
5.877971e+00 4.080685e-01 -4.301223e-01 8.116392e-02 3.927326e-02 3.725959e-02 -3.420069e-03
9.977449e+00 9.266608e-01 1.396479e-01 1.145139e-01 -7.336357e-03 4.868181e-02 5.358277e-04
6.070372e+00 -2.748618e-01 4.527742e-01 -3.327218e-02 -4.618508e-02 -2.803718e-02 3.768316e-03
5.419306e+00 -7.893640e-03 -1.656543e-02 2.390472e-03 2.510486e-01 -1.196279e-01 -1.603419e-02
1.156782e+00 -7.009805e-01 -4.213484e-01 8.654219e-02 2.506893e-02 -4.170618e-02 -4.843740e-04
5.781748e+00 -4.400653e-01 -2.407423e-01 7.657761e-02 3.171705e-02 -5.797722e-02 6.255907e-03
2.729537e+00 -3.120049e-01 1.011246e-01 2.522595e-04 -2.114010e-02 -6.522463e-02 1.261788e-03
8.727783e+00 3.899544e-01 -4.687113e-01 9.527394e-02 4.451139e-02 3.703220e-02 -1.120749e-03
7.150311e-01 1.277101e-01 -1.470511e-01 1.864486e-02 7.155050e-02 6.213975e-02 2.793880e-03
4.244239e+00 -5.213179e-02 5.530403e-02 2.584870e-03 -1.281344e-01 -1.207846e-01 -8.597261e-05
9.728586e+00 1.369784e-02 -1.699366e-01 -9.068779e-03 9.727062e-02 7.840557e-03 -3.320697e-03
8.394837e+00 -6.834493e-01 8.335029e-02 -6.094181e-02 -5.759138e-03 -4.722334e-02 1.376892e-04
3.178007e+00 -1.253411e-01 -8.937503e-01 -1.614092e-01 3.894303e-02 -5.461439e-03 -1.246814e-03
1.517689e+00 2.516857e-01 -6.895218e-01 -8.804686e-03 5.148067e-02 1.879121e-02 -2.213059e-03
9.496142e+00 2.709926e-01 -5.326596e-01 -3.351420e-02 5.238309e-02 2.665009e-02 2.701942e-04
4.293690e+00 9.877911e-01 -5.130355e-02 -1.893641e-01 2.367908e-03 4.559135e-02 -6.620563e-04
8.116093e+00 -6.563780e-01 -5.098900e-01 -3.145690e-03 2.901476e-02 -3.735051e-02 -2.075664e-03
9.320654e+00 -6.640900e-01 2.285447e-01 6.885877e-02 -1.878531e-02 -5.458511e-02 3.770684e-03
6.234966e+00 -9.295839e-01 3.176612e-01 -6.784377e-02 -1.547048e-02 -4.527186e-02 -1.542821e-03
2.098931e+00 -6.705570e-02 -2.230111e-01 1.067632e-02 9.099453e-02 -2.736052e-02 -5.226832e-03
8.081597e+00 -1.155885e-01 1.907786e-01 -4.826155e-02 -7.066545e-02 -4.281462e-02 -3.045269e-04
4.076830e+00 1.162483e-01 -7.937441e-02 -4.481004e-02 5.943005e-02 8.703868e-02 -6.452776e-03
6.477823e+00 3.380492e-01 -4.067595e-01 3.080644e-02 4.584448e-02 3.810038e-02 1.421632e-03
3.834975e+00 -5.836721e-01 -1.951400e-01 -2.992523e-02 1.900607e-02 -5.684796e-02 2.075383e-03
6.360519e+00 8.801244e-01 -6.468091e-02 1.743532e-02 3.571866e-03 4.860300e-02 1.092188e-03
5.757169e+00 -4.617052e-01 1.741261e-01 1.141625e-02 -2.301763e-02 -6.103255e-02 -2.885996e-03
9.397059e+00 6.729360e-01 3.211067e-01 1.342478e-01 -2.258441e-02 4.732962e-02 -2.353127e-03
3.713944e+00 -9.450204e-02 1.153187e-01 9.880836e-04 -8.177367e-02 -6.701236e-02 -2.686483e-03
4.988232e+00 7.704313e-01 -1.951589e-01 2.095965e-02 1.039088e-02 4.102023e-02 3.469700e-04
7.167294e+00 5.747754e-02 -7.908553e-01 4.614791e-02 4.289438e-02 3.117465e-03 1.307905e-03
3.664674e+00 3.110149e-01 6.169664e-01 3.412869e-02 -4.983504e-02 2.512201e-02 -8.476783e-05
5.132495e+00 -6.758074e-02 4.089392e-01 8.214488e-02 -5.741048e-02 -9.487579e-03 1.252593e-03
4.618658e+00 -4.087905e-01 -3.000063e-01 6.382512e-02 3.272799e-02 -4.459536e-02 6.679308e-03
8.895955e+00 -6.138974e-01 -2.234290e-01 -7.667134e-02 1.761165e-02 -4.839006e-02 5.117008e-04
6.334579e+00 4.174171e-02 -4.336747e-01 5.649189e-02 6.402252e-02 6.162245e-03 -1.116868e-03
5.072469e+00 -6.314676e-01 6.339750e-01 -1.558714e-01 -2.921086e-02 -2.909532e-02 -3.057446e-03
8.728949e+00 3.858288e-01 -8.662686e-02 1.294231e-02 1.328952e-02 5.919041e-02 3.068473e-03
3.707295e+00 -3.903464e-01 -4.956251e-01 -1.633797e-02 4.740301e-02 -3.733386e-02 -4.346627e-03
8.064228e+00 2.343533e-01 -5.414127e-01 2.237402e-02 5.722721e-02 2.477110e-02 -2.443483e-04
8.403385e+00 -2.137040e-01 3.662074e-01 -3.775864e-04 -5.739231e-02 -3.349185e-02 1.589902e-03
5.894507e+00 -6.841493e-02 2.191116e-01 -1.074589e-02 -9.240175e-02 -2.885132e-02 -1.636402e-03
1.025261e+00 6.111612e-02 1.678007e-02 4.865171e-04 -3.974163e-02 1.447464e-01 -5.543724e-03
1.062269e+00 5.009498e-01 5.911076e-01 -4.418723e-02 -4.110237e-02 3.483329e-02 -1.362066e-03
3.485637e+00 -5.491635e-01 -3.248337e-01 -8.550298e-02 2.600136e-02 -4.395788e-02 -2.019336e-03
1.368960e+00 -2.075233e-01 4.393412e-01 -9.893106e-04 -5.428973e-02 -2.564381e-02 -1.056693e-03
1.482537e+00 -2.130761e-01 6.259357e-01 8.713517e-02 -5.583515e-02 -1.900696e-02 3.772552e-04
6.830515e+00 -5.230203e-01 2.637695e-01 -1.524021e-02 -2.519416e-02 -4.995671e-02 -5.072270e-03
6.058225e+00 -5.074003e-01 3.662881e-01 -6.846125e-03 -3.620872e-02 -5.015811e-02 4.250741e-03
4.373184e+00 3.631246e-01 3.547585e-01 -3.592098e-03 -4.738639e-02 4.850388e-02 -7.721027e-06
9.895597e-01 7.838231e-01 4.205748e-01 8.882879e-02 -2.072921e-02 3.863293e-02 -3.242022e-04
7.567946e+00 -1.888881e-01 5.333201e-01 7.409312e-02 -5.385470e-02 -1.907393e-02 2.190395e-03
6.638238e+00 -3.793461e-01 6.713788e-01 8.203781e-02 -4.173906e-02 -2.358363e-02 2.995093e-03
2.547124e+00 1.150472e-01 2.363713e-01 1.919030e-02 -8.499792e-02 4.137040e-02 1.555702e-03
3.350744e+00 -3.988353e-01 1.145420e-01 2.576171e-02 -1.897749e-02 -6.607964e-02 2.747206e-03
6.033717e+00 2.241238e-01 -3.094311e-01 8.119374e-02 5.717861e-02 4.141501e-02 -2.724844e-03
5.636045e+00 -3.370863e-02 -8.170824e-01 -7.122709e-02 4.226748e-02 -1.743740e-03 -2.613340e-03
1.181024e+00 -8.795345e-01 -4.728540e-01 -1.408952e-02 2.179170e-02 -4.053375e-02 9.013285e-04
6.583184e+00 8.571914e-01 -4.404916e-01 -5.575263e-02 1.938362e-02 3.772030e-02 -1.730565e-03
6.711899e+00 3.280839e-01 4.593109e-01 1.737871e-02 -4.441345e-02 3.172434e-02 -1.001220e-03
4.955233e+00 5.942014e-02 9.463998e-02 -8.812292e-03 -1.211473e-01 7.606290e-02 5.797207e-03
3.113326e+00 1.211282e-02 3.722969e-03 -5.447603e-04 -1.063378e-01 3.459740e-01 1.371476e-02
1.323557e+00 -1.318987e-01 -5.781060e-02 -9.801359e-03 4.601488e-02 -1.049860e-01 5.762894e-03
6.805064e+00 7.719490e-01 3.631406e-01 -1.245897e-02 -2.048208e-02 4.353995e-02 -4.622429e-03
9.974074e+00 4.659851e-01 -6.413159e-01 -8.381269e-02 3.827506e-02 2.781096e-02 2.314738e-03
8.658487e+00 -2.429678e-02 -5.722096e-02 1.384021e-02 1.579510e-01 -6.706809e-02 6.460610e-03
1.487138e+00 4.545195e-01 -7.976934e-01 7.712835e-02 3.641846e-02 2.075096e-02 5.106197e-03
4.523279e+00 5.536871e-02 2.358051e-01 -3.267204e-02 -8.704512e-02 2.043881e-02 1.110427e-04
5.290775e+00 2.160066e-01 9.484309e-01 1.022054e-01 -4.474889e-02 1.019163e-02 -5.050698e-04
7.684522e+00 3.866518e-01 -3.250812e-01 6.233867e-02 4.257898e-02 5.064347e-02 4.631212e-03
7.674833e+00 -1.192462e-01 -8.948379e-01 -6.729665e-02 4.038615e-02 -5.381862e-03 2.968656e-03
7.417002e+00 -3.203698e-02 2.226120e-01 -3.898269e-02 -8.024328e-02 -1.154813e-02 -5.165029e-03
8.746527e+00 -1.863565e-01 -8.983343e-02 6.214449e-03 4.535188e-02 -9.408097e-02 -8.439456e-03
3.912147e+00 -4.322669e-01 -2.027499e-01 -9.119358e-03 2.627965e-02 -5.602873e-02 1.513284e-03
1.167588e+00 1.407114e-01 5.164399e-01 -9.273463e-02 -5.350829e-02 1.457910e-02 7.684285e-04
5.749488e+00 -4.956801e-01 7.581025e-01 -1.215344e-01 -4.106687e-02 -2.685129e-02 2.065464e-03
9.352328e+00 -1.957179e-02 1.703487e-02 3.781593e-04 -1.917941e-01 -2.203571e-01 -6.865020e-03
5.850935e+00 5.032364e-01 -8.633795e-01 1.491727e-01 4.129764e-02 2.407108e-02 -2.165025e-03
6.094059e+00 2.807913e-02 -2.220061e-01 2.784600e-03 9.594372e-02 1.213487e-02 -3.643029e-04
9.805960e+00 -6.069733e-01 -4.538372e-01 9.255629e-02 2.815654e-02 -3.765725e-02 -5.099706e-04
3.814530e+00 2.591271e-01 -2.885833e-01 2.045372e-02 4.784078e-02 4.295759e-02 5.376026e-03
4.044279e+00 -1.044567e-01 -5.484334e-02 4.615591e-03 5.714737e-02 -1.088450e-01 -2.130323e-03
8.548077e+00 2.550868e-01 2.257644e-01 -7.276480e-02 -4.704324e-02 5.315325e-02 -1.016055e-03
3.087151e+00 3.462634e-01 -3.587275e-01 -7.614000e-02 4.779760e-02 4.613686e-02 -2.159978e-03
6.525176e-01 3.829001e-01 6.465420e-01 -7.201229e-03 -4.606758e-02 2.728250e-02 2.794414e-03
1.985302e+00 4.893575e-02 9.600663e-02 -1.692724e-02 -1.134699e-01 5.783700e-02 6.102398e-04
9.952899e+00 -2.242234e-01 -5.862530e-01 -5.587660e-02 5.216031e-02 -1.994968e-02 1.064620e-03
5.236164e+00 -6.571265e-01 1.617639e-01 -3.826803e-03 -1.232192e-02 -5.005479e-02 -2.688089e-03
1.420434e+00 -1.388552e-01 4.731583e-01 2.921572e-02 -6.611074e-02 -1.940115e-02 -3.481350e-03
6.691139e-01 1.775193e-02 4.670228e-02 -4.068735e-03 -1.614875e-01 6.138278e-02 7.490514e-03
8.115605e+00 -4.870545e-01 -5.691576e-01 -1.007182e-01 3.599530e-02 -3.080284e-02 -8.549934e-04
4.985042e+00 -5.022835e-01 -1.153486e-01 -1.231536e-02 1.397843e-02 -6.086884e-02 -1.704181e-03
7.548317e+00 -3.399434e-01 2.628474e-01 -9.368169e-03 -4.029669e-02 -5.211614e-02 3.147339e-03
2.971323e+00 8.429289e-01 -3.974924e-02 1.228655e-01 2.159354e-03 4.579161e-02 1.665212e-03
3.105177e+00 -6.354814e-01 6.026188e-01 4.938372e-02 -2.906018e-02 -3.064492e-02 3.713442e-03
9.563032e+00 2.806660e-01 1.141499e-01 1.643256e-02 -2.722241e-02 6.693309e-02 -3.548577e-03
7.767430e+00 -4.645313e-01 -5.911371e-01 -4.747479e-02 3.561889e-02 -2.799027e-02 -2.546444e-03
1.858423e+00 1.423916e-01 9.291224e-01 3.896261e-02 -4.742409e-02 7.267922e-03 -2.141225e-03
3.066829e+00 1.533692e-02 4.819191e-03 1.913780e-03 -9.745504e-02 3.101475e-01 3.057859e-02
9.987264e+00 -8.267859e-01 -5.246186e-03 4.558337e-02 3.383196e-04 -5.331833e-02 -2.039209e-03
1.148071e+00 -2.411325e-01 -6.390593e-01 7.746934e-02 5.021807e-02 -1.894849e-02 -3.632416e-03
8.034968e+00 -3.644837e-01 8.097668e-01 4.520403e-02 -4.311600e-02 -1.940692e-02 -9.429901e-04
5.985258e+00 -3.466390e-01 6.739914e-01 -4.262291e-02 -3.908335e-02 -2.010087e-02 -2.082652e-03
2.198064e+00 -2.417444e-01 4.402647e-01 -3.094714e-02 -5.406167e-02 -2.968465e-02 2.510404e-03
6.528727e+00 9.037063e-01 1.193959e-01 -9.216182e-02 -5.872333e-03 4.444762e-02 -6.872606e-04
4.082122e+00 3.081932e-01 -1.938460e-01 1.848770e-02 4.154078e-02 6.604514e-02 -1.958908e-03
4.502631e+00 7.419478e-02 1.240015e-01 1.767209e-03 -1.050246e-01 6.284020e-02 -1.478005e-02
6.270637e+00 6.009382e-01 -7.426431e-01 6.766516e-02 3.330637e-02 2.695113e-02 2.627812e-03
6.326776e+00 -1.904264e-01 -6.965863e-02 -3.588682e-02 3.585164e-02 -9.800793e-02 4.607625e-03
8.065716e+00 -6.472920e-02 4.505431e-02 4.936558e-03 -8.749880e-02 -1.257089e-01 -7.268626e-03
4.234134e+00 2.924445e-01 5.233376e-01 -9.270657e-03 -4.510125e-02 2.520288e-02 1.195171e-03
8.028344e+00 1.308673e-01 -1.429249e-01 1.243158e-02 7.927795e-02 7.258985e-02 -2.627624e-03
4.149871e+00 5.002439e-01 2.082176e-01 -3.207519e-02 -2.269356e-02 5.452140e-02 5.775083e-04
6.938053e+00 -4.112984e-01 -2.332348e-01 9.935226e-02 2.971740e-02 -5.240520e-02 -2.673433e-04
6.208631e+00 2.253711e-01 6.134819e-01 -7.806614e-02 -4.525190e-02 1.662392e-02 -1.501833e-03
4.611371e+00 4.504634e-01 6.352222e-01 -6.469978e-02 -4.097766e-02 2.905902e-02 3.107453e-03
6.594083e+00 5.547283e-01 -4.363398e-01 -6.613806e-02 3.296360e-02 4.190735e-02 -2.386921e-03
4.936810e+00 2.444877e-01 7.201477e-01 5.783447e-02 -4.595792e-02 1.560256e-02 -9.040151e-04
2.584748e+00 -7.235974e-03 -3.788676e-02 -5.005771e-03 2.220492e-01 -4.240906e-02 -1.470303e-02
8.870045e+00 -3.358861e-01 -4.398009e-01 1.175500e-02 4.453315e-02 -3.401100e-02 -1.028439e-03
4.761667e+00 -4.094631e-01 5.987142e-01 -1.392166e-02 -4.142846e-02 -2.833309e-02 1.296610e-03
8.006880e+00 6.018025e-01 -4.265573e-01 -8.938672e-02 2.919546e-02 4.119001e-02 -1.681537e-03
1.388756e+00 6.611656e-01 -2.315107e-02 8.484326e-02 2.081538e-03 5.944613e-02 1.864067e-03
2.958305e+00 3.263863e-01 4.683552e-01 3.548386e-02 -5.071549e-02 3.534249e-02 -1.153784e-03
6.278336e+00 -1.578842e-01 -3.808885e-02 -2.096567e-02 2.730826e-02 -1.131970e-01 -4.120828e-03
2.899128e+00 -1.677922e-01 2.828318e-01 4.878349e-03 -7.318044e-02 -4.341487e-02 -5.848377e-03
1.110589e+00 -3.623188e-01 4.565025e-02 2.210990e-02 -9.186548e-03 -7.291217e-02 -6.915138e-03
9.129647e+00 -5.221274e-01 7.860821e-01 -7.817679e-02 -3.280206e-02 -2.178761e-02 2.883767e-04
8.148685e+00 -1.197006e-01 2.332010e-02 -1.281233e-02 -2.405945e-02 -1.234956e-01 2.411023e-04
8.826064e+00 -3.734713e-01 -3.177878e-01 -2.414618e-02 3.597490e-02 -4.227850e-02 2.493630e-04
6.744833e+00 -5.827568e-02 -2.070032e-01 4.093619e-02 9.246299e-02 -2.603024e-02 1.785275e-04
6.480272e+00 5.701469e-01 -9.673156e-02 -2.095594e-02 9.839376e-03 5.799441e-02 -3.841223e-03
9.305836e+00 1.193172e-01 3.543783e-02 -1.826722e-03 -3.834679e-02 1.291115e-01 4.035967e-03
8.508954e+00 -9.760430e-03 5.247372e-02 -1.724175e-03 -1.614734e-01 -3.003503e-02 -2.976457e-03
3.011542e+00 -4.303397e-01 -3.353036e-01 3.186901e-02 3.261477e-02 -4.185888e-02 2.793709e-03
7.246534e+00 2.895726e-01 1.875510e-02 -5.108024e-02 -5.095085e-03 7.866645e-02 6.027849e-04
8.109875e+00 5.826400e-01 4.649836e-01 5.884681e-03 -3.276097e-02 4.105059e-02 -3.420984e-03
6.704378e+00 2.066601e-01 6.648216e-01 1.166492e-01 -5.373599e-02 1.670385e-02 1.758508e-03
5.633280e+00 3.076914e-02 1.006037e-03 -2.077257e-03 -9.046727e-03 2.766897e-01 6.263213e-03
7.285316e+00 7.918468e-03 -1.928204e-02 -2.309107e-03 2.804261e-01 1.151613e-01 -1.163662e-02
6.376669e+00 3.506175e-01 -7.317817e-01 -8.434678e-02 3.925916e-02 1.881019e-02 -4.072897e-03
8.461351e+00 -2.708983e-01 2.786984e-02 -4.884750e-02 -8.512086e-03 -8.273852e-02 -9.253440e-04
2.350035e+00 4.018827e-01 2.321963e-01 -2.719609e-02 -3.560011e-02 6.161625e-02 2.288697e-04
2.041218e+00 7.738181e-02 2.735321e-01 7.319323e-03 -7.479032e-02 2.115806e-02 -2.734737e-03
4.075498e+00 5.263547e-01 2.699621e-01 3.769840e-02 -2.249290e-02 4.385521e-02 -3.225135e-04
7.044844e+00 -3.848609e-01 1.258952e-02 3.345653e-02 -2.061361e-03 -6.301568e-02 3.620349e-03
9.268467e+00 -1.909498e-01 2.086184e-02 -1.630181e-02 -1.164127e-02 -1.065533e-01 -2.641767e-03
5.366049e-01 -7.986421e-01 -3.700173e-01 -4.878869e-02 1.816959e-02 -3.921707e-02 3.725319e-03
8.724805e+00 -2.020111e-01 2.669148e-01 -1.090873e-02 -6.184995e-02 -4.681036e-02 2.110111e-03
6.050907e+00 1.573921e-01 4.400277e-02 -1.472795e-02 -2.546331e-02 9.107888e-02 4.078564e-03
1.205062e+00 2.177324e-01 5.821130e-01 3.553716e-02 -5.226633e-02 1.954960e-02 -5.887642e-04
8.568510e+00 1.261336e-01 -2.583549e-02 5.871171e-03 2.417588e-02 1.180311e-01 7.624331e-03
1.671706e+00 4.206624e-02 2.249725e-01 1.902577e-03 -9.215114e-02 1.723078e-02 2.821307e-03
2.771316e+00 -1.753249e-01 -9.185922e-01 -9.261937e-02 4.339180e-02 -8.281873e-03 2.957231e-03
8.587774e+00 6.513225e-01 -6.594521e-01 5.009643e-02 2.801813e-02 2.767273e-02 -3.231079e-03
7.002612e+00 4.895220e-01 3.584043e-01 -1.130760e-02 -2.880644e-02 3.934492e-02 -2.079365e-03
1.433220e+00 3.943943e-02 4.463446e-01 3.349520e-04 -6.679694e-02 5.902241e-03 -4.210231e-03
9.402700e+00 -3.240959e-01 3.385629e-01 -7.410814e-02 -5.114950e-02 -4.896386e-02 -7.010933e-04
8.011129e+00 4.407599e-02 -2.117375e-02 -6.520175e-03 8.161115e-02 1.698845e-01 5.784345e-03
3.327814e+00 -1.194107e-01 -4.465091e-01 6.779828e-02 5.782852e-02 -1.546519e-02 -1.193819e-03
4.040592e+00 -4.950821e-02 -9.773579e-01 8.266413e-02 4.766051e-02 -2.414250e-03 -1.146843e-03
2.102450e+00 8.878443e-01 -1.135385e-01 3.039410e-02 5.650270e-03 4.418378e-02 -2.225805e-03
6.261619e+00 -2.249438e-01 -3.515933e-01 7.165046e-02 6.228897e-02 -3.985149e-02 -7.323624e-03
5.666711e+00 -7.659965e-02 1.420043e-01 -2.680847e-03 -9.441482e-02 -5.092904e-02 -6.266841e-03
3.507759e+00 -1.653180e-01 -1.930771e-01 -1.287570e-02 6.257007e-02 -5.357427e-02 1.257397e-03
4.131781e+00 -5.438997e-01 -5.696468e-01 -2.405231e-02 3.724224e-02 -3.555895e-02 2.238660e-03
9.792546e+00 -1.423828e-01 1.690434e-01 2.458706e-02 -6.370032e-02 -5.365387e-02 2.432755e-03
9.161542e+00 1.230304e-01 -1.591243e-01 -5.015158e-02 7.916528e-02 6.120838e-02 -4.433795e-03
4.914681e+00 4.432695e-02 3.370656e-01 -1.191252e-02 -6.512721e-02 8.564773e-03 1.857146e-03
6.321220e+00 2.594288e-01 -2.654153e-01 -3.890458e-02 4.770234e-02 4.662642e-02 4.564652e-03
9.706469e+00 7.409674e-01 3.508795e-01 -1.052797e-01 -2.186887e-02 4.618143e-02 -8.912749e-04
7.325463e+00 1.275251e-01 6.834137e-01 1.716072e-02 -5.619024e-02 1.048511e-02 -1.098142e-03
2.028835e+00 1.425804e-01 -1.100561e-01 1.260911e-02 6.593841e-02 8.542484e-02 1.022522e-02
6.104942e+00 -5.237499e-01 -3.953263e-02 -1.821800e-02 4.479125e-03 -5.934189e-02 8.870034e-05
9.241830e+00 -4.146150e-01 1.990693e-01 7.526739e-02 -2.827454e-02 -5.888928e-02 -7.419191e-03
6.728285e+00 6.201427e-01 -5.413839e-01 -7.633828e-02 3.081321e-02 3.529581e-02 -1.175917e-03
6.800148e+00 2.356680e-01 4.204769e-01 6.573111e-02 -5.579018e-02 3.126916e-02 3.343181e-03
9.174155e+00 3.584316e-01 8.853110e-01 1.073773e-03 -3.985142e-02 1.613445e-02 -3.218146e-03
3.559647e+00 -1.296168e-01 2.641768e-02 -1.087548e-02 -2.262766e-02 -1.110213e-01 -7.262648e-03
2.796593e+00 -3.964873e-03 5.167334e-01 4.884382e-02 -5.607919e-02 -4.302932e-04 -6.044562e-04
2.201780e+00 3.776796e-01 -3.388573e-01 -9.340060e-03 4.043078e-02 4.506286e-02 -6.090787e-04
9.727644e+00 -1.851446e-01 5.134882e-01 2.855234e-02 -6.196825e-02 -2.234343e-02 2.261358e-03
4.023227e+00 2.377669e-01 -6.643331e-01 -1.588901e-02 4.854829e-02 1.737559e-02 -3.326291e-03
6.648443e+00 5.248015e-01 -3.059232e-01 -3.699796e-02 2.861680e-02 4.909121e-02 1.494242e-03
9.761946e+00 -1.470621e-01 1.429047e-01 -6.235875e-03 -7.057904e-02 -7.263232e-02 -2.273290e-04
5.600430e+00 -3.661150e-01 -7.192243e-02 1.840540e-02 1.239675e-02 -6.310462e-02 2.006776e-03
9.624524e+00 -9.912660e-02 2.616782e-01 3.100421e-02 -6.797589e-02 -2.575002e-02 2.470605e-03
8.647617e+00 -2.033651e-01 1.522764e-02 1.169574e-02 -6.673377e-03 -8.912295e-02 6.050237e-03
2.424919e+00 -2.649639e-02 -5.608638e-02 8.889596e-04 1.388086e-01 -6.557612e-02 -8.640188e-03
2.239564e+00 5.262590e-01 -8.331501e-01 -1.914386e-01 3.790351e-02 2.394174e-02 -3.476524e-03
5.795577e-01 -2.983717e-01 9.355467e-01 -1.673397e-01 -4.675240e-02 -1.491063e-02 6.418538e-03
9.629474e+00 8.157672e-01 7.740425e-02 -4.599667e-02 -4.370557e-03 4.606152e-02 1.624907e-04
6.493622e+00 6.306785e-01 1.779379e-01 -1.495868e-02 -1.280123e-02 4.537235e-02 4.430867e-04
9.833006e+00 6.781615e-01 4.970127e-01 -5.163634e-02 -2.438212e-02 3.326879e-02 3.429987e-03
7.130812e+00 -2.797638e-01 5.532403e-01 -2.736050e-02 -5.132045e-02 -2.595184e-02 2.605683e-03
2.521305e+00 -1.049101e-01 3.076478e-01 2.353056e-02 -7.634655e-02 -2.603471e-02 -2.173291e-03
1.060936e+00 -1.675983e-01 4.703472e-01 -1.168546e-01 -5.190221e-02 -1.849425e-02 -2.221903e-05
3.145731e+00 1.528956e-03 2.537973e-03 1.608407e-04 -6.831621e-01 4.115585e-01 2.299008e-02
7.507109e+00 -1.026300e-01 9.441143e-02 -1.327202e-02 -6.825645e-02 -7.419820e-02 1.707987e-03
3.059971e+00 -2.995190e-01 -4.077014e-01 -7.986289e-03 5.348127e-02 -3.929018e-02 1.429716e-03
1.777480e+00 -9.205233e-01 -2.343571e-01 -7.383557e-02 9.506156e-03 -3.733891e-02 2.627771e-03
1.400020e+00 -8.473390e-02 -5.124315e-01 -9.442875e-02 5.377302e-02 -8.891721e-03 6.593893e-04
6.471857e+00 -2.773455e-01 -8.795384e-01 3.570264e-02 4.573148e-02 -1.442054e-02 -3.946181e-03
6.629215e+00 -5.175580e-01 7.118723e-02 -1.596370e-01 -7.554814e-03 -5.492634e-02 -4.306856e-03
7.623731e+00 -5.236988e-01 2.382529e-01 -4.208915e-02 -2.254761e-02 -4.956144e-02 2.631788e-03
2.493008e+00 8.125782e-01 6.082627e-02 -1.394192e-03 -3.493537e-03 4.667015e-02 3.924756e-03
3.091865e+00 -2.234523e-01 5.287363e-01 -3.761856e-02 -5.919902e-02 -2.501844e-02 -2.690866e-03
2.210857e+00 1.804311e-01 -1.087025e-01 -1.673417e-02 4.626864e-02 7.679951e-02 -3.980930e-03
7.340653e+00 4.602706e-01 -2.241203e-01 -1.803315e-02 2.909914e-02 5.976023e-02 -9.305118e-04
4.497868e+00 -1.998858e-01 1.737888e-01 4.241916e-02 -5.548911e-02 -6.382162e-02 1.933988e-03
8.073629e+00 1.809212e-01 -6.920438e-01 1.137409e-01 5.258852e-02 1.374823e-02 5.845829e-04
9.200648e-01 -1.389832e-01 -9.119827e-01 1.102877e-01 4.776669e-02 -7.279489e-03 3.428217e-03
9.937539e+00 -1.470234e-02 9.136734e-01 -1.450581e-01 -5.006984e-02 -8.056966e-04 8.145008e-04
7.048084e+00 6.011498e-01 5.070502e-01 -2.260823e-02 -3.122994e-02 3.702566e-02 2.260179e-03
3.100885e+00 -4.495179e-01 -2.953041e-01 -6.674554e-02 3.558715e-02 -5.417149e-02 -8.958339e-04
5.184644e+00 -7.544536e-02 -5.720473e-01 -2.947916e-02 6.319691e-02 -8.334824e-03 -5.067869e-03
9.072405e+00 -8.184261e-01 -4.654334e-01 -4.163819e-02 2.349994e-02 -4.132270e-02 1.636969e-03
1.253914e+00 -4.747137e-01 -4.692046e-01 1.227388e-01 3.517212e-02 -3.558509e-02 7.298229e-03
8.477446e+00 2.968146e-01 -5.458332e-01 8.491560e-02 4.476974e-02 2.434500e-02 -2.742780e-03
2.813796e+00 2.051436e-01 2.403974e-01 -5.461357e-03 -5.228003e-02 4.461325e-02 2.050254e-03
3.424263e+00 8.627571e-02 -1.371620e-02 4.705132e-03 2.268126e-02 1.426664e-01 -4.961777e-03
8.168031e+00 -2.234760e-01 -6.273919e-01 -5.269244e-02 4.418043e-02 -1.573700e-02 -1.483165e-04
8.677805e+00 -5.015082e-01 3.653036e-01 -8.489212e-02 -3.179437e-02 -4.364900e-02 3.871170e-03
3.660716e+00 -5.504422e-01 -8.261882e-01 -2.930829e-02 4.004188e-02 -2.667762e-02 -2.101817e-03
1.078987e+00 3.784841e-01 -2.268575e-01 -1.978369e-02 3.073893e-02 5.128418e-02 2.629696e-03
3.401473e+00 1.640108e-01 -3.443880e-01 5.886897e-03 6.776973e-02 3.227455e-02 -2.727499e-03
1.267593e+00 -6.749105e-01 -1.321264e-01 1.770614e-02 1.063019e-02 -5.429971e-02 -4.150752e-03
1.114694e+00 -9.775818e-02 2.057331e-01 -4.485111e-03 -7.677198e-02 -3.647975e-02 -3.997590e-03
1.098486e+00 -1.304807e-01 4.753828e-01 5.424450e-03 -5.709708e-02 -1.567172e-02 -6.441948e-04
5.252491e+00 9.803478e-02 -7.410033e-01 1.164219e-02 5.426709e-02 7.179539e-03 2.169108e-03
9.766482e+00 -4.237196e-02 -3.714562e-01 1.811747e-02 6.280044e-02 -7.163638e-03 -1.395649e-03
2.187485e+00 4.429558e-01 -7.379566e-01 1.334056e-01 3.961176e-02 2.377682e-02 -4.173398e-03
4.324476e+00 6.723177e-02 8.298091e-02 1.311294e-02 -1.031335e-01 8.355956e-02 4.368101e-04
3.836072e+00 1.185836e-01 1.162988e-01 2.793897e-03 -7.273851e-02 7.416747e-02 -9.093396e-04
9.940481e+00 -6.157578e-01 -6.921485e-01 4.311915e-02 3.728452e-02 -3.316953e-02 -1.058470e-03
4.484490e+00 -1.135560e-01 4.420083e-02 -5.388138e-03 -4.620707e-02 -1.187102e-01 2.267201e-03
4.804397e+00 2.094811e-01 -9.814950e-02 -6.900188e-03 3.916849e-02 8.359757e-02 2.810055e-03
8.967890e+00 -2.712648e-01 6.149158e-01 1.119632e-01 -4.581742e-02 -2.021196e-02 -7.176309e-04
9.149724e+00 8.645547e-01 8.134164e-03 3.476064e-02 -3.838829e-04 4.080170e-02 -1.691916e-03
5.341875e+00 -2.629879e-01 -7.096634e-01 -4.391394e-02 5.101050e-02 -1.890353e-02 -5.930246e-03
1.516379e+00 -3.487423e-01 2.067693e-03 -1.601483e-02 -4.176334e-04 -7.043911e-02 5.425084e-03
6.191247e+00 -5.793236e-01 3.198277e-01 -6.809096e-02 -2.780738e-02 -5.036922e-02 3.222096e-03
2.940470e+00 -9.664835e-01 -3.334546e-02 -5.540069e-02 1.678053e-03 -4.863662e-02 -4.116202e-04
4.148273e+00 -1.589390e-01 -8.810202e-01 -1.563017e-01 4.048908e-02 -7.304364e-03 -9.383260e-04
3.822271e+00 3.732498e-02 -3.044249e-03 -2.171417e-04 1.637683e-02 2.007934e-01 2.262578e-03
5.447551e-01 6.205949e-01 -6.028753e-01 -1.211270e-01 2.948481e-02 3.035143e-02 2.802866e-03
7.808473e+00 -5.365814e-03 -7.960716e-02 -1.068605e-02 1.487881e-01 -1.002886e-02 7.183541e-03
7.187935e+00 -1.003333e-01 1.759152e-01 -2.611280e-02 -9.249599e-02 -5.275515e-02 4.154403e-03
1.373856e+00 3.191136e-01 6.747601e-02 -5.137504e-03 -1.453240e-02 6.872793e-02 -1.960618e-04
6.227149e+00 1.297579e-01 -2.509022e-01 -2.391349e-02 7.028487e-02 3.634888e-02 -1.144360e-03
8.060375e+00 -8.407417e-01 3.514975e-01 -1.174666e-01 -1.786549e-02 -4.273219e-02 -2.687151e-03
2.587224e+00 1.726833e-01 -8.397585e-02 2.759381e-02 4.489616e-02 9.232196e-02 5.176561e-04
7.315063e+00 -1.335927e-01 1.903410e-01 -8.863172e-03 -7.440990e-02 -5.222532e-02 2.068714e-03
9.041543e+00 -3.242353e-01 -6.424992e-01 -1.108888e-02 4.362635e-02 -2.201591e-02 6.330653e-06
5.204881e-01 -2.673316e-01 -6.740986e-01 7.886940e-02 4.733133e-02 -1.877049e-02 -2.522589e-03
6.089487e-01 -2.079615e-01 5.856104e-01 -3.683631e-03 -5.233362e-02 -1.858467e-02 -7.384881e-03
3.794029e+00 1.423636e-02 -5.280638e-01 -3.927483e-02 6.534938e-02 1.761789e-03 4.650627e-03
1.739092e+00 6.622286e-02 4.782480e-02 -2.200460e-03 -8.863067e-02 1.227266e-01 -6.927625e-03
6.234276e+00 6.281609e-02 5.595946e-01 1.386670e-01 -6.228690e-02 6.991882e-03 -2.516556e-03
3.966591e+00 3.100980e-01 3.425473e-01 5.388136e-02 -4.701037e-02 4.255710e-02 -2.797397e-03
4.316461e+00 -1.171744e-01 6.383316e-01 -2.905611e-02 -4.703617e-02 -8.634129e-03 1.791209e-03
1.404123e+00 5.926242e-01 -3.279623e-01 4.287793e-02 2.444713e-02 4.417568e-02 -3.217163e-03
2.953646e+00 1.069292e-01 1.153800e-01 2.127352e-03 -8.837750e-02 8.190447e-02 3.238152e-03
2.777306e+00 2.345243e-01 -4.410301e-01 1.877825e-02 5.131924e-02 2.728976e-02 5.677890e-03
9.811366e+00 6.917179e-01 -3.723826e-01 -5.103431e-02 2.441966e-02 4.536065e-02 -2.306140e-03
3.923887e+00 2.231285e-02 -5.752376e-03 -8.043777e-04 6.454711e-02 2.503713e-01 -1.543826e-02
8.089199e+00 -8.691097e-02 -7.897683e-02 -3.183535e-04 9.538535e-02 -1.049679e-01 9.906235e-03
5.520099e+00 9.727873e-04 5.537602e-01 9.280971e-02 -5.477756e-02 9.622742e-05 -1.480536e-03
5.153257e+00 -2.916766e-01 -8.824861e-01 1.464590e-02 4.415730e-02 -1.459473e-02 -6.420132e-03
7.383952e+00 3.565711e-01 -3.776761e-01 -9.022856e-02 3.770882e-02 3.560161e-02 -1.440177e-03
4.967373e+00 -7.712945e-01 2.785169e-01 -5.463996e-02 -1.523245e-02 -4.218310e-02 -2.614666e-03
5.077637e+00 2.806837e-01 -1.834158e-01 1.145412e-02 4.610779e-02 7.055938e-02 -1.668254e-04
1.705816e+00 -1.240448e-03 -3.837619e-01 1.475953e-02 6.905340e-02 -2.232039e-04 3.290660e-03
4.820889e+00 1.320841e-01 -1.795365e-01 -1.355711e-02 6.536983e-02 4.809225e-02 2.481251e-03
1.820462e+00 -5.127278e-02 4.661620e-03 -8.722831e-03 -1.655760e-02 -1.821157e-01 -9.360879e-03
5.925356e+00 9.417105e-02 -6.333920e-01 2.450834e-03 5.515212e-02 8.199872e-03 2.958868e-03
7.956709e+00 -1.084883e-01 4.036810e-02 -4.139987e-04 -4.305508e-02 -1.157095e-01 4.735320e-03
2.431790e+00 -3.995325e-01 -2.891311e-01 9.463138e-02 3.751154e-02 -5.183488e-02 -5.668924e-03
5.584271e+00 -6.518890e-02 2.729768e-01 -7.212110e-03 -7.592880e-02 -1.813237e-02 4.308234e-03
5.159636e+00 1.752555e-01 -3.655106e-01 7.224802e-03 6.344304e-02 3.041976e-02 9.568416e-04
4.196091e+00 5.793658e-02 1.090142e-01 8.675010e-03 -1.002505e-01 5.327907e-02 -2.328220e-03
5.368989e+00 1.349495e-01 2.260310e-01 -2.337013e-02 -6.726176e-02 4.015795e-02 4.070853e-03
9.852313e+00 -7.578350e-01 -2.448290e-01 -5.201321e-02 1.442204e-02 -4.464149e-02 -1.708321e-03
4.282497e+00 -3.040877e-01 -1.983360e-01 5.275478e-02 3.730767e-02 -5.719994e-02 1.074557e-04
2.161349e+00 -1.241446e-01 -3.670510e-01 -4.003408e-02 6.674308e-02 -2.257395e-02 -3.465232e-03
8.368714e+00 8.480463e-01 6.303033e-02 2.078831e-01 -3.579109e-03 4.815540e-02 1.091554e-04
8.977051e+00 -2.708553e-01 -4.130669e-01 1.741466e-02 5.454680e-02 -3.576730e-02 -2.070251e-03
6.883946e-01 -6.748427e-01 -7.144381e-01 -1.846709e-02 3.212508e-02 -3.034466e-02 3.158162e-03
6.422813e+00 4.373560e-01 -2.132886e-01 -1.521781e-02 2.473448e-02 5.071894e-02 6.070298e-04
3.050893e+00 -4.358074e-01 7.959394e-01 1.497186e-02 -3.582893e-02 -1.961772e-02 5.182527e-04
5.026943e+00 3.658596e-01 8.879454e-01 -9.406965e-03 -4.051021e-02 1.669139e-02 -7.686260e-04
5.091542e+00 -6.144378e-01 4.046938e-01 1.065763e-01 -2.415822e-02 -3.667891e-02 1.829683e-03
8.502875e+00 -1.319259e-01 -4.848598e-01 -6.579046e-02 5.339460e-02 -1.452818e-02 -2.233619e-03
9.304620e+00 7.130480e-02 5.482709e-01 5.377103e-02 -5.334033e-02 6.937120e-03 -6.743623e-03
1.565792e+00 -2.509390e-01 -1.026734e-01 2.031608e-02 3.046671e-02 -7.446219e-02 -2.988054e-03
9.426695e+00 -7.562225e-01 1.223790e-02 7.875232e-02 -7.914232e-04 -4.890480e-02 3.768974e-04
9.580612e+00 1.381778e-01 -3.066016e-02 7.699867e-03 2.539149e-02 1.144332e-01 -2.540263e-03
2.743525e+00 8.244905e-01 -3.936255e-01 -1.520693e-02 2.137710e-02 4.477660e-02 7.342490e-04
1.953175e+00 -4.050345e-01 -1.879262e-01 -6.023942e-02 2.867385e-02 -6.180031e-02 -1.663460e-03
5.957692e+00 1.367499e-01 9.690161e-01 6.796029e-02 -4.533746e-02 6.398133e-03 5.704696e-03
5.329455e+00 -3.394215e-01 1.787211e-01 3.325070e-02 -3.600917e-02 -6.838746e-02 3.031576e-03
6.186016e+00 -1.006504e-01 3.642441e-01 -7.066596e-02 -6.968868e-02 -1.925685e-02 1.197656e-03
4.898649e+00 9.348307e-01 -1.414970e-01 -5.058793e-02 5.971028e-03 3.944890e-02 2.551225e-03
9.209141e+00 -7.486471e-01 5.168636e-01 6.726397e-02 -2.831550e-02 -4.101337e-02 -3.491510e-03
3.092679e+00 -3.835979e-01 -5.592399e-01 1.461142e-01 4.789378e-02 -3.285165e-02 -2.221272e-04
1.124366e+00 -1.050395e-01 1.513357e-01 -3.823033e-02 -8.923504e-02 -6.193651e-02 -3.106913e-05
4.156613e+00 2.340193e-01 -2.759279e-01 -3.376418e-02 5.828089e-02 4.942906e-02 4.005302e-03
8.554584e+00 4.150967e-01 4.439984e-01 5.913876e-02 -4.482376e-02 4.190599e-02 -1.950794e-03
7.885878e+00 -5.233299e-01 -2.484134e-01 -8.287368e-02 2.421076e-02 -5.100455e-02 4.519551e-03
4.337927e+00 -1.590574e-02 1.094263e-02 -1.152616e-04 -1.781729e-01 -2.589845e-01 -3.396064e-03
2.045924e+00 -2.067127e-01 1.397844e-01 -8.680022e-03 -4.494233e-02 -6.646058e-02 4.076500e-03
5.878710e+00 -8.178864e-01 -4.986367e-01 1.323555e-01 2.449676e-02 -4.018068e-02 -3.704454e-03
3.929254e+00 -3.265308e-01 -1.944745e-01 -4.341012e-02 3.354978e-02 -5.633150e-02 -5.250344e-03
1.282139e+00 -2.744045e-01 -7.106222e-01 -4.941942e-02 4.681741e-02 -1.807840e-02 -3.085747e-03
6.208302e+00 -8.653138e-02 3.416193e-01 -1.935303e-02 -6.379622e-02 -1.615944e-02 -6.025621e-04
4.826135e+00 -2.101189e-01 3.841593e-01 -3.584660e-02 -6.221610e-02 -3.402958e-02 -8.816441e-04
5.038109e+00 -4.993273e-01 4.286512e-01 -5.377058e-02 -3.413044e-02 -3.975787e-02 -1.224310e-03
2.358142e+00 1.987880e-01 -8.081078e-01 2.737712e-02 4.566805e-02 1.123397e-02 -1.051087e-05
3.854317e+00 -1.041891e-01 -1.770141e-01 -7.552747e-03 9.123782e-02 -5.370189e-02 -5.047153e-05
5.163712e+00 4.119834e-02 8.806699e-02 9.797700e-03 -1.417551e-01 6.631401e-02 -5.054370e-03
4.022221e+00 -4.296473e-01 3.707965e-01 -5.824077e-02 -3.824294e-02 -4.431265e-02 -5.149482e-03
5.380148e+00 3.124747e-02 -7.485732e-02 4.243703e-03 1.543042e-01 6.441074e-02 3.854463e-03
2.118273e+00 2.218915e-02 1.472535e-02 2.663496e-03 -1.441537e-01 2.172205e-01 1.153817e-02
5.898882e+00 -3.189470e-01 8.119377e-01 7.686127e-02 -4.207879e-02 -1.652947e-02 1.057225e-03
2.569614e+00 3.741926e-02 -3.788443e-02 -4.967555e-03 1.494556e-01 1.476205e-01 2.450847e-03
4.486062e+00 3.116719e-02 -8.469429e-01 2.798747e-02 4.872987e-02 1.793241e-03 2.312971e-04
1.558378e+00 -2.837533e-02 -1.097549e-02 5.309290e-04 1.010772e-01 -2.613184e-01 -5.084776e-03
4.047036e+00 4.399767e-01 -1.304206e-01 -2.104813e-02 1.908039e-02 6.436811e-02 -2.301539e-04
4.505621e+00 -1.616557e-01 9.365032e-02 2.235846e-02 -5.546252e-02 -9.573732e-02 -3.261626e-03
7.135311e+00 6.613054e-02 7.658621e-02 -3.532970e-03 -9.407530e-02 8.123199e-02 -6.143120e-03
3.261597e+00 -1.163349e-01 -1.616210e-02 6.766930e-03 1.654970e-02 -1.191249e-01 1.172393e-02
6.638257e+00 6.907414e-02 -2.314970e-02 -6.746861e-04 5.081138e-02 1.516111e-01 -6.185281e-03
1.435593e+00 -6.962412e-01 -6.512605e-01 -2.296326e-02 3.042446e-02 -3.252579e-02 2.962957e-03
9.642309e+00 -3.448038e-01 -7.645646e-01 -8.452917e-02 4.794036e-02 -2.162017e-02 1.108150e-03
3.249311e+00 -4.755749e-01 8.560718e-01 -1.837811e-02 -3.961799e-02 -2.200905e-02 1.499661e-03
5.964675e+00 -2.434599e-02 -1.463794e-01 -6.153845e-05 1.195124e-01 -1.987743e-02 -9.495842e-03
7.520777e+00 -8.703927e-01 1.297655e-01 -1.526663e-02 -5.933021e-03 -3.979531e-02 -1.840821e-03
4.940932e+00 -7.135119e-01 1.464106e-01 -8.599713e-02 -9.148592e-03 -4.458441e-02 1.332815e-03
1.995587e+00 -3.845638e-01 5.380897e-01 4.241669e-02 -4.381123e-02 -3.131116e-02 6.207125e-04
2.022046e+00 1.699602e-01 3.826330e-01 -7.968109e-03 -6.336724e-02 2.814683e-02 2.395433e-03
4.973380e+00 -6.894770e-01 -1.242964e-01 -4.785384e-02 8.953963e-03 -4.966799e-02 -3.966928e-03
9.763816e+00 -6.896777e-01 4.869986e-01 2.043128e-02 -2.639115e-02 -3.737462e-02 9.269450e-04
8.534066e-01 4.481372e-01 -1.102944e-01 -2.612016e-02 1.628356e-02 6.616174e-02 -1.700179e-03
7.714973e+00 2.170334e-01 -1.368386e-01 -4.294998e-02 4.676539e-02 7.417245e-02 -3.179399e-05
6.152461e+00 2.846885e-01 -1.704842e-01 -1.029469e-02 3.518615e-02 5.875673e-02 -2.400143e-03
2.107347e+00 4.297181e-01 -9.045779e-02 -1.527584e-02 1.365345e-02 6.486045e-02 -7.989516e-04
8.121262e+00 -2.552790e-01 4.039469e-01 3.200786e-02 -5.584254e-02 -3.529035e-02 -3.488789e-04
4.254868e+00 -5.573516e-01 5.331928e-02 -6.489534e-02 -5.381954e-03 -5.625809e-02 7.916547e-04
8.952961e+00 -1.012486e-01 2.558482e-02 -3.110515e-03 -3.389531e-02 -1.341362e-01 -2.190121e-03
4.924325e+00 2.803555e-01 5.816266e-01 4.810204e-02 -4.598062e-02 2.216356e-02 9.657807e-04
6.006923e+00 2.570441e-01 -5.981172e-01 -1.163841e-03 5.028821e-02 2.161163e-02 -9.678958e-04
3.870420e+00 1.891483e-01 5.653115e-01 1.428024e-01 -5.047824e-02 1.688958e-02 -2.099118e-03
5.920818e+00 -5.640397e-01 -5.303368e-01 -9.498289e-02 3.437344e-02 -3.655788e-02 1.812934e-03
9.367532e+00 -3.605912e-01 -1.292822e-01 6.049078e-03 2.566333e-02 -7.157962e-02 -2.933705e-03
1.239592e+00 -8.313647e-02 9.426945e-02 9.533114e-03 -7.956103e-02 -7.016507e-02 4.024098e-03
7.480463e+00 -4.697715e-02 8.877991e-01 -1.175290e-01 -4.496473e-02 -2.379271e-03 7.584644e-04
7.187183e+00 -3.904063e-01 -4.644455e-01 -1.580360e-02 3.851620e-02 -3.237617e-02 2.646061e-03
2.458481e+00 2.831486e-01 2.259722e-01 4.055423e-02 -4.559475e-02 5.713132e-02 2.581911e-03
9.074898e+00 4.535016e-02 1.140369e-01 1.886662e-02 -9.923130e-02 3.946227e-02 -9.563244e-03
7.059666e+00 -1.903565e-02 -2.675612e-01 5.763913e-02 8.197690e-02 -5.832248e-03 4.107573e-03
5.535746e+00 -5.588996e-01 -1.276007e-02 5.967762e-03 1.192341e-03 -5.222536e-02 -3.758269e-03
7.061482e+00 4.029878e-02 8.698558e-01 -4.575096e-02 -4.932425e-02 2.285100e-03 3.050086e-03
6.059845e+00 3.157875e-01 3.866941e-01 2.988938e-02 -4.281852e-02 3.496705e-02 3.218831e-03
7.134327e+00 6.716362e-01 8.615809e-03 -1.553767e-02 -7.590024e-04 5.916723e-02 -1.503859e-03
4.536111e+00 1.025579e-01 -2.642599e-01 -3.000358e-02 6.966818e-02 2.703785e-02 1.234452e-03
2.869094e+00 4.921202e-01 -2.676649e-01 8.481354e-03 2.740163e-02 5.037977e-02 2.872799e-03
9.599398e+00 -5.473495e-02 -5.486754e-02 -9.552008e-03 1.070355e-01 -1.067768e-01 5.421454e-03
2.090030e+00 -5.689661e-01 4.251030e-01 -4.558915e-02 -3.148260e-02 -4.213692e-02 -1.034117e-03
9.868985e+00 -5.548911e-01 -4.739718e-02 8.012336e-02 5.269573e-03 -6.169226e-02 6.852622e-04
1.850455e+00 1.660692e-01 8.125399e-02 -3.055256e-03 -4.484979e-02 9.166528e-02 1.142631e-02
7.658798e+00 2.121746e-02 -2.220599e-02 -1.537623e-03 1.592380e-01 1.521493e-01 -8.198241e-03
7.367757e+00 6.833212e-02 -1.324746e-01 7.032925e-03 1.073466e-01 5.537079e-02 4.810899e-04
7.647012e+00 -8.744337e-01 1.947760e-01 -2.233385e-02 -1.013371e-02 -4.549461e-02 4.751620e-03
8.705688e+00 -1.783615e-01 -5.174851e-01 2.860500e-02 5.144857e-02 -1.773276e-02 4.582222e-03
8.878481e+00 6.015931e-02 -5.139391e-01 4.087178e-03 6.512512e-02 7.623244e-03 3.346944e-03
3.451253e+00 -3.644585e-01 -2.566599e-01 3.419697e-02 3.928762e-02 -5.578864e-02 2.105886e-03
6.963470e+00 -2.441781e-01 -5.242983e-02 -4.639038e-03 2.020434e-02 -9.409638e-02 3.888244e-03
5.923761e+00 -4.588551e-01 -6.243370e-01 -1.041208e-01 3.766999e-02 -2.768548e-02 -2.363675e-03
5.511815e+00 1.419025e-01 1.132843e-03 3.142731e-03 -8.932108e-04 1.118856e-01 -8.622988e-03
9.669442e+00 -3.053591e-01 -7.620229e-01 -1.283885e-01 4.423557e-02 -1.772615e-02 3.212176e-03
3.683791e+00 -4.481292e-01 -1.305294e-01 4.208213e-02 1.931453e-02 -6.631000e-02 -4.404099e-03
5.102395e-01 -2.405159e-01 -2.750294e-01 2.160842e-03 4.857399e-02 -4.247843e-02 7.054417e-04
1.930400e+00 7.471188e-01 -4.038387e-01 -1.626855e-01 2.073236e-02 3.835574e-02 3.238147e-03
9.071508e+00 -5.983586e-03 -5.753755e-02 -6.371249e-04 1.608213e-01 -1.672453e-02 -1.710391e-03
9.074498e+00 -9.312655e-02 -8.693350e-02 -4.203423e-03 7.764382e-02 -8.317509e-02 2.653991e-03
9.158924e-01 -3.201207e-02 -4.567716e-02 6.382025e-04 1.443941e-01 -1.011961e-01 2.349462e-04
7.235162e+00 -8.643866e-01 -3.329180e-01 -5.504330e-02 1.580029e-02 -4.102380e-02 1.858258e-03
9.526432e+00 4.241019e-01 3.565184e-01 -3.000170e-02 -3.308853e-02 3.936096e-02 -2.226089e-03
2.413349e+00 -2.841194e-02 1.989768e-01 -2.006841e-03 -8.355457e-02 -1.193078e-02 1.408004e-03
5.774463e+00 3.734487e-01 -2.137474e-01 -4.057318e-02 3.312761e-02 5.787889e-02 -2.850811e-03
6.112201e+00 -5.185226e-01 4.165215e-01 3.832135e-02 -2.893650e-02 -3.602270e-02 -3.023385e-03
7.262277e+00 4.719470e-01 -2.834654e-01 -3.801048e-02 3.180353e-02 5.295031e-02 -7.372098e-04
1.802388e+00 -5.427508e-01 8.482310e-02 -4.609051e-02 -8.384645e-03 -5.365016e-02 7.686199e-05
2.684510e+00 -8.826841e-02 -4.596088e-02 1.468636e-02 6.966445e-02 -1.337914e-01 -6.162087e-03
8.522088e+00 -5.736148e-02 4.123433e-01 -3.335218e-02 -6.269477e-02 -8.721530e-03 -2.689722e-03
5.430722e+00 7.013468e-01 2.623252e-01 2.096314e-02 -1.602576e-02 4.284610e-02 -3.327604e-04
6.020225e+00 -4.882248e-01 4.582291e-01 1.322936e-01 -3.824339e-02 -4.074680e-02 -5.842105e-03
4.817204e+00 -2.162174e-01 -2.911876e-01 2.278554e-02 5.077867e-02 -3.770501e-02 -3.096998e-03
6.083424e+00 -5.489143e-01 6.088500e-01 1.177874e-01 -3.891890e-02 -3.508769e-02 -4.607034e-03
1.777977e+00 2.580623e-01 6.244357e-01 8.925231e-02 -5.123954e-02 2.117591e-02 -1.891958e-03
1.749665e+00 5.275924e-01 5.552953e-01 4.304736e-02 -3.190328e-02 3.031167e-02 2.249580e-03
8.683885e+00 -6.635619e-01 8.005072e-02 8.996479e-02 -5.938329e-03 -4.922440e-02 -1.868093e-03
1.183456e+00 1.169240e-01 -1.329860e-01 1.441128e-02 6.989021e-02 6.144890e-02 -8.255609e-03
6.779992e-01 4.008909e-01 -5.518099e-01 -3.101719e-02 4.506356e-02 3.273875e-02 3.134589e-03
8.288614e+00 -4.333075e-01 1.324429e-01 7.085123e-02 -1.701880e-02 -5.567964e-02 -1.173492e-03
2.201427e+00 -2.369876e-01 -1.189322e-01 9.603508e-03 3.542734e-02 -7.059351e-02 -2.131498e-03
6.833984e+00 2.593905e-01 -4.320234e-02 2.178856e-02 1.362372e-02 8.179799e-02 -2.270545e-03
9.037615e+00 -4.865470e-01 3.001291e-01 2.406657e-02 -2.835677e-02 -4.596990e-02 7.569355e-04
4.337749e+00 7.038027e-01 4.891460e-01 1.987720e-02 -2.543440e-02 3.659602e-02 -1.892635e-03
2.300022e+00 -1.933365e-01 1.505173e-02 -1.782866e-02 -7.777993e-03 -9.990678e-02 -4.513189e-03
6.267739e+00 9.509847e-01 -2.488354e-01 -7.485260e-02 9.858122e-03 3.767520e-02 3.292114e-03
6.101547e+00 4.303642e-03 -2.820392e-03 -2.959682e-04 3.736580e-01 5.701656e-01 -3.245226e-02
8.800805e+00 7.641938e-01 -5.408182e-01 -9.708291e-02 2.268821e-02 3.205918e-02 5.178605e-04
4.972305e+00 -5.383355e-01 3.796866e-01 5.717805e-02 -3.185081e-02 -4.515941e-02 -1.037475e-04
2.731860e+00 -8.751394e-01 -2.132845e-01 -1.501705e-01 1.070410e-02 -4.392057e-02 5.583984e-04
7.024085e+00 2.058527e-02 4.336219e-01 5.148736e-03 -7.135429e-02 3.387392e-03 -2.008462e-03
2.486991e+00 -2.405122e-01 3.052084e-01 -1.847598e-02 -4.937383e-02 -3.890787e-02 9.702890e-04
4.477115e+00 -3.429665e-01 -9.086442e-01 1.520388e-02 4.334031e-02 -1.635874e-02 -2.531206e-03
4.247232e+00 2.081832e-02 -2.178967e-01 1.275959e-02 9.022630e-02 8.620415e-03 2.541922e-03
2.789039e+00 -9.054942e-01 2.971348e-01 4.651498e-02 -1.237951e-02 -3.772556e-02 -1.095253e-03
6.717366e+00 2.666211e-01 9.264924e-01 -1.308861e-01 -4.464358e-02 1.284729e-02 -2.531886e-05
6.726440e+00 -4.218755e-02 2.164666e-01 1.208665e-03 -9.244039e-02 -1.801587e-02 7.233069e-04
1.932609e+00 7.709742e-01 -2.154568e-01 1.822899e-02 1.133835e-02 4.057227e-02 1.484207e-03
7.238650e+00 2.099293e-03 -1.970328e-04 2.322053e-04 9.226427e-02 9.830326e-01 -9.335565e-02
8.257633e+00 4.106133e-01 -3.266598e-01 2.824592e-02 3.441653e-02 4.326179e-02 2.754575e-04
5.923201e+00 1.065939e-01 -7.326427e-01 -7.759530e-02 4.895375e-02 7.122398e-03 6.699825e-05
9.899555e+00 1.438497e-01 -5.412072e-01 1.103762e-02 6.136275e-02 1.630986e-02 4.393413e-03
7.294843e+00 -2.983322e-01 -3.198168e-01 6.272101e-02 4.505772e-02 -4.203083e-02 6.043565e-04
9.016438e+00 1.672626e-01 -2.783290e-02 -1.267010e-02 1.756915e-02 1.055824e-01 2.701248e-03
4.505660e+00 3.324876e-01 8.676557e-01 1.423094e-01 -4.601076e-02 1.763143e-02 -3.479886e-03
3.396780e+00 -2.507366e-01 -3.375895e-01 2.210771e-02 5.342157e-02 -3.967761e-02 9.130533e-04
8.173510e+00 -5.434495e-01 -3.749441e-01 -5.695444e-02 3.095087e-02 -4.486064e-02 2.305210e-03
1.163634e+00 -1.944614e-01 1.416349e-01 1.208209e-03 -5.616034e-02 -7.710685e-02 4.112175e-03
5.767199e+00 3.650340e-02 -9.174066e-03 -2.016575e-03 5.387875e-02 2.143824e-01 8.550186e-03
6.144135e+00 -4.677834e-02 8.585882e-01 1.369110e-01 -5.195608e-02 -2.830716e-03 -7.024080e-04
6.692248e+00 -2.321379e-01 1.246679e-01 5.129558e-02 -3.901233e-02 -7.264292e-02 -2.841895e-03
6.346486e+00 -3.835264e-01 -2.788656e-01 1.367980e-02 3.740511e-02 -5.144359e-02 3.536314e-03
9.272842e+00 -3.682305e-02 -3.528033e-02 -1.048098e-02 1.471371e-01 -1.535711e-01 -2.459650e-03
8.959798e-01 1.317953e-02 -5.518954e-01 1.248591e-01 5.615655e-02 1.341045e-03 1.784258e-03
2.771761e+00 8.092450e-02 4.107929e-01 4.592418e-02 -6.544019e-02 1.289145e-02 -1.214094e-04
9.319596e+00 -8.205020e-01 -2.243654e-01 -7.003807e-03 1.311688e-02 -4.796830e-02 3.712878e-03
5.099507e+00 -9.152675e-02 -8.158062e-01 -9.542845e-02 4.314900e-02 -4.840963e-03 1.442455e-03
6.118588e+00 -3.423560e-01 3.692685e-01 5.449134e-02 -4.172143e-02 -3.868075e-02 3.211659e-04
6.849377e+00 2.128673e-01 1.538034e-01 1.499233e-02 -4.530213e-02 6.269917e-02 -4.798083e-03
5.907824e+00 1.901970e-01 7.010306e-02 -1.506270e-02 -2.905162e-02 7.882013e-02 5.592413e-03
3.124026e+00 4.215380e-01 -4.312784e-01 -1.211997e-02 4.021205e-02 3.930386e-02 7.023513e-04
1.191374e+00 4.107358e-02 -4.601991e-02 2.904474e-03 1.319582e-01 1.177751e-01 1.322269e-02
7.872548e+00 5.783517e-02 -3.132452e-01 -4.176155e-02 8.112804e-02 1.497885e-02 -1.042267e-03
9.038573e+00 5.834699e-02 -2.634170e-01 2.481189e-02 8.868225e-02 1.964316e-02 -5.685470e-03
4.094561e+00 6.775922e-02 5.194931e-01 2.162620e-02 -6.079781e-02 7.930061e-03 3.282228e-04
2.351654e+00 -1.176220e-02 -8.670940e-01 1.354468e-01 4.436357e-02 -6.017956e-04 -4.833798e-03
1.405303e+00 -2.901853e-01 2.383400e-01 3.447639e-02 -4.914076e-02 -5.983020e-02 -4.242730e-03
4.863135e+00 -1.193890e-01 -2.242633e-01 -2.525017e-02 7.616050e-02 -4.054486e-02 5.026609e-03
1.617951e+00 9.844673e-02 8.578810e-01 9.280359e-03 -4.599156e-02 5.277793e-03 1.255724e-03
9.386825e+00 -1.265187e-01 6.429395e-01 1.986721e-02 -5.372564e-02 -1.057222e-02 -4.157730e-04
4.944158e+00 7.959250e-01 -5.942475e-01 -4.176887e-03 2.414239e-02 3.233591e-02 -4.973683e-04
6.179587e+00 6.578992e-01 3.609558e-01 5.252272e-02 -2.242777e-02 4.087818e-02 5.719216e-03
5.289059e+00 2.190646e-01 -6.171938e-01 1.234039e-01 4.827158e-02 1.713334e-02 -4.335760e-03
4.071942e+00 -1.350023e-02 -2.374156e-02 1.387853e-03 2.388944e-01 -1.358432e-01 6.140628e-03
3.996556e+00 -1.157903e-01 -5.215480e-01 -2.321882e-02 5.989127e-02 -1.329663e-02 -3.719045e-04
3.652087e+00 -2.750501e-01 4.641727e-02 -4.400005e-04 -1.373812e-02 -8.140660e-02 -1.294933e-03
4.322533e+00 -7.743575e-01 7.891725e-02 -1.585610e-02 -5.559734e-03 -5.455362e-02 2.264794e-04
5.897106e+00 7.390054e-02 4.884226e-01 -2.773362e-02 -6.646884e-02 1.005704e-02 -2.460494e-03
3.007059e+00 3.314509e-01 3.712193e-01 -7.817844e-02 -4.581520e-02 4.090707e-02 -3.384650e-03
9.096077e+00 -1.215180e-01 7.258756e-01 3.360203e-02 -4.754460e-02 -7.959388e-03 5.010887e-04
5.156764e+00 1.852934e-01 -4.877909e-02 -5.967374e-03 2.485120e-02 9.440035e-02 1.101390e-02
6.261962e+00 4.144293e-01 5.478711e-02 -5.025415e-02 -8.358933e-03 6.322995e-02 1.313962e-03
7.697305e+00 5.137070e-01 3.446240e-01 4.218831e-02 -2.678183e-02 3.992181e-02 -1.571585e-03
1.881058e+00 1.000205e-01 -8.508182e-01 1.501744e-01 4.123147e-02 4.847088e-03 -7.168586e-04
1.633723e+00 2.116842e-01 -6.079999e-02 -7.654849e-03 2.878184e-02 1.002083e-01 1.251149e-03
8.047982e+00 5.712134e-02 -1.092078e-01 -6.368950e-03 9.656267e-02 5.050730e-02 1.119278e-03
4.469584e+00 -4.500846e-01 2.909027e-01 7.584709e-02 -3.123457e-02 -4.832611e-02 3.206462e-04
1.397678e+00 6.789924e-01 6.477198e-01 3.200975e-02 -2.904620e-02 3.044859e-02 -1.934992e-03
7.253212e+00 1.371629e-01 2.422138e-01 -2.190036e-02 -6.531976e-02 3.698982e-02 3.009231e-03
3.455045e+00 -7.635742e-02 -6.741086e-01 6.158615e-03 5.566054e-02 -6.304764e-03 9.076101e-04
6.567794e+00 -2.106400e-01 -2.400212e-01 4.712039e-03 6.399598e-02 -5.616218e-02 -4.019129e-03
6.772050e+00 2.803911e-02 2.689570e-04 -1.036544e-04 -2.781677e-03 2.899934e-01 -1.986511e-03
3.035354e+00 5.280763e-01 4.577602e-01 8.483685e-02 -3.749331e-02 4.325263e-02 -1.197009e-03
6.918139e+00 -5.453274e-01 4.222679e-01 -4.273435e-03 -3.216390e-02 -4.153728e-02 2.566008e-03
2.997911e+00 -7.280658e-01 -4.510711e-01 4.438293e-02 2.377821e-02 -3.837998e-02 -1.796874e-03
6.676608e+00 7.698292e-01 -2.495377e-01 -1.528007e-02 1.297416e-02 4.002557e-02 -4.157644e-06
1.869377e+00 3.219120e-02 1.893684e-01 1.228280e-02 -8.614552e-02 1.464409e-02 -1.547679e-03
9.050432e+00 -2.698172e-01 3.854558e-02 4.024104e-02 -1.031462e-02 -7.220182e-02 -5.306871e-03
5.247119e+00 -1.026728e-01 9.551150e-01 1.551978e-01 -4.412253e-02 -4.743078e-03 -9.891990e-04
6.771425e+00 1.795095e-01 6.033380e-01 3.567717e-02 -4.598986e-02 1.368323e-02 5.636732e-04
9.960144e+00 8.187343e-01 -1.582954e-01 3.531238e-02 9.120784e-03 4.717446e-02 -2.005060e-03
1.682576e+00 -7.177571e-01 -4.290184e-01 2.073809e-01 2.390296e-02 -3.999017e-02 2.394456e-04
3.775425e+00 1.848271e-01 -3.707892e-01 -1.067328e-02 5.999155e-02 2.990395e-02 -1.577643e-03
6.980677e+00 3.923379e-01 -6.687050e-01 -6.210400e-02 3.977363e-02 2.333571e-02 1.379858e-03
8.732727e+00 -6.881559e-01 3.496500e-01 -5.638249e-02 -2.019954e-02 -3.975528e-02 -5.012871e-04
6.684769e+00 -7.041430e-02 -1.122067e-02 4.596083e-03 2.675975e-02 -1.679283e-01 -1.109125e-02
7.018232e+00 -2.741150e-01 -6.466047e-02 -4.592596e-02 1.937521e-02 -8.213730e-02 -2.846387e-03
2.063261e+00 -7.102667e-01 -2.627137e-02 5.011429e-02 2.037819e-03 -5.509402e-02 -7.852292e-03
5.150405e+00 7.425184e-01 -2.396877e-01 -1.614771e-03 1.360666e-02 4.215148e-02 -8.219127e-04
6.473997e+00 2.946628e-01 3.736598e-02 6.974290e-03 -9.497472e-03 7.489572e-02 -2.259925e-03
7.940938e+00 -6.319208e-01 -3.328151e-01 1.174547e-01 2.396946e-02 -4.551116e-02 1.269187e-03
3.172514e+00 -9.558076e-02 -2.115234e-01 -1.301573e-02 7.999647e-02 -3.614788e-02 2.198403e-03
7.394366e+00 -9.099129e-03 -9.380856e-03 -6.361700e-04 2.500491e-01 -2.425396e-01 -1.965451e-02
4.795603e+00 2.585596e-01 -3.084599e-01 1.333813e-02 5.034379e-02 4.219955e-02 1.113696e-03
7.587526e+00 -3.179387e-01 -1.336268e-01 -1.213308e-02 2.647065e-02 -6.298168e-02 -4.031602e-03
2.382735e+00 -1.408867e-01 -7.578333e-01 -1.718435e-01 4.650192e-02 -8.645045e-03 -8.954407e-04
8.151045e+00 -6.510664e-01 -2.486196e-01 1.633728e-03 1.671587e-02 -4.377426e-02 -2.620540e-03
4.572565e+00 -3.379648e-02 -8.701060e-02 -1.216887e-02 1.160665e-01 -4.508232e-02 -7.689242e-03
1.092479e+00 2.139718e-02 -1.808847e-01 3.119607e-02 1.108662e-01 1.311457e-02 -2.149025e-03
5.582905e+00 -3.657025e-01 7.487820e-01 -1.545888e-01 -4.692585e-02 -2.291842e-02 6.438050e-04
4.869706e+00 2.168360e-01 2.339282e-01 -7.406470e-03 -5.453659e-02 5.055183e-02 -1.559333e-03
1.135831e+00 9.885380e-01 9.561114e-02 -9.501016e-02 -4.638706e-03 4.796029e-02 8.421803e-04
6.965373e-01 7.223528e-02 -4.547772e-02 -6.830012e-04 7.713548e-02 1.225194e-01 -5.776970e-03
4.369796e+00 9.229168e-01 -2.280335e-01 1.140792e-01 1.068890e-02 4.326102e-02 1.171396e-03
4.263837e+00 2.952720e-02 4.088927e-03 1.205230e-03 -3.396458e-02 2.452670e-01 2.737321e-04
5.245617e+00 -8.348696e-03 3.341694e-03 -2.284620e-04 -1.776472e-01 -4.438237e-01 2.765732e-02
5.264985e-01 -1.480459e-01 9.909892e-03 3.808499e-03 -6.853102e-03 -1.023799e-01 1.654690e-02
8.727103e+00 -1.526259e-01 -3.485654e-02 -3.786579e-04 2.236378e-02 -9.792398e-02 7.658350e-03
6.932193e+00 3.113849e-01 2.283037e-02 -4.818917e-02 -5.197482e-03 7.088879e-02 1.870864e-03
5.424964e+00 1.220289e-01 -1.383263e-01 4.118236e-03 6.829491e-02 6.024851e-02 5.079718e-03
8.357017e+00 8.258938e-01 -2.231723e-02 2.352261e-03 1.122820e-03 4.155222e-02 2.784680e-03
7.984921e+00 -5.297262e-01 1.819004e-01 -8.400832e-02 -1.966092e-02 -5.725609e-02 -3.685559e-03
7.140846e+00 3.500824e-02 4.841050e-01 -1.091693e-02 -6.142565e-02 4.442020e-03 1.330966e-03
2.355137e+00 -6.414797e-01 4.108891e-01 -6.706431e-02 -2.538883e-02 -3.963701e-02 -1.229251e-03
4.621468e+00 -5.646037e-01 -3.470930e-01 -1.303425e-01 2.697575e-02 -4.388048e-02 2.523224e-03
6.776077e+00 6.522704e-01 -3.043249e-01 -6.387675e-02 2.393465e-02 5.129999e-02 1.196268e-03
6.602644e+00 1.932308e-01 8.545798e-01 -2.431820e-02 -4.123513e-02 9.323761e-03 -6.170289e-04
4.848902e+00 2.651281e-02 -6.426516e-01 8.929516e-02 5.165910e-02 2.131214e-03 1.623246e-03
1.005882e+00 -7.971524e-02 1.889335e-02 4.455916e-03 -3.625266e-02 -1.529580e-01 -7.598860e-04
5.808493e+00 7.847969e-02 -2.837809e-01 -6.654897e-03 8.622820e-02 2.384643e-02 -2.289916e-03
6.873358e+00 -2.435850e-01 5.916422e-01 6.197236e-02 -5.385184e-02 -2.217133e-02 -3.853479e-03
2.669625e+00 -5.877700e-01 -2.883439e-01 -5.740170e-02 2.303566e-02 -4.695667e-02 -1.688025e-03
6.153872e+00 3.877654e-01 2.009088e-01 -1.096636e-02 -2.730107e-02 5.269263e-02 -7.967470e-04
5.193121e+00 4.152521e-02 -4.406215e-01 -7.255123e-02 5.973517e-02 5.629584e-03 3.240934e-05
3.152687e+00 4.740488e-01 2.267853e-01 4.192454e-03 -2.490582e-02 5.206056e-02 3.438868e-03
7.898821e+00 -4.333064e-01 1.265673e-01 9.768356e-03 -1.807669e-02 -6.188602e-02 1.389294e-03
1.503275e+00 -7.179216e-01 4.920602e-01 7.286414e-02 -2.536229e-02 -3.700387e-02 -1.688580e-03
3.499572e+00 -3.221269e-01 -2.075896e-01 -3.036218e-02 3.442629e-02 -5.342096e-02 3.445015e-03
5.817502e+00 5.742705e-01 2.343143e-01 7.886927e-03 -2.067444e-02 5.067005e-02 -4.291818e-03
9.742154e+00 -7.409717e-01 7.354681e-02 -2.442192e-02 -4.826953e-03 -4.863074e-02 -1.449372e-03
7.310006e+00 -4.943331e-01 -1.730662e-01 1.153383e-01 2.086808e-02 -5.960598e-02 2.388793e-03
7.023085e+00 4.932797e-01 -2.510488e-01 6.205823e-02 2.877168e-02 5.653277e-02 1.976219e-03
4.666849e+00 5.406912e-01 -8.265838e-01 1.941158e-01 3.269472e-02 2.138652e-02 1.326031e-03
4.572732e+00 -3.627996e-02 -1.108838e-01 -9.190568e-03 1.178728e-01 -3.856669e-02 -2.509315e-03
9.133152e+00 -2.462096e-01 -8.631003e-01 1.480935e-02 3.930969e-02 -1.121356e-02 3.518322e-03
6.177777e+00 1.691018e-01 -1.982420e-01 5.431901e-03 7.251383e-02 6.185481e-02 -4.894176e-03
4.134409e+00 2.239683e-01 9.216336e-01 1.840029e-02 -4.575328e-02 1.111861e-02 -1.049627e-03
1.745408e+00 -3.310500e-03 -8.601253e-02 9.983323e-03 1.534133e-01 -5.904661e-03 -5.056553e-03
5.450073e+00 -1.677265e-01 9.471376e-01 1.802493e-02 -4.641825e-02 -8.220106e-03 1.157036e-03
8.906621e+00 -2.599521e-01 8.279353e-01 5.839509e-02 -4.475927e-02 -1.405335e-02 5.812014e-04
7.684718e+00 -5.126240e-01 1.988970e-01 1.016437e-01 -2.073949e-02 -5.345261e-02 7.985289e-04
1.774273e+00 8.202872e-01 2.592837e-01 1.169719e-01 -1.471210e-02 4.654418e-02 1.665186e-03
9.326505e+00 -5.511340e-01 3.908215e-01 1.531012e-03 -3.445971e-02 -4.859486e-02 -8.827432e-03
5.458269e+00 1.228654e-01 1.256503e-01 -1.174377e-02 -7.468594e-02 7.303059e-02 3.034876e-04
5.625389e+00 -8.526267e-01 -3.708026e-01 2.660695e-01 1.644814e-02 -3.782100e-02 2.538977e-03
3.994519e+00 -9.970717e-02 -1.333060e-01 1.469244e-02 8.602170e-02 -6.434056e-02 8.068192e-04
1.512947e+00 2.382205e-01 1.522028e-01 -1.453177e-02 -3.957294e-02 6.193767e-02 1.194960e-03
1.111627e+00 5.987076e-02 -1.130709e-01 1.090570e-02 9.638096e-02 5.103348e-02 -2.357989e-03
5.300092e+00 -4.537304e-01 -2.470924e-01 -1.737696e-02 2.558607e-02 -4.698316e-02 9.101529e-05
7.365935e+00 -2.120377e-01 -3.766772e-01 -1.347220e-02 5.533513e-02 -3.114904e-02 -6.459578e-03
5.688637e+00 -7.710504e-01 4.154299e-01 4.023859e-02 -2.210320e-02 -4.102420e-02 -1.199623e-03
2.289051e+00 -6.634548e-01 8.642228e-02 4.384590e-02 -7.692367e-03 -5.905350e-02 8.674866e-04
6.803426e+00 6.477123e-01 2.977408e-01 -9.787707e-03 -2.390572e-02 5.200505e-02 -1.493477e-03
6.625997e+00 7.844996e-01 -4.320670e-01 -3.041764e-02 2.264645e-02 4.111893e-02 3.479624e-03
1.072181e+00 -9.736577e-02 5.059195e-01 -4.406430e-02 -5.957646e-02 -1.146567e-02 -3.753562e-03
2.717602e+00 5.630669e-01 3.950676e-01 4.802963e-02 -3.319799e-02 4.731517e-02 4.538828e-03
1.519925e+00 -8.407355e-02 -5.347853e-01 7.431872e-02 5.991806e-02 -9.419713e-03 3.764936e-03
1.547163e+00 -3.778506e-01 2.310751e-01 1.343962e-02 -2.950226e-02 -4.824164e-02 -2.227532e-03
8.946316e+00 -7.846344e-01 6.015848e-01 3.521980e-02 -2.374214e-02 -3.096637e-02 4.749038e-04
3.264073e+00 -3.638678e-01 8.164769e-01 -1.029489e-01 -4.049584e-02 -1.804721e-02 -7.941721e-04
9.006871e+00 -2.804554e-01 -1.829145e-01 -9.670159e-03 3.705206e-02 -5.681042e-02 -1.477404e-03
4.360056e+00 6.398106e-01 6.177804e-01 7.508796e-02 -2.794901e-02 2.894568e-02 2.331426e-03
8.287413e+00 2.410034e-01 -7.938536e-01 5.607997e-02 4.190700e-02 1.272241e-02 1.522617e-03
3.746052e+00 5.414986e-02 -4.783871e-01 -6.411266e-02 6.305333e-02 7.137168e-03 1.732847e-03
7.406352e+00 5.442631e-01 3.001435e-01 -3.084676e-02 -2.800422e-02 5.078127e-02 3.520134e-03
2.107872e+00 3.484880e-01 -6.381059e-01 3.688677e-02 4.540161e-02 2.479513e-02 -4.368732e-03
5.475620e+00 3.289530e-01 2.904632e-02 4.190522e-02 -6.722556e-03 7.613373e-02 -4.705080e-04
3.317664e+00 8.614984e-02 2.240633e-02 -3.603166e-03 -3.877181e-02 1.490733e-01 3.579518e-03
1.527557e+00 1.932825e-01 -7.502804e-02 -3.021335e-02 3.415405e-02 8.798551e-02 -2.281131e-03
2.890841e+00 -1.812791e-02 -3.838915e-02 2.872467e-03 2.000355e-01 -9.445963e-02 -2.407946e-02
2.524018e+00 -8.114938e-01 -4.446036e-01 1.031152e-01 2.091825e-02 -3.818014e-02 6.283923e-04
6.933438e+00 2.957251e-01 8.852053e-01 7.626006e-02 -3.866830e-02 1.291812e-02 1.121664e-03
1.067045e+00 -1.258980e-01 -7.616375e-02 1.304755e-02 6.406871e-02 -1.059050e-01 -4.414494e-03
1.582607e+00 -8.710849e-02 5.088811e-02 -2.253357e-02 -6.603000e-02 -1.130279e-01 -5.244314e-03
5.497741e+00 2.629771e-01 5.940948e-01 4.481785e-02 -5.081388e-02 2.249285e-02 -4.790124e-03
6.905126e+00 -6.195907e-02 4.401780e-02 -3.159320e-03 -9.850858e-02 -1.386598e-01 -1.254433e-02
7.502888e+00 -9.985406e-02 -4.255105e-01 -1.910578e-02 6.015812e-02 -1.411724e-02 -1.085072e-03
9.438467e+00 9.064510e-01 3.552752e-01 -2.715210e-02 -1.699486e-02 4.336079e-02 3.019938e-03
3.004638e+00 -2.065191e-01 2.376324e-02 -3.857622e-02 -1.102392e-02 -9.580553e-02 -3.594609e-03
9.303077e+00 -3.057039e-01 6.887659e-01 1.237007e-01 -3.969555e-02 -1.761859e-02 1.805059e-03
5.445680e+00 4.516942e-02 3.986478e-01 -2.571411e-02 -6.729131e-02 7.624547e-03 3.362113e-03
4.771122e+00 -6.206087e-01 -4.944175e-01 -4.929996e-03 3.301171e-02 -4.143736e-02 1.732464e-03
9.096083e+00 2.349708e-01 2.319673e-01 8.128260e-03 -5.190521e-02 5.257726e-02 1.535863e-03
1.929762e+00 -4.575157e-01 2.626033e-01 5.979825e-02 -3.215366e-02 -5.601912e-02 3.441300e-03
6.691433e+00 9.900513e-01 1.152671e-01 -2.670174e-02 -4.693426e-03 4.031275e-02 1.004475e-03
4.376240e+00 1.724686e-01 7.966171e-01 3.535874e-02 -4.238456e-02 9.176310e-03 1.589333e-03
6.976307e+00 -1.106237e-02 -4.356723e-01 6.747631e-02 6.128846e-02 -1.556205e-03 7.148167e-03
4.795292e+00 1.186282e-01 -8.312252e-01 -9.191383e-02 5.059329e-02 7.220414e-03 -1.929745e-03
9.540991e-01 3.358399e-02 1.112561e-01 1.124705e-03 -1.168228e-01 3.526437e-02 7.879793e-03
7.404946e+00 1.061054e-01 -6.955915e-02 2.051960e-02 7.463759e-02 1.138520e-01 -2.889216e-03
3.688591e+00 -6.378107e-02 -2.367521e-01 5.062584e-02 8.190878e-02 -2.206624e-02 -4.727821e-03
6.630748e+00 -5.415504e-01 -4.367344e-01 3.756083e-02 2.990527e-02 -3.708252e-02 5.461370e-04
3.444400e+00 8.900785e-02 -5.850842e-01 4.841559e-03 5.386369e-02 8.194191e-03 -1.900654e-03
9.766685e+00 -1.947138e-01 -1.193552e-01 2.898287e-03 4.267514e-02 -6.961937e-02 -6.152523e-03
3.504830e+00 8.630477e-01 -2.366235e-01 1.657115e-01 1.293456e-02 4.717681e-02 1.161598e-03
2.823532e+00 -5.880990e-01 1.865407e-01 -5.078411e-02 -1.782390e-02 -5.619266e-02 1.009525e-03
7.714402e+00 -7.220311e-02 1.614441e-01 -2.412892e-02 -1.023045e-01 -4.575396e-02 6.760976e-03
8.786325e+00 -3.123574e-02 -9.577519e-02 -9.742557e-03 1.441201e-01 -4.700276e-02 -1.207131e-02
5.713611e+00 -2.085096e-01 -1.021501e-01 -1.157333e-02 4.223361e-02 -8.620756e-02 -2.770002e-03
5.093269e-01 4.784176e-01 5.112787e-01 -3.977853e-02 -3.784034e-02 3.540825e-02 -1.606075e-03
2.786599e+00 -2.275662e-01 -1.560082e-01 -2.931519e-02 4.446652e-02 -6.486246e-02 3.280287e-03
3.190174e+00 4.520756e-03 -5.593016e-02 2.486109e-03 1.929654e-01 1.559712e-02 8.054384e-03
2.499782e+00 -5.082773e-01 5.098777e-01 1.206214e-01 -3.603662e-02 -3.592350e-02 -4.215852e-04
4.393293e+00 2.352386e-01 1.184898e-01 -2.603629e-02 -3.561303e-02 7.070279e-02 1.058044e-03
6.201923e+00 3.111626e-01 -8.508820e-01 1.559297e-02 4.723396e-02 1.727318e-02 2.169549e-03
9.162383e+00 -1.506846e-01 7.861657e-01 1.643003e-01 -4.596476e-02 -8.810076e-03 1.997691e-03
5.864656e+00 2.192004e-01 -6.140522e-01 -1.016399e-03 5.286824e-02 1.887256e-02 3.396592e-04
3.851092e+00 1.184327e-01 -7.115117e-01 5.304653e-02 5.485827e-02 9.131277e-03 3.560761e-03
9.172640e+00 -7.438674e-02 1.129219e-01 -8.705221e-03 -1.019368e-01 -6.715037e-02 -4.157898e-03
2.294542e+00 -1.550883e-01 5.139996e-02 8.520907e-03 -2.946011e-02 -8.888952e-02 3.618707e-03
7.411473e+00 3.752556e-01 1.790320e-03 2.865817e-02 -3.280397e-04 6.875795e-02 -6.595294e-03
3.224700e+00 1.189841e-01 7.700341e-01 1.170783e-01 -5.118924e-02 7.909656e-03 -2.366635e-03
1.905454e+00 1.650223e-01 -4.431587e-02 -2.219294e-03 2.502826e-02 9.319960e-02 1.263327e-02
1.136008e+00 1.852915e-01 2.037059e-02 1.685159e-02 -1.076498e-02 9.791858e-02 1.554310e-03
3.188685e+00 8.907247e-01 1.868631e-01 -3.145690e-02 -1.039348e-02 4.954284e-02 3.727631e-04
9.045775e+00 4.383963e-01 8.546532e-02 3.898393e-03 -1.135930e-02 5.826781e-02 -1.669214e-03
2.862251e+00 5.580398e-03 -5.300501e-02 4.366910e-03 2.001739e-01 2.107442e-02 -1.492710e-04
6.691644e+00 -1.949933e-01 3.776836e-01 -7.721241e-03 -6.315325e-02 -3.260522e-02 5.048617e-03
7.289518e+00 -5.541743e-02 -1.365095e-01 -2.831684e-02 9.492206e-02 -3.853458e-02 -1.142732e-03
9.628851e+00 2.812368e-02 1.152593e-02 -3.254764e-03 -8.579117e-02 2.093335e-01 9.149091e-03
5.601340e+00 4.868238e-01 5.291978e-01 9.681828e-02 -3.460370e-02 3.183291e-02 -4.208332e-03
3.087240e+00 9.544400e-02 -5.734830e-02 -1.070853e-02 7.132805e-02 1.187103e-01 2.160612e-03
6.808831e+00 -4.075347e-02 1.002826e-01 1.026293e-02 -1.166953e-01 -4.742335e-02 8.052764e-03
1.081638e+00 -7.263435e-01 -3.967642e-01 -1.872100e-02 2.039584e-02 -3.733801e-02 -1.717696e-04
5.035972e+00 -4.558161e-01 -8.114346e-01 -1.093901e-01 4.022304e-02 -2.259493e-02 -2.042084e-03
8.763061e+00 -4.985105e-01 3.124267e-01 6.215865e-02 -2.842316e-02 -4.535220e-02 -8.258012e-04
1.394551e+00 -6.058404e-01 1.107444e-01 3.735529e-02 -1.089601e-02 -5.960793e-02 -1.048848e-03
8.047329e+00 -6.489074e-01 3.668442e-02 1.868505e-02 -2.717797e-03 -4.807487e-02 1.068823e-03
4.589495e+00 -5.786444e-02 -1.076290e-02 -3.104635e-03 3.244122e-02 -1.744133e-01 4.033189e-03
6.373759e+00 1.820308e-01 -9.097375e-02 1.834184e-02 4.690783e-02 9.385860e-02 -8.275648e-03
2.791488e+00 6.103089e-01 -1.092508e-01 9.979351e-03 1.087109e-02 6.072927e-02 -4.472013e-04
4.104782e+00 -5.772815e-01 -7.948058e-01 -6.873245e-02 3.339257e-02 -2.425362e-02 2.709202e-03
1.513371e+00 -2.890788e-01 7.933171e-02 -1.354403e-02 -2.329688e-02 -8.489207e-02 8.128173e-04
8.534317e+00 5.550314e-02 1.535195e-01 4.148704e-03 -9.362576e-02 3.384927e-02 -1.615530e-02
7.727216e+00 -1.724999e-01 3.342247e-01 4.968294e-02 -5.697707e-02 -2.940697e-02 -1.189947e-04
7.081724e+00 3.742964e-01 7.524761e-01 1.924824e-01 -4.048559e-02 2.013833e-02 1.588981e-03
5.540289e+00 5.208283e-02 1.112596e-01 2.405264e-02 -1.065685e-01 4.988686e-02 -2.099508e-03
3.221767e+00 1.105583e-01 6.704257e-01 -9.922038e-03 -5.612186e-02 9.254925e-03 -3.993815e-03
2.352712e+00 2.729760e-01 -2.954311e-01 8.147105e-02 4.793811e-02 4.429444e-02 -2.843794e-03
9.980809e+00 -2.092439e-01 1.182156e-01 2.801127e-02 -4.531181e-02 -8.020273e-02 -1.385611e-03
9.397486e+00 4.730046e-01 3.533159e-01 -2.899563e-02 -3.698946e-02 4.951994e-02 4.305340e-03
4.205361e+00 -7.113098e-02 -1.718446e-02 -3.025859e-04 3.881671e-02 -1.606725e-01 -9.233290e-03
5.981828e+00 -6.482912e-02 -3.930840e-01 -5.892042e-02 6.608725e-02 -1.089940e-02 -3.230577e-03
6.330672e+00 2.013208e-02 -5.844044e-01 6.577501e-02 6.073531e-02 2.092264e-03 -1.099894e-04
1.695208e+00 -9.817937e-02 -9.550209e-03 1.334790e-03 1.173410e-02 -1.206306e-01 -8.000260e-04
6.779691e+00 6.481548e-01 -9.083926e-02 6.980577e-02 8.108204e-03 5.785353e-02 1.239513e-03
4.978437e+00 -2.713255e-01 -7.733200e-01 -1.851842e-02 4.038562e-02 -1.416962e-02 7.617685e-04
7.529802e-01 4.844749e-02 2.002658e-01 -2.093650e-02 -9.440540e-02 2.283817e-02 -2.126052e-03
4.777254e+00 4.746520e-01 8.437729e-02 2.334815e-02 -1.063612e-02 5.983192e-02 -2.172741e-03
2.455584e+00 -4.056029e-01 -2.034070e-01 2.038845e-02 2.744651e-02 -5.472961e-02 -2.012487e-03
2.611494e+00 -3.580355e-01 6.063317e-01 -6.135409e-02 -4.527597e-02 -2.673521e-02 2.619738e-03
1.925954e+00 -3.801959e-01 4.693356e-01 9.443167e-02 -4.140654e-02 -3.354231e-02 8.831896e-04
9.055053e+00 7.219060e-01 2.869960e-01 -1.373208e-02 -1.654122e-02 4.160757e-02 9.805100e-04
4.100522e+00 -5.276444e-01 -6.833027e-02 2.425428e-02 7.829950e-03 -6.046265e-02 1.467063e-03
8.290218e-01 -9.142942e-02 -5.940906e-01 3.815363e-02 6.168790e-02 -9.493652e-03 -6.802118e-04
8.583656e+00 1.093781e-02 -3.957505e-01 3.717826e-02 7.266174e-02 2.008236e-03 -4.242050e-04
4.157460e+00 5.500488e-04 -4.904896e-02 -1.586561e-03 1.882177e-01 2.110727e-03 1.063434e-02
1.950576e+00 2.483216e-02 -9.943370e-02 -1.940387e-03 1.201926e-01 3.001639e-02 4.907211e-03
4.797793e+00 3.818507e-02 8.244443e-03 -6.771608e-04 -4.385671e-02 2.031273e-01 2.343727e-02
6.278524e+00 1.493281e-01 -1.473919e-01 -1.216185e-02 6.687493e-02 6.775342e-02 1.693290e-03
4.703117e+00 5.409895e-01 3.589062e-01 1.520053e-02 -2.689306e-02 4.053667e-02 -1.738561e-03
4.033018e+00 -3.709797e-01 -6.822571e-01 -1.048280e-01 4.724721e-02 -2.569083e-02 -2.083224e-03
2.825186e+00 -1.202315e-01 -2.466433e-01 -8.948798e-03 7.853332e-02 -3.828275e-02 -4.356537e-04
5.727998e+00 3.937654e-01 9.874260e-02 -4.404659e-02 -1.532610e-02 6.111738e-02 1.762496e-03
5.076464e+00 -3.624171e-01 8.850647e-01 -4.867327e-02 -4.263046e-02 -1.745636e-02 1.307094e-04
1.700062e+00 1.820545e-02 -2.288419e-01 -5.097570e-03 9.222203e-02 7.336697e-03 -1.606015e-04
1.533844e+00 -1.273790e-01 9.716641e-02 -5.991408e-03 -7.168011e-02 -9.396805e-02 4.426497e-03
9.972886e+00 -4.247472e-01 -2.200015e-01 -2.589966e-02 2.636557e-02 -5.090284e-02 -1.077875e-03
7.482776e+00 -8.471130e-01 7.343101e-02 3.753070e-02 -4.057422e-03 -4.680713e-02 7.672402e-04
7.693835e+00 -2.895279e-01 -3.480088e-01 -6.844891e-02 5.011353e-02 -4.169224e-02 4.869812e-03
9.893476e+00 -3.114692e-02 1.590363e-01 -1.540301e-02 -1.065333e-01 -2.086432e-02 -9.871336e-04
4.965800e+00 3.514845e-01 8.103523e-02 -1.850884e-02 -1.789928e-02 7.763685e-02 -4.045048e-03
3.142321e+00 -3.340728e-01 -1.137656e-01 -7.030480e-03 2.427221e-02 -7.127537e-02 -2.317566e-03
6.981220e+00 5.660428e-02 -4.021952e-01 -3.918709e-02 7.343154e-02 1.033463e-02 2.675832e-03
4.025870e+00 -7.504675e-01 4.983381e-01 -2.076148e-02 -2.492517e-02 -3.753581e-02 -8.309744e-06
5.263002e+00 7.394870e-02 -3.166508e-02 -8.029595e-03 5.909593e-02 1.380091e-01 1.550540e-02
6.058319e+00 2.132368e-01 1.943652e-01 -3.263848e-02 -4.904467e-02 5.380659e-02 2.138735e-03
5.586607e+00 1.234491e-02 -9.786946e-03 -1.005250e-03 2.399153e-01 3.026206e-01 -1.604422e-02
4.845877e+00 1.850052e-03 -4.822410e-01 5.930329e-03 6.745522e-02 2.587828e-04 -3.386584e-03
5.580556e+00 -2.288250e-01 3.665679e-01 5.561043e-02 -5.112745e-02 -3.191560e-02 -4.042954e-03
8.970712e+00 -3.445615e-01 8.209085e-02 -1.109673e-02 -1.857778e-02 -7.797687e-02 5.579585e-03
8.078983e+00 3.068173e-01 -9.052130e-01 1.715987e-01 3.669814e-02 1.243864e-02 -1.978645e-04
4.722921e+00 4.453897e-01 8.816697e-01 1.435633e-01 -3.542102e-02 1.789350e-02 -7.424045e-04
6.023206e+00 -1.098639e-02 -4.152956e-01 4.396741e-02 7.184482e-02 -1.900612e-03 -3.022525e-03
9.885083e+00 2.029176e-01 -1.684543e-01 1.132102e-02 5.402705e-02 6.508023e-02 2.315364e-03
6.148283e+00 8.150293e-01 3.857952e-01 -1.518377e-01 -2.111505e-02 4.460755e-02 -3.340722e-03
3.368636e+00 -2.694124e-01 6.371956e-01 -9.818292e-03 -4.953937e-02 -2.094572e-02 -1.265127e-03
8.180923e+00 -1.695226e-01 -7.807396e-02 -4.116083e-03 3.806044e-02 -8.264092e-02 8.505667e-03
