3.614278e+09 0.000000e+00 0.000000e+00 0.000000e+00 0.000000e+00 0.000000e+00 0.000000e+00
6.410951e+00 1.229447e-01 1.697001e-01 6.225773e-03 -4.546400e-02 3.293784e-02 3.933360e-03
5.044491e+00 9.738342e-02 -3.384187e-01 9.839148e-03 4.055339e-02 1.166965e-02 2.051690e-03
7.967729e+00 5.552227e-01 -5.666492e-01 4.066100e-02 2.133228e-02 2.090211e-02 -7.434952e-04
4.778756e+00 -1.025449e-01 1.979108e-01 3.193689e-03 -5.271660e-02 -2.731443e-02 -3.960985e-03
9.005646e+00 -3.206539e-01 -1.286884e-01 2.388845e-02 1.526152e-02 -3.802726e-02 -7.594818e-04
8.132966e+00 -5.060456e-02 -2.957302e-01 8.525064e-03 4.673853e-02 -7.997773e-03 -2.406734e-03
2.260388e+00 -3.952265e-01 -7.012066e-01 1.637479e-02 2.681004e-02 -1.511115e-02 -2.245569e-03
8.535243e+00 2.053238e-01 6.205391e-01 5.353283e-03 -3.139976e-02 1.038954e-02 -1.936444e-04
8.723212e+00 7.511632e-01 6.079558e-01 -3.993616e-02 -1.695269e-02 2.094600e-02 -6.765311e-04
1.520866e+00 -2.528323e-01 5.457166e-02 1.856606e-02 -1.110254e-02 -5.143843e-02 -3.103911e-03
6.222409e+00 2.139835e-02 1.533095e-02 3.578301e-03 -9.149396e-02 1.277037e-01 4.272511e-03
2.417413e+00 -5.822186e-02 1.436096e-01 4.802611e-04 -5.604909e-02 -2.272329e-02 4.162640e-03
8.227267e+00 -5.772390e-01 6.961475e-02 3.376612e-02 -4.049004e-03 -3.357396e-02 -2.324749e-03
4.025587e+00 -9.309664e-02 -5.884706e-01 -6.320463e-02 3.508693e-02 -5.550787e-03 -2.125787e-04
8.413776e+00 2.462174e-01 1.523103e-01 -1.135187e-02 -2.612027e-02 4.222476e-02 1.572195e-03
2.338876e+00 3.383162e-01 9.050786e-02 9.666207e-03 -1.226704e-02 4.585390e-02 9.704721e-04
2.123096e+00 1.560027e-02 -6.642175e-01 9.720877e-02 3.023329e-02 7.100798e-04 -6.652135e-04
8.709806e+00 -2.768703e-01 7.672859e-01 1.648462e-02 -2.910498e-02 -1.050235e-02 2.304514e-04
1.859681e+00 1.308673e-01 -2.396272e-01 -3.003320e-02 4.818229e-02 2.631374e-02 7.131216e-04
8.064959e+00 -7.410978e-01 3.937966e-01 4.590329e-02 -1.464449e-02 -2.755990e-02 -1.867109e-03
7.293379e+00 5.789371e-01 -1.973808e-01 -5.380187e-02 1.057080e-02 3.100517e-02 -1.737488e-03
1.196814e+00 3.957835e-01 5.831317e-01 -2.233796e-02 -2.479897e-02 1.683157e-02 2.289824e-03
8.482896e+00 -4.432806e-01 4.254766e-01 5.673902e-03 -2.547351e-02 -2.653944e-02 1.038631e-03
1.434799e+00 -4.807557e-02 2.027284e-01 7.480639e-03 -5.198033e-02 -1.232676e-02 3.477819e-04
3.791831e+00 1.117745e-01 3.459497e-01 -2.217850e-03 -4.792366e-02 1.548388e-02 -3.746110e-04
9.230532e+00 -4.087691e-01 3.326653e-01 -4.215018e-02 -2.529087e-02 -3.107666e-02 2.497985e-03
3.154928e+00 1.656426e-01 6.261112e-01 -9.542112e-02 -3.698237e-02 9.783978e-03 -3.064188e-03
9.808910e+00 -2.101929e-02 -9.035351e-01 -1.148988e-02 2.888376e-02 -6.719342e-04 1.263406e-04
1.437716e+00 2.675761e-01 7.646203e-02 8.417792e-03 -1.368742e-02 4.789864e-02 3.456712e-03
9.462028e+00 2.947283e-01 -6.763927e-02 1.623877e-02 1.047330e-02 4.563590e-02 6.610061e-04
9.920621e+00 -4.821295e-01 6.341069e-01 8.509652e-02 -2.401535e-02 -1.825956e-02 -4.218411e-04
3.372914e+00 -5.728812e-01 2.176994e-02 3.045090e-02 -1.463933e-03 -3.852375e-02 3.548462e-03
1.230260e+00 4.159249e-01 3.557361e-01 3.243473e-02 -2.715220e-02 3.174621e-02 -1.337918e-03
3.876318e+00 2.626119e-01 5.222548e-01 -2.414597e-02 -3.112453e-02 1.565073e-02 5.218708e-04
6.510424e-01 -3.717723e-01 -2.168817e-01 5.057457e-02 1.980276e-02 -3.394530e-02 -4.115902e-03
9.706574e+00 3.309294e-02 2.120537e-02 2.836871e-03 -7.189352e-02 1.121965e-01 2.738409e-03
3.379320e+00 2.927512e-01 -7.442169e-02 -5.420695e-02 1.278010e-02 5.027286e-02 2.995901e-04
5.589534e+00 -1.100499e-01 -2.644896e-01 8.515639e-02 4.757020e-02 -1.979321e-02 2.154938e-03
1.756110e+00 4.458568e-03 4.247401e-01 -3.906266e-02 -3.651641e-02 3.833188e-04 2.757137e-03
5.547605e+00 -4.936756e-01 -4.493440e-01 5.225928e-02 2.461152e-02 -2.703966e-02 -6.872611e-04
3.806561e+00 -8.957992e-02 6.479392e-02 -5.951659e-03 -4.903763e-02 -6.779629e-02 4.017761e-03
3.323066e+00 -7.147605e-01 5.256779e-01 1.448183e-01 -1.893357e-02 -2.574384e-02 -8.861188e-04
6.313203e-01 -3.150087e-01 -3.184784e-02 -4.485099e-03 5.352365e-03 -5.294053e-02 -6.616955e-04
5.137849e+00 -6.858686e-01 -5.615591e-01 -5.183815e-02 1.881609e-02 -2.298131e-02 -2.788001e-03
7.242067e+00 5.310868e-01 4.812035e-01 2.610252e-02 -1.918106e-02 2.116944e-02 -2.285043e-03
8.189262e+00 5.483265e-01 4.082971e-03 4.290455e-03 -2.949637e-04 3.961244e-02 4.484289e-04
7.162107e+00 -4.340232e-01 -9.302716e-02 -7.257351e-02 7.928816e-03 -3.699231e-02 4.034705e-03
7.403271e+00 2.681663e-01 8.864587e-01 1.522751e-01 -2.581524e-02 7.809475e-03 1.496095e-03
2.405673e+00 -2.439322e-01 -2.139598e-01 2.332075e-02 2.996141e-02 -3.415854e-02 8.979606e-04
1.098238e+00 2.704893e-01 6.778565e-01 -4.714195e-02 -2.628987e-02 1.049061e-02 -2.456321e-03
3.107976e+00 -4.729454e-01 2.464554e-01 -1.416951e-02 -1.605021e-02 -3.080019e-02 -2.076905e-04
1.144824e+00 -6.610229e-02 2.103661e-01 1.422364e-02 -4.861535e-02 -1.527616e-02 -8.729127e-04
7.526962e+00 2.809868e-01 -8.090697e-02 2.352042e-02 1.558434e-02 5.412381e-02 4.486170e-04
5.408814e+00 -8.312614e-01 -1.786107e-01 9.016022e-03 6.437859e-03 -2.996205e-02 -6.382901e-04
1.392480e+00 2.273567e-02 4.368180e-02 5.423329e-03 -1.122693e-01 5.843438e-02 7.717413e-03
3.878943e+00 3.860542e-01 2.253570e-01 5.011148e-02 -2.153864e-02 3.689738e-02 -8.257039e-04
8.659945e+00 -1.130759e-01 8.034019e-01 -1.153044e-02 -2.881138e-02 -4.055098e-03 -1.426357e-03
7.236504e+00 -5.843725e-01 6.867298e-01 2.701372e-02 -2.216311e-02 -1.885969e-02 -1.068896e-04
4.228044e+00 2.164665e-01 4.899054e-01 4.261245e-02 -3.338255e-02 1.475020e-02 2.816501e-03
3.307450e+00 -1.718117e-01 2.528233e-03 -7.509210e-03 -9.624012e-04 -6.540211e-02 2.896126e-03
6.242968e+00 6.387471e-01 -4.076052e-01 -7.875732e-02 1.660261e-02 2.601751e-02 -1.542462e-03
3.553370e+00 -9.338822e-02 1.146221e-01 -1.704801e-02 -6.000472e-02 -4.888879e-02 1.044661e-03
7.464756e+00 -8.008959e-01 5.398327e-01 -8.369253e-02 -1.353875e-02 -2.008609e-02 4.452634e-04
6.525215e+00 2.413348e-01 -8.663247e-01 -8.035085e-02 3.025742e-02 8.428902e-03 9.004760e-04
6.629411e+00 -7.445215e-01 1.513971e-01 -5.869651e-02 -5.871667e-03 -2.887493e-02 -2.400773e-03
5.072452e-01 9.274689e-01 -8.717539e-02 -4.122484e-02 2.564470e-03 2.728369e-02 -9.005053e-04
4.715140e+00 1.971888e-01 2.833892e-01 8.082300e-02 -3.596496e-02 2.502526e-02 2.594934e-03
5.655081e+00 3.667232e-01 4.223770e-02 6.545072e-02 -5.778583e-03 5.017177e-02 -4.536353e-03
1.916992e+00 5.810575e-01 1.347564e-01 -3.103170e-02 -7.166720e-03 3.090225e-02 6.138108e-04
8.575512e+00 1.840932e-02 -3.260951e-02 -2.927346e-03 1.341328e-01 7.572314e-02 -6.633916e-03
9.093746e+00 1.634974e-01 2.037076e-02 4.812634e-02 -7.137052e-03 5.728257e-02 1.862889e-03
3.135978e+00 1.178234e-01 2.284559e-01 1.729317e-02 -4.816759e-02 2.484185e-02 -1.599863e-03
5.305349e+00 -1.042821e-01 5.033682e-02 -2.881953e-03 -3.091639e-02 -6.404908e-02 -4.174744e-03
8.603750e+00 -3.315774e-01 9.392713e-01 1.122755e-01 -2.284976e-02 -8.066322e-03 -1.599829e-03
8.640007e+00 -1.531891e-01 -2.750230e-01 -1.706367e-02 3.993594e-02 -2.224451e-02 -6.726767e-04
9.766352e+00 6.384401e-01 -4.476766e-01 -7.714077e-02 1.553941e-02 2.216104e-02 -8.491244e-04
9.283004e+00 5.194861e-01 2.131832e-01 -1.542070e-02 -1.429331e-02 3.483003e-02 7.169597e-04
8.128922e+00 1.889080e-01 5.507846e-02 -5.134210e-04 -1.767304e-02 6.061496e-02 -2.689719e-03
3.197272e+00 7.828190e-02 5.713455e-02 -9.500887e-03 -5.163844e-02 7.075150e-02 3.555284e-03
9.091447e+00 -7.059785e-01 9.666774e-02 7.542592e-02 -4.619116e-03 -3.373408e-02 5.080776e-04
6.957206e+00 2.699617e-01 -2.401434e-01 2.058278e-02 3.214695e-02 3.613860e-02 -1.657403e-03
1.057490e+00 3.521457e-01 -4.748803e-01 2.483976e-02 2.721645e-02 2.018226e-02 2.850132e-04
8.331495e+00 4.766036e-01 4.992122e-01 -8.843130e-02 -2.465454e-02 2.353797e-02 -3.258134e-03
4.991141e+00 -2.290285e-01 -9.508984e-01 -2.882252e-02 2.466571e-02 -5.940856e-03 -6.557526e-04
2.036434e+00 3.945736e-02 -6.745910e-02 -3.891621e-04 8.635794e-02 5.051145e-02 -2.704796e-03
6.456902e+00 1.653625e-01 9.689460e-01 5.676166e-03 -2.709509e-02 4.624109e-03 -8.622311e-05
1.706011e+00 2.393450e-02 -1.213529e-01 -2.060857e-02 7.982610e-02 1.574414e-02 -5.426240e-03
8.091268e-01 1.333639e-01 -3.184067e-01 -1.550695e-02 4.507517e-02 1.887964e-02 1.106536e-03
5.656564e+00 2.823184e-01 -1.040333e-01 4.266477e-03 1.618748e-02 4.392844e-02 -2.106772e-03
4.335318e+00 7.101484e-01 1.988480e-01 -1.816164e-02 -9.017432e-03 3.220408e-02 -7.176957e-04
4.723580e+00 2.654725e-01 -4.492574e-01 -2.085345e-02 2.893040e-02 1.709538e-02 3.098250e-03
6.924835e+00 -5.516336e-02 -1.973343e-02 9.103436e-03 3.406059e-02 -9.521387e-02 3.271849e-03
4.537029e+00 -6.554299e-01 1.540476e-01 -1.922064e-02 -6.840147e-03 -2.910293e-02 -1.237919e-03
8.002419e+00 7.199584e-01 -2.588950e-01 -1.730957e-02 9.349679e-03 2.600043e-02 -1.041210e-04
8.446486e+00 5.229907e-01 -9.844646e-02 -3.393078e-02 6.658409e-03 3.537238e-02 -1.267639e-03
5.884369e+00 -6.129758e-03 1.233827e-02 -6.128684e-04 -2.115430e-01 -1.050964e-01 -2.981187e-03
6.121639e+00 -4.075836e-01 -6.287189e-01 8.351059e-02 2.702062e-02 -1.751683e-02 -7.026077e-04
7.177418e+00 -6.117040e-04 3.215220e-03 -9.615047e-05 -4.296330e-01 -8.173880e-02 1.643007e-02
9.839392e+00 6.905897e-02 -1.223240e-01 1.228208e-02 7.014228e-02 3.959936e-02 2.905065e-03
4.450061e+00 9.615517e-01 -8.681790e-03 -6.358561e-03 2.236070e-04 2.476559e-02 -2.531654e-03
3.609319e+00 -8.333981e-02 -3.029110e-02 -2.391609e-03 3.169445e-02 -8.720084e-02 -1.326424e-03
2.185860e+00 5.700442e-01 1.951439e-01 7.293413e-02 -1.201290e-02 3.509147e-02 -2.030348e-03
6.691006e+00 1.805249e-01 3.179925e-01 2.628764e-02 -4.398443e-02 2.497004e-02 -3.251924e-04
7.683157e+00 -5.087091e-01 2.539758e-01 -6.673893e-03 -1.732895e-02 -3.470958e-02 -2.359805e-03
7.701708e+00 -2.908719e-01 8.937169e-02 -6.100342e-02 -1.562635e-02 -5.085801e-02 -1.617314e-04
7.609118e+00 4.036672e-01 4.666753e-01 7.819643e-03 -2.928363e-02 2.532991e-02 1.336521e-03
6.038054e-01 3.430066e-01 7.078367e-01 -8.736824e-02 -2.750501e-02 1.332850e-02 2.692646e-03
7.454598e+00 2.112821e-01 -2.272070e-01 -5.927623e-03 3.774679e-02 3.510113e-02 -1.205194e-03
9.601194e+00 2.334013e-01 7.407343e-01 -2.807762e-02 -2.939630e-02 9.262612e-03 2.310665e-03
7.294542e+00 2.513636e-01 -7.714111e-01 4.955560e-03 2.846793e-02 9.276249e-03 -8.295511e-04
3.358558e+00 3.080332e-01 -4.727255e-02 -8.747178e-04 6.765297e-03 4.408343e-02 6.368012e-04
7.763339e+00 -8.037406e-02 2.789371e-03 6.457586e-04 -3.760149e-03 -1.083465e-01 3.518485e-04
8.890906e+00 2.335484e-01 5.106538e-01 6.578606e-02 -2.884538e-02 1.319248e-02 -1.058382e-04
5.076518e+00 1.521195e-02 -3.697790e-02 1.286418e-03 1.266911e-01 5.211814e-02 9.326909e-03
5.617610e+00 -1.191818e-01 -5.236583e-01 -4.514448e-02 3.213494e-02 -7.313741e-03 3.950838e-03
7.112743e+00 -4.253916e-01 2.310706e-01 -7.548760e-02 -1.882266e-02 -3.465176e-02 -1.427757e-03
4.327203e+00 9.166532e-01 -8.610896e-02 1.202353e-01 2.538094e-03 2.701869e-02 1.708510e-03
8.725965e+00 -1.764758e-01 5.671219e-01 5.538868e-02 -3.082962e-02 -9.593494e-03 -2.921274e-03
8.129396e+00 4.216659e-01 5.826329e-02 -7.974410e-02 -5.965023e-03 4.317035e-02 1.059354e-03
3.486082e+00 1.447172e-01 2.603564e-01 3.318394e-02 -4.188361e-02 2.328071e-02 -1.655789e-03
6.099254e+00 1.816065e-01 4.461498e-01 5.431504e-02 -3.721465e-02 1.514832e-02 -3.695987e-03
8.599833e+00 4.984368e-01 -7.100624e-01 -8.962017e-02 2.361534e-02 1.657707e-02 2.046787e-03
4.445824e+00 2.969066e-01 -3.963585e-01 -1.935204e-02 3.371416e-02 2.525481e-02 -3.350609e-03
9.590286e+00 -6.236769e-01 5.922746e-01 -5.158265e-02 -2.031239e-02 -2.138935e-02 -1.597166e-04
8.041953e+00 3.663656e-01 -3.156666e-01 1.106593e-01 2.422395e-02 2.811454e-02 -8.102982e-04
7.897995e+00 -8.051827e-03 5.269695e-02 -5.283014e-03 -1.147995e-01 -1.754077e-02 -1.018766e-03
8.487997e+00 -2.056122e-02 7.978309e-03 -2.138468e-03 -6.129067e-02 -1.579546e-01 -1.161557e-02
4.771707e+00 -9.699470e-01 3.523951e-02 4.092435e-02 -1.099127e-03 -3.025283e-02 -6.192398e-04
8.987220e+00 1.188032e-01 -3.051872e-01 -3.583474e-02 3.929181e-02 1.529550e-02 2.380065e-03
4.494957e+00 5.268219e-01 3.701625e-01 8.998307e-03 -2.106677e-02 2.998260e-02 4.533581e-04
9.478700e-01 2.013978e-01 -8.056005e-01 -1.811048e-01 3.097916e-02 7.744701e-03 -5.995875e-04
8.235575e+00 8.957560e-03 1.468989e-01 -2.004096e-02 -7.610979e-02 4.641002e-03 -2.793567e-03
9.791180e+00 5.541171e-01 5.559779e-01 -6.074004e-02 -2.164288e-02 2.157044e-02 -5.467661e-04
8.470531e+00 1.034709e-01 -7.001654e-02 4.666389e-03 3.933306e-02 5.812666e-02 -1.049161e-03
3.787156e+00 4.501192e-01 6.240684e-01 2.093870e-02 -2.842584e-02 2.050259e-02 4.933454e-04
6.613067e+00 3.937580e-01 -2.846884e-01 7.955718e-02 2.345756e-02 3.244461e-02 -3.695635e-05
9.304692e+00 -6.445579e-01 5.869841e-01 1.603064e-02 -1.879950e-02 -2.064343e-02 -8.977371e-04
5.238811e+00 2.278484e-02 -1.457185e-02 -4.377923e-03 8.266633e-02 1.292587e-01 -3.654717e-03
3.511584e+00 3.171344e-01 -8.743232e-02 8.024959e-03 1.169305e-02 4.241303e-02 2.355865e-03
5.391599e+00 -2.796017e-01 -5.942305e-03 6.669506e-02 9.957972e-04 -4.685497e-02 2.595879e-03
6.334513e+00 2.382167e-01 4.162685e-01 3.217925e-02 -3.704403e-02 2.119908e-02 -2.833156e-03
6.893311e+00 5.893171e-04 -4.533233e-01 2.489756e-02 3.868954e-02 5.029612e-05 -7.387328e-04
9.654521e+00 3.135070e-01 5.342558e-01 -3.655692e-02 -3.047119e-02 1.788082e-02 -7.787153e-04
4.331031e+00 -5.256451e-02 -1.554811e-01 2.135320e-04 5.580908e-02 -1.886774e-02 -2.062409e-03
7.183419e+00 -2.385984e-01 2.712029e-01 7.170953e-02 -3.542079e-02 -3.116244e-02 -2.085636e-04
1.368594e+00 -1.130830e-01 -7.433205e-01 -2.020427e-02 3.496541e-02 -5.319366e-03 -4.546853e-03
3.401995e+00 5.687404e-01 3.199219e-01 -2.451346e-02 -1.678258e-02 2.983519e-02 1.320205e-03
1.796447e+00 4.834218e-01 -6.875965e-01 -8.525071e-03 2.176260e-02 1.530042e-02 2.992844e-03
5.135712e+00 5.275773e-01 4.724797e-01 9.977377e-02 -2.170645e-02 2.423772e-02 -2.966809e-04
3.732281e+00 8.649718e-02 2.038446e-01 1.658535e-02 -5.494313e-02 2.331396e-02 7.930880e-04
4.033274e+00 1.206753e-01 -4.197641e-01 3.415742e-03 3.815576e-02 1.096915e-02 -9.796038e-04
9.005740e+00 -7.458879e-01 -2.252042e-01 1.678593e-02 8.202864e-03 -2.716831e-02 1.702186e-03
4.351124e+00 4.802763e-01 2.950003e-01 -6.812614e-02 -1.848787e-02 3.009924e-02 -1.345198e-03
5.623462e+00 2.296677e-01 -1.392913e-01 7.398542e-03 2.449764e-02 4.039245e-02 -2.177842e-03
2.966063e+00 -4.263903e-01 2.437013e-01 2.862115e-04 -2.170906e-02 -3.798310e-02 -1.383306e-03
3.168329e+00 7.674145e-01 4.662246e-01 2.385005e-02 -1.656925e-02 2.727330e-02 9.022354e-04
8.891785e+00 -3.859655e-01 2.719593e-01 4.972592e-02 -2.410811e-02 -3.421432e-02 3.025738e-04
3.769798e+00 3.890563e-01 2.655493e-01 4.683198e-02 -2.043250e-02 2.993566e-02 -7.034589e-06
3.872541e+00 7.734833e-01 -4.298520e-01 -1.051000e-01 1.583218e-02 2.848870e-02 1.436246e-03
1.785655e+00 -1.862645e-01 -5.272757e-01 1.063950e-01 3.197647e-02 -1.129595e-02 2.824600e-04
3.437593e+00 -4.165708e-01 6.061708e-01 -3.337998e-02 -2.792685e-02 -1.919180e-02 8.173755e-04
7.645217e+00 4.650816e-01 4.852212e-01 1.099952e-04 -2.198762e-02 2.107500e-02 9.200823e-04
7.804050e+00 -6.900969e-01 4.118209e-01 7.474477e-02 -1.702633e-02 -2.853138e-02 -1.574507e-03
5.437037e-01 1.494292e-01 2.983195e-01 -5.359898e-02 -3.994978e-02 2.001098e-02 3.531899e-03
2.122037e+00 -1.141342e-01 -1.079376e-01 -1.677721e-02 4.934148e-02 -5.217416e-02 2.484619e-03
2.956745e+00 -3.217658e-01 -3.850456e-01 -1.359652e-02 2.578300e-02 -2.154573e-02 -1.298339e-03
7.404494e+00 4.444874e-01 -2.396576e-01 -7.186401e-02 2.019718e-02 3.745924e-02 6.111887e-04
6.840928e+00 3.842574e-01 3.106750e-01 3.212230e-03 -2.552864e-02 3.157502e-02 7.853719e-04
6.370407e+00 -4.963807e-01 1.592245e-01 -6.523938e-02 -1.224820e-02 -3.818362e-02 -9.237774e-04
4.520282e+00 8.394173e-01 4.150669e-01 3.840583e-02 -1.258417e-02 2.544979e-02 1.693594e-03
9.139343e+00 2.143735e-02 2.025437e-02 2.655859e-03 -1.157091e-01 1.224672e-01 1.074173e-04
4.321120e+00 -8.154976e-01 2.138330e-01 -9.697856e-03 -7.529492e-03 -2.871531e-02 -1.822568e-05
1.159433e+00 -2.234978e-01 -2.610398e-01 1.664658e-02 3.553412e-02 -3.042371e-02 -3.065138e-03
4.523388e+00 -6.937941e-01 5.983925e-01 -5.968817e-02 -1.684754e-02 -1.953354e-02 -2.677440e-03
7.221573e+00 -1.453358e-02 3.604767e-01 8.642597e-02 -4.672001e-02 -1.883642e-03 -1.838718e-03
3.296572e+00 4.255298e-01 -6.780424e-01 4.097530e-02 2.571891e-02 1.614082e-02 9.600586e-04
6.200067e+00 -6.536969e-01 3.018690e-01 3.127903e-02 -1.420957e-02 -3.077080e-02 -4.691975e-03
3.055213e+00 1.491734e-01 9.468022e-01 4.233329e-02 -2.831586e-02 4.461306e-03 1.514778e-03
5.746594e+00 2.686150e-01 2.850926e-01 3.704033e-02 -3.418520e-02 3.220939e-02 2.097253e-03
3.291794e+00 8.469097e-01 -1.158595e-01 1.826594e-01 3.925891e-03 2.869748e-02 2.093353e-03
5.493046e+00 -3.047030e-01 4.151965e-01 -2.232364e-02 -3.403508e-02 -2.497755e-02 -1.998039e-03
2.280178e+00 -7.460649e-02 -1.908025e-01 1.986390e-02 5.316129e-02 -2.078682e-02 2.282548e-03
8.257287e-01 -1.525539e-02 -6.569959e-01 -9.755735e-02 3.037790e-02 -7.053724e-04 4.133259e-04
3.626205e+00 5.561321e-02 6.038639e-01 8.305107e-02 -3.779795e-02 3.481025e-03 -2.447277e-03
6.930750e+00 3.673205e-01 2.816602e-01 1.178513e-02 -2.284723e-02 2.979567e-02 2.546978e-03
2.669872e+00 7.832860e-01 -4.756573e-01 5.593650e-02 1.652850e-02 2.721821e-02 -9.984718e-05
9.131760e+00 3.578842e-01 -5.330229e-01 -2.098781e-02 2.709924e-02 1.819507e-02 1.165500e-03
7.773004e+00 -1.785300e-01 -7.127995e-02 9.533673e-03 2.559988e-02 -6.411827e-02 -1.305106e-03
3.040272e+00 9.037027e-02 1.110561e-02 -1.886960e-02 -1.009184e-02 8.212091e-02 -1.316846e-03
5.399786e-01 -5.431883e-01 -1.102511e-01 1.642738e-02 7.426156e-03 -3.658740e-02 8.703241e-04
5.282828e+00 -3.415765e-02 -2.787049e-02 1.082500e-02 8.162854e-02 -1.000427e-01 -1.546942e-03
7.099907e+00 -1.077833e-01 -1.522858e-01 2.669289e-03 5.428719e-02 -3.842282e-02 -2.132307e-03
5.956575e+00 -3.066518e-01 1.642730e-01 -1.941728e-02 -2.264029e-02 -4.226310e-02 7.617596e-04
7.429195e+00 -1.890287e-01 -7.102496e-02 1.801537e-02 1.945389e-02 -5.177537e-02 2.692101e-03
9.009567e+00 -1.068782e-01 -6.616758e-01 6.484468e-02 3.280766e-02 -5.299310e-03 -1.460764e-03
4.861317e+00 1.288923e-01 9.477408e-01 -3.486071e-02 -3.134030e-02 4.262267e-03 9.300835e-04
9.234815e+00 5.165671e-01 3.159968e-02 -1.299857e-01 -2.242749e-03 3.666272e-02 1.595936e-03
3.437665e+00 -2.491721e-02 6.345262e-02 4.382089e-03 -9.652209e-02 -3.790325e-02 -3.857557e-03
7.199463e+00 3.648936e-01 2.055386e-01 2.854008e-02 -2.278390e-02 4.044836e-02 3.746765e-03
5.564454e+00 -3.229008e-01 1.090267e-01 3.435229e-02 -1.659079e-02 -4.913642e-02 -3.095223e-03
3.453446e+00 9.104933e-03 3.278245e-03 6.139023e-05 -8.727775e-02 2.424035e-01 8.652732e-03
9.618394e+00 2.834451e-02 1.808943e-02 2.653365e-03 -8.333824e-02 1.305835e-01 2.773675e-04
4.975854e+00 -2.498845e-01 -4.022319e-01 3.854493e-02 3.729727e-02 -2.317074e-02 -9.418129e-04
1.084301e+00 -5.981584e-01 4.349174e-02 4.216539e-02 -2.804815e-03 -3.857568e-02 -9.323159e-04
1.759346e+00 1.562295e-01 4.228377e-01 4.798930e-02 -3.697269e-02 1.366062e-02 -7.127432e-04
2.641055e+00 -2.219314e-01 6.639320e-01 3.056730e-02 -3.041901e-02 -1.016811e-02 9.133353e-05
6.945307e+00 -1.143568e-01 5.776541e-01 -1.210399e-01 -3.024126e-02 -5.986789e-03 -3.574418e-03
2.360368e+00 -1.509631e-01 3.476933e-01 4.037701e-02 -3.931413e-02 -1.706959e-02 2.769928e-03
5.159680e+00 1.662609e-02 -2.895397e-01 -8.970069e-03 5.572339e-02 3.199776e-03 4.651117e-04
5.946977e+00 -7.356162e-01 -8.234563e-02 -1.946678e-02 3.518142e-03 -3.142854e-02 1.071939e-03
3.134866e+00 -7.736887e-01 -1.434058e-01 1.617725e-02 5.385700e-03 -2.905639e-02 -1.320575e-03
3.979259e+00 -5.154505e-01 -3.797506e-01 2.214864e-02 2.012412e-02 -2.731526e-02 -1.832073e-03
9.720619e+00 -3.017433e-01 -2.034948e-01 3.023231e-02 2.676518e-02 -3.968757e-02 3.593692e-03
7.628180e+00 -4.228783e-02 -3.407874e-01 -2.367130e-02 4.768492e-02 -5.917156e-03 -1.496353e-04
7.942433e+00 -5.153429e-02 -4.931617e-01 -3.550538e-02 3.403413e-02 -3.556490e-03 1.816811e-03
2.826104e+00 -3.248892e-01 -1.649439e-01 -4.789100e-02 2.299038e-02 -4.528403e-02 -1.787502e-03
6.038569e+00 2.751382e-01 -1.507548e-01 -1.338292e-02 2.240959e-02 4.089909e-02 3.422862e-03
7.597221e+00 6.761384e-02 2.143338e-02 -5.079409e-03 -3.406129e-02 1.074499e-01 6.354651e-05
5.985926e+00 -2.901177e-01 -2.959113e-01 4.961668e-02 3.149936e-02 -3.088264e-02 2.217001e-03
9.588546e+00 -8.376400e-03 1.028661e-01 -9.235475e-03 -7.453713e-02 -6.069568e-03 -4.929068e-03
9.915155e+00 6.645385e-01 -5.132462e-01 8.446379e-02 1.887133e-02 2.443414e-02 -7.500636e-04
1.311659e+00 2.146974e-01 -4.960953e-01 1.699794e-02 3.454037e-02 1.494819e-02 -3.592972e-04
7.932049e-01 9.633076e-01 1.695954e-01 1.221523e-01 -4.287924e-03 2.435556e-02 -3.668757e-05
7.297378e+00 6.432017e-01 2.264720e-01 2.645271e-03 -9.956232e-03 2.827663e-02 -2.792621e-04
9.471036e+00 -2.983628e-01 -8.176261e-01 -1.163201e-01 2.429503e-02 -8.865584e-03 1.844591e-03
1.108270e+00 -1.633555e-02 -7.781946e-03 -2.620585e-04 8.295841e-02 -1.741430e-01 -8.912426e-03
3.888582e+00 1.232798e-02 8.407880e-03 6.433767e-04 -1.157060e-01 1.696528e-01 9.717286e-03
2.424193e+00 -4.941485e-01 5.303106e-01 1.477809e-01 -2.613090e-02 -2.434903e-02 -3.820731e-05
8.133016e+00 2.818351e-01 6.640590e-01 -7.667243e-02 -2.867056e-02 1.216815e-02 1.992484e-03
7.403464e+00 -6.982284e-01 9.112432e-02 9.057441e-02 -4.638617e-03 -3.554281e-02 -4.443200e-03
3.794200e+00 -4.677647e-03 2.041780e-01 -7.675337e-03 -5.841989e-02 -1.338380e-03 -5.414959e-04
8.565460e+00 -7.217138e-02 -1.433526e-01 -1.577013e-02 5.532900e-02 -2.785559e-02 -3.930680e-03
9.701310e+00 1.098235e-01 1.619970e-01 -2.794593e-02 -5.634318e-02 3.819705e-02 5.134525e-03
5.653333e+00 -1.146680e-02 -3.256646e-04 9.481070e-04 8.026309e-03 -2.826100e-01 -1.653654e-02
5.907195e+00 6.451377e-03 -2.665827e-01 2.345634e-02 5.074021e-02 1.227928e-03 3.182460e-03
2.935947e+00 -6.637187e-01 -4.007203e-02 -1.681702e-02 2.090209e-03 -3.462043e-02 -8.415323e-04
7.508570e+00 -1.571814e-01 1.548915e-01 -1.306418e-02 -4.357297e-02 -4.421716e-02 -1.936275e-03
2.204178e+00 6.124867e-01 4.968166e-01 -4.246622e-02 -2.152259e-02 2.653354e-02 -1.091234e-03
5.259103e+00 -4.415515e-01 -6.831785e-01 1.122410e-02 2.217350e-02 -1.433116e-02 -1.560398e-03
3.486682e+00 -5.995786e-03 4.367628e-01 -3.442495e-03 -4.026707e-02 -5.527778e-04 -1.104859e-03
9.083500e+00 -9.880920e-02 3.981848e-01 7.942185e-02 -4.342852e-02 -1.077675e-02 -1.025143e-03
3.625253e+00 -2.825208e-01 -2.158316e-01 4.310536e-02 3.125636e-02 -4.091419e-02 -8.116236e-05
1.653267e+00 4.924677e-01 3.381550e-01 -8.449389e-02 -1.935808e-02 2.819189e-02 8.966107e-04
6.867575e-01 -7.276370e-02 -3.547049e-01 4.722079e-02 4.593776e-02 -9.423613e-03 -8.529549e-04
8.320686e+00 2.450386e-01 8.575875e-01 1.446805e-01 -2.862234e-02 8.178266e-03 -1.382681e-03
9.285810e+00 -1.261487e-01 2.304337e-02 8.525480e-03 -1.210805e-02 -6.628433e-02 -1.765396e-03
6.815523e+00 -1.616728e-01 -6.847886e-01 -1.904496e-02 3.546062e-02 -8.371955e-03 6.507895e-04
5.773215e+00 -1.192044e-02 2.897096e-01 2.842418e-03 -5.565135e-02 -2.289841e-03 7.412158e-04
3.583954e+00 2.330295e-01 9.420719e-01 -1.644312e-03 -2.371214e-02 5.865400e-03 2.175760e-03
7.092831e-01 -5.333812e-01 4.854111e-01 7.040260e-02 -1.982553e-02 -2.178477e-02 -8.704500e-04
9.854024e+00 1.103057e-01 3.049894e-01 -6.436604e-02 -4.266085e-02 1.542918e-02 2.863313e-03
9.015870e+00 -1.816624e-01 -1.983355e-01 -2.196056e-02 4.041617e-02 -3.701859e-02 4.145511e-03
2.449827e+00 7.162073e-01 -1.535639e-02 1.116096e-01 6.026243e-04 2.810581e-02 -4.521235e-04
3.195939e+00 -3.709413e-01 -4.217360e-01 -9.233875e-02 2.837071e-02 -2.495369e-02 4.189292e-04
6.883097e+00 -2.827244e-01 -2.749850e-01 3.237566e-02 2.772686e-02 -2.850723e-02 1.792085e-03
4.193194e+00 -6.898662e-01 1.416086e-02 6.984231e-04 -6.755786e-04 -3.291176e-02 -2.901670e-04
9.830935e+00 -6.327929e-01 -2.602299e-01 -7.256424e-02 1.134772e-02 -2.759389e-02 -9.703960e-04
8.736981e+00 -1.804864e-01 6.782621e-01 2.846642e-02 -3.253151e-02 -8.656677e-03 -6.748578e-04
9.774726e+00 -7.310394e-01 -2.637642e-01 -6.765212e-04 1.146212e-02 -3.176799e-02 3.494731e-03
1.036415e+00 -3.147698e-01 6.253155e-01 1.359271e-01 -2.565870e-02 -1.291601e-02 1.169167e-03
6.784553e+00 -1.337962e-01 3.621906e-02 -2.067187e-02 -1.789153e-02 -6.609276e-02 -2.871857e-04
1.179957e+00 -5.936385e-01 2.110731e-01 -1.461966e-01 -1.078209e-02 -3.032438e-02 1.017589e-03
5.412554e+00 -4.153980e-02 -4.514530e-01 -3.524336e-02 4.460892e-02 -4.104626e-03 -3.463226e-03
4.501240e+00 -5.503962e-02 4.181411e-01 -4.869994e-02 -4.353544e-02 -5.730540e-03 5.858515e-03
5.220881e+00 8.990471e-01 -4.199232e-01 1.120519e-01 1.100417e-02 2.355971e-02 -8.984178e-04
7.883857e+00 -2.202899e-01 5.073287e-01 -8.142134e-02 -3.019847e-02 -1.311264e-02 -2.169142e-03
4.086956e+00 -6.134800e-02 4.295256e-02 9.591924e-04 -5.632611e-02 -8.044909e-02 -1.307351e-03
7.540285e+00 -1.407481e-01 7.086148e-01 1.241421e-01 -2.936439e-02 -5.832483e-03 3.486693e-04
5.970161e+00 5.895580e-03 -1.942618e-01 -4.962761e-03 6.752523e-02 2.049299e-03 -4.381489e-03
2.845699e+00 2.188710e-01 -1.862230e-01 5.608232e-03 3.144243e-02 3.695482e-02 -2.703945e-03
6.955341e+00 -3.705670e-01 7.546342e-01 -1.290989e-01 -2.844997e-02 -1.397050e-02 -2.267898e-05
6.234663e+00 -1.203340e-02 -5.667461e-02 6.298799e-03 1.027582e-01 -2.181807e-02 -2.737745e-03
2.082086e+00 -2.858844e-01 -7.650019e-01 7.599865e-02 3.160779e-02 -1.181196e-02 1.693876e-03
2.559778e+00 5.887103e-01 -4.670525e-01 7.303815e-02 1.713294e-02 2.159572e-02 6.242103e-04
9.821113e+00 -1.646362e-01 -1.766383e-01 -2.367004e-02 4.242690e-02 -3.954410e-02 -7.441042e-05
8.984442e+00 -6.922180e-03 -1.039051e-03 -1.316084e-03 5.073874e-02 -3.380225e-01 -3.405217e-04
8.113444e+00 -4.320774e-01 8.335812e-01 -2.635760e-02 -2.436388e-02 -1.262875e-02 3.358444e-03
1.906801e+00 7.841520e-01 9.181333e-02 -7.009444e-02 -3.623087e-03 3.094377e-02 1.649433e-03
6.696192e+00 6.181109e-02 -9.671320e-02 1.084524e-02 7.393815e-02 4.725515e-02 1.261775e-03
9.220169e+00 -3.825602e-01 8.158356e-01 -2.930112e-02 -2.701015e-02 -1.266555e-02 6.995960e-04
5.826897e+00 1.641647e-01 1.134814e-01 1.562623e-04 -3.424433e-02 4.953859e-02 -2.982116e-03
6.427462e+00 1.318892e-01 6.453822e-01 -3.531316e-02 -3.010632e-02 6.152475e-03 -4.141286e-03
4.716410e+00 -7.086721e-01 6.086635e-01 -4.439338e-02 -2.043188e-02 -2.378901e-02 1.033973e-03
4.564792e+00 -3.796235e-01 7.008087e-01 2.649127e-02 -3.047876e-02 -1.651014e-02 8.460355e-04
8.465473e+00 -3.413990e-01 1.170026e-01 1.750050e-02 -1.606815e-02 -4.688483e-02 8.877734e-04
3.108043e+00 -4.726105e-01 -1.467621e-01 2.295708e-02 1.146232e-02 -3.691153e-02 1.359851e-03
6.119624e+00 -2.851869e-01 -4.734144e-01 2.845538e-02 3.020952e-02 -1.819835e-02 -2.095023e-04
7.076451e+00 -7.021095e-02 -5.884616e-01 1.380598e-02 3.425100e-02 -4.086579e-03 3.369381e-05
9.545850e+00 -4.261179e-01 5.300821e-02 -7.470463e-03 -4.744571e-03 -3.814025e-02 3.489798e-04
6.373605e+00 -1.196049e-01 -7.757350e-01 5.171130e-03 3.000110e-02 -4.625649e-03 1.557593e-03
7.747895e+00 -6.812654e-02 -3.491917e-01 4.785097e-02 4.919597e-02 -9.598025e-03 -2.569929e-03
3.484109e+00 8.948609e-02 7.162693e-03 -9.740759e-03 -7.376728e-03 9.216010e-02 -2.294127e-03
8.662527e+00 -4.467523e-01 -6.268216e-01 6.794210e-02 2.382817e-02 -1.698296e-02 -6.963856e-04
9.858279e+00 -3.593830e-01 -1.114006e-02 -4.640079e-02 1.514351e-03 -4.885358e-02 -1.952423e-03
2.683872e+00 1.425877e-02 6.819300e-02 8.200233e-03 -1.002330e-01 2.095815e-02 3.288239e-03
6.112838e+00 -1.404588e-01 -2.014608e-01 3.262182e-02 3.988920e-02 -2.781081e-02 -1.675859e-03
7.880485e+00 4.182155e-02 -4.809476e-02 2.757783e-04 9.250381e-02 8.043815e-02 -7.983562e-03
6.607053e+00 2.493420e-01 -9.517592e-01 -8.537109e-03 2.965539e-02 7.769123e-03 -1.076807e-03
5.242573e+00 7.871623e-01 2.819241e-01 -7.518200e-03 -1.076694e-02 3.006244e-02 3.616735e-04
4.586422e+00 6.147135e-01 -5.040562e-01 1.048055e-01 2.074289e-02 2.529665e-02 -1.254583e-03
2.450456e+00 -7.127868e-01 5.240192e-01 5.626009e-02 -1.570757e-02 -2.136591e-02 6.804953e-04
7.998704e+00 9.831938e-02 -4.999077e-02 1.396714e-02 4.166465e-02 8.194398e-02 2.680426e-03
7.680889e+00 -4.685695e-02 1.289963e-01 -1.387651e-02 -6.700717e-02 -2.433986e-02 -6.623537e-03
8.690816e+00 1.560954e-03 6.414126e-02 1.087401e-02 -9.612484e-02 2.339312e-03 9.096337e-03
4.129617e+00 -2.140166e-01 1.968545e-01 -3.987164e-02 -3.773318e-02 -4.102282e-02 3.449908e-04
9.341607e+00 2.736272e-01 3.548499e-01 -4.797125e-02 -3.339931e-02 2.575443e-02 3.089050e-04
4.130791e+00 -6.839888e-02 2.386211e-02 4.713240e-03 -3.633946e-02 -1.041642e-01 8.760697e-03
8.897241e-01 -8.750003e-01 -4.619125e-01 -1.294188e-01 1.333887e-02 -2.526780e-02 1.227349e-03
7.322050e+00 -5.241211e-01 4.128447e-01 -4.606808e-02 -1.966813e-02 -2.496939e-02 -1.385604e-03
8.365459e+00 3.562838e-01 -4.266381e-01 7.922439e-02 3.063119e-02 2.557998e-02 1.896600e-03
6.068169e+00 4.398081e-01 2.432788e-01 -4.768838e-02 -1.718320e-02 3.106441e-02 -6.830464e-04
7.868059e+00 -3.496918e-01 7.934607e-01 -4.785427e-02 -2.970695e-02 -1.309236e-02 1.300962e-03
3.577415e+00 1.265712e-01 -6.569844e-01 -6.794819e-03 3.530763e-02 6.802184e-03 2.707890e-03
2.284407e+00 5.749251e-01 2.743619e-01 -7.741469e-02 -1.637713e-02 3.431826e-02 -1.794773e-03
4.007487e+00 1.935235e-02 4.359147e-01 4.254695e-02 -4.647097e-02 2.063069e-03 1.988909e-03
3.787730e+00 -2.870684e-01 -4.157495e-01 6.540388e-02 3.004081e-02 -2.074270e-02 -1.779322e-03
4.415078e+00 8.625587e-01 -1.312498e-01 1.006866e-01 4.391561e-03 2.886083e-02 -6.628920e-04
8.427678e+00 3.908769e-01 4.823129e-01 3.590166e-02 -2.544445e-02 2.062073e-02 3.552303e-04
2.617347e+00 8.978940e-01 2.818355e-01 4.654698e-02 -7.512795e-03 2.393486e-02 1.206562e-03
8.776341e+00 -7.049994e-02 -6.512019e-02 2.698145e-03 6.093218e-02 -6.596595e-02 3.142249e-03
5.157728e+00 -8.836259e-03 -1.147946e-01 -1.567923e-02 8.189121e-02 -6.303538e-03 3.342970e-03
8.280754e+00 6.915188e-01 -4.722554e-01 1.660833e-01 1.776571e-02 2.601414e-02 -3.669308e-04
9.684534e+00 -3.777453e-01 -5.193092e-02 4.125313e-02 5.891717e-03 -4.285633e-02 -2.792569e-05
7.197609e+00 2.959054e-01 -1.782272e-01 -3.083614e-02 2.466992e-02 4.095875e-02 -9.026330e-04
7.283383e+00 -4.631428e-01 2.583268e-01 7.039667e-02 -1.863373e-02 -3.340759e-02 5.047605e-04
2.100859e+00 2.696950e-02 -1.116716e-01 -4.431069e-03 8.533986e-02 2.061019e-02 3.134674e-03
7.597069e+00 1.269957e-01 1.335490e-01 -2.144024e-02 -4.064935e-02 3.865466e-02 -8.237194e-04
5.488534e+00 -4.659790e-01 -4.641003e-01 -2.504681e-02 2.624994e-02 -2.635620e-02 -2.896383e-03
8.054006e+00 -1.351236e-01 4.151458e-01 6.533013e-02 -3.850263e-02 -1.253202e-02 -1.207279e-03
4.863009e+00 1.069216e-01 -7.485822e-01 4.973386e-02 2.977514e-02 4.252847e-03 -3.028362e-03
8.292582e+00 6.249829e-01 1.023143e-01 -1.308022e-02 -6.229595e-03 3.805324e-02 -2.925441e-04
7.493317e+00 -4.223753e-01 7.925912e-01 1.019043e-01 -2.707432e-02 -1.442802e-02 8.109522e-04
7.530506e+00 -3.591771e-01 7.578780e-01 1.376380e-02 -2.730331e-02 -1.293971e-02 -1.563678e-03
9.985337e+00 -5.966189e-01 -3.670758e-01 5.044437e-03 1.734536e-02 -2.819191e-02 -1.875845e-04
4.004678e+00 -3.611553e-01 -1.637994e-01 5.970884e-02 1.641985e-02 -3.620353e-02 1.430486e-03
2.193697e+00 -5.822384e-01 1.537202e-01 5.872677e-02 -8.660558e-03 -3.280317e-02 3.736164e-04
7.819642e+00 1.383161e-01 -4.496068e-02 -1.777532e-02 2.327332e-02 7.159758e-02 -8.773117e-04
3.199295e+00 -1.286402e-01 -6.787017e-03 -7.035487e-03 3.929468e-03 -7.447860e-02 1.696856e-03
7.850642e+00 -3.234858e-01 -2.799549e-01 5.074959e-03 2.935383e-02 -3.391813e-02 3.961908e-03
3.336846e+00 3.009797e-02 -8.371508e-02 -1.670393e-02 7.570011e-02 2.721636e-02 4.500240e-03
7.408709e+00 -9.005836e-01 3.396510e-02 1.643646e-01 -1.002437e-03 -2.657960e-02 6.510494e-04
6.180758e+00 1.547182e-01 6.660409e-02 -7.260846e-03 -2.425265e-02 5.633779e-02 1.982783e-03
2.755145e+00 2.523940e-01 6.614316e-01 4.668759e-02 -2.878307e-02 1.098326e-02 -4.098906e-04
5.390981e+00 -5.428820e-01 -1.595161e-01 4.265441e-02 9.454656e-03 -3.217708e-02 1.540241e-03
6.759605e+00 -5.970774e-01 5.415628e-01 -1.813161e-02 -2.084324e-02 -2.297985e-02 7.758491e-04
8.803492e+00 2.068757e-03 9.145565e-03 2.551127e-04 -3.026650e-01 6.846381e-02 2.099408e-02
3.402687e+00 6.094004e-03 -2.503858e-02 9.355520e-05 1.562724e-01 3.803428e-02 1.018286e-02
4.633821e+00 -6.349353e-01 5.218011e-01 -3.669514e-02 -1.688847e-02 -2.055014e-02 -1.588461e-03
5.444434e+00 2.510113e-01 -2.773842e-01 -4.991405e-02 3.684591e-02 3.334271e-02 2.437414e-03
1.448153e+00 -5.519389e-02 -2.443458e-01 -1.826636e-02 5.252157e-02 -1.186380e-02 4.987795e-03
2.643536e+00 7.319035e-01 -3.540555e-01 -4.093827e-02 1.354558e-02 2.800141e-02 -3.011946e-04
6.898578e+00 1.076198e-01 -6.432023e-02 -3.748271e-03 3.909367e-02 6.541104e-02 -6.914261e-03
4.750998e+00 -3.479299e-01 -4.860717e-01 -7.069906e-02 2.778589e-02 -1.988913e-02 1.490539e-03
7.773553e+00 5.245518e-01 7.703192e-02 -2.772702e-02 -5.857985e-03 3.989017e-02 -1.601517e-03
5.629905e+00 2.533645e-01 -7.955966e-01 1.231837e-02 2.835178e-02 9.028867e-03 2.876912e-03
9.781880e+00 -1.448895e-01 -1.420096e-01 -6.250314e-03 3.945057e-02 -4.025062e-02 -7.758414e-04
1.006623e+00 2.252855e-01 4.326047e-01 3.070931e-02 -3.532907e-02 1.839815e-02 1.619363e-04
4.957289e+00 2.219765e-01 4.621567e-01 1.049412e-01 -3.375598e-02 1.621319e-02 -2.898179e-04
2.746431e+00 -5.071145e-01 -2.827682e-01 -4.467681e-02 1.770356e-02 -3.174944e-02 6.386724e-05
2.542715e+00 -6.144926e-01 -7.621032e-01 -1.927729e-01 1.897907e-02 -1.530304e-02 -6.927072e-04
3.815871e+00 3.178631e-01 6.203524e-02 -5.683793e-03 -9.225689e-03 4.727161e-02 2.266912e-03
5.805040e+00 2.049906e-01 9.607605e-02 -1.668370e-02 -2.721148e-02 5.805919e-02 1.094793e-03
8.498065e+00 -3.613263e-01 6.822450e-01 -5.659472e-02 -2.596652e-02 -1.375223e-02 3.151016e-03
6.503016e+00 2.585982e-01 -1.455478e-01 -1.261139e-02 2.154228e-02 3.827468e-02 -1.525099e-03
7.086644e+00 -4.636546e-01 -4.996301e-02 -8.579398e-02 3.764838e-03 -3.493754e-02 -1.456277e-04
5.592090e+00 7.491902e-01 4.648399e-01 1.295523e-01 -1.428220e-02 2.301885e-02 5.725773e-05
3.624521e+00 -5.518135e-01 -3.408003e-01 -6.883271e-02 1.737809e-02 -2.813808e-02 -5.361654e-04
5.635051e+00 3.344739e-01 7.417813e-01 3.088161e-02 -2.615657e-02 1.179416e-02 -2.129830e-03
8.273639e+00 -2.212009e-01 7.535710e-01 4.038246e-02 -3.174301e-02 -9.317746e-03 5.370283e-04
7.247195e-01 1.713058e-02 3.798743e-01 6.688701e-02 -4.362704e-02 1.967378e-03 -3.184625e-04
8.752173e+00 -7.017930e-01 1.572450e-01 9.493920e-02 -6.423846e-03 -2.866998e-02 -1.355181e-03
1.039841e+00 1.505867e-01 -2.213070e-01 3.596288e-03 4.549004e-02 3.095338e-02 -1.613825e-04
7.073264e+00 1.734683e-01 -4.142077e-01 -4.130513e-02 3.322312e-02 1.391369e-02 1.133475e-03
3.169870e+00 -1.728601e-01 5.630065e-01 -1.082458e-01 -3.465619e-02 -1.064051e-02 -2.444634e-03
5.451305e+00 1.114732e-01 1.867814e-01 -3.881104e-02 -5.548283e-02 3.311277e-02 -1.892447e-03
4.685891e+00 -7.184439e-01 1.511629e-01 1.335483e-02 -5.907081e-03 -2.807506e-02 -1.324928e-03
6.045339e+00 2.661018e-01 5.190534e-01 -1.108604e-02 -3.536287e-02 1.812939e-02 2.174606e-03
1.551462e+00 -5.280751e-01 -4.723526e-01 4.541703e-02 2.211393e-02 -2.472266e-02 3.505740e-04
8.253088e+00 -1.014037e-01 -3.255636e-01 -4.188942e-02 3.960966e-02 -1.233728e-02 5.988884e-04
9.141985e+00 4.971694e-02 -5.891552e-02 6.570305e-03 7.708385e-02 6.504862e-02 3.696766e-03
9.202302e+00 -2.909883e-03 -1.549911e-02 -1.662054e-03 1.965118e-01 -3.689415e-02 9.048821e-03
3.045511e+00 -2.556388e-02 5.035299e-01 -2.257286e-02 -3.508224e-02 -1.781103e-03 -1.948921e-03
1.900552e+00 1.539442e-01 -2.307963e-01 3.220128e-02 4.354660e-02 2.904617e-02 6.913554e-04
2.727492e+00 -3.762855e-03 8.481595e-01 -9.117086e-03 -3.103362e-02 -1.376805e-04 -2.091514e-03
8.882964e+00 6.754998e-03 5.164091e-02 -4.051007e-03 -1.297387e-01 1.697075e-02 6.090617e-03
4.245201e+00 -2.661690e-02 9.268881e-02 -3.495842e-03 -9.310606e-02 -2.673671e-02 -3.879860e-03
1.760698e+00 -2.147616e-01 4.205598e-01 -4.782866e-02 -3.431531e-02 -1.752334e-02 -4.968946e-04
1.669908e+00 -7.525809e-02 1.609982e-02 -3.368047e-03 -2.154577e-02 -1.007150e-01 3.964030e-03
4.559815e+00 -1.735638e-01 -4.763506e-01 9.909959e-02 3.639072e-02 -1.325938e-02 -2.819140e-03
7.968706e+00 -3.057693e-01 -3.409509e-01 6.805943e-03 2.727825e-02 -2.446349e-02 9.672546e-04
7.267651e+00 -6.412218e-01 -5.474419e-01 1.352920e-03 1.681541e-02 -1.969599e-02 2.531021e-03
2.390413e+00 3.186048e-01 -6.391214e-03 1.213998e-02 9.734874e-04 4.852877e-02 2.911439e-03
9.411663e+00 -1.529667e-01 -9.010636e-02 -8.163759e-04 3.240704e-02 -5.501496e-02 2.246599e-03
5.544982e+00 9.429497e-02 -1.585880e-01 -3.274870e-03 6.129030e-02 3.644264e-02 6.376099e-04
1.284428e+00 3.898193e-01 6.018543e-01 -2.914966e-02 -2.685756e-02 1.739556e-02 -5.754734e-05
2.089932e+00 -2.002909e-01 -4.850818e-01 2.379354e-02 3.633838e-02 -1.500416e-02 -1.420218e-04
3.935922e+00 -7.228174e-01 6.116118e-01 -5.044393e-02 -2.012837e-02 -2.378818e-02 5.479772e-04
7.133973e+00 -4.593438e-01 -5.653419e-01 -1.075915e-01 2.584248e-02 -2.099717e-02 -4.115098e-03
6.616403e+00 -3.520042e-01 5.742198e-01 -4.674097e-03 -2.739589e-02 -1.679403e-02 1.270263e-03
2.556621e+00 -5.139129e-01 -3.121943e-01 -1.950129e-03 1.965768e-02 -3.235912e-02 2.421984e-04
1.130024e+00 2.687424e-02 1.673802e-02 -4.808085e-03 -8.995514e-02 1.444303e-01 -1.737168e-02
3.502567e+00 5.849613e-01 -6.169401e-01 -4.309253e-02 1.957862e-02 1.856377e-02 2.548274e-03
6.142821e+00 9.024436e-01 1.943991e-01 -2.740018e-02 -6.018081e-03 2.793726e-02 -7.842527e-04
1.453967e+00 -3.274289e-01 -4.247284e-01 9.060958e-03 3.065769e-02 -2.363443e-02 2.251925e-03
3.659187e+00 -6.980063e-01 -3.538498e-01 -5.286485e-02 1.461713e-02 -2.883384e-02 3.503322e-04
1.846299e+00 -3.036818e-01 -2.833788e-02 -1.208740e-03 4.447801e-03 -4.766469e-02 1.978919e-03
7.039427e-01 -1.519029e-01 -1.718727e-01 1.076627e-02 4.179132e-02 -3.693560e-02 -9.803776e-04
6.192948e+00 6.457079e-01 -4.238402e-01 -8.399941e-03 1.640265e-02 2.498895e-02 2.555226e-03
1.970393e+00 3.266421e-01 -4.861675e-01 -3.680169e-03 2.784800e-02 1.871028e-02 3.666850e-03
6.071493e+00 9.489598e-02 4.534696e-01 5.725077e-03 -3.828181e-02 8.011099e-03 2.528683e-03
3.695207e+00 -4.990189e-01 -4.543532e-01 -8.736378e-02 2.142541e-02 -2.353167e-02 -6.063809e-04
3.302349e+00 -2.216087e-01 1.033283e-01 -2.853432e-02 -2.440493e-02 -5.234138e-02 -7.458961e-03
2.604441e+00 1.059856e-01 -7.642531e-01 1.058676e-01 2.746786e-02 3.809207e-03 2.593170e-04
8.772734e+00 -5.082425e-01 7.806980e-01 5.335961e-02 -2.353479e-02 -1.532139e-02 -1.661853e-03
5.883483e+00 2.070874e-01 2.749145e-02 -7.480941e-03 -8.507683e-03 6.408663e-02 -1.101210e-03
8.975166e+00 5.347735e-01 5.437763e-02 6.545791e-02 -3.337596e-03 3.282339e-02 2.577401e-04
1.215655e+00 -5.164001e-01 6.773836e-01 -1.370995e-02 -2.132995e-02 -1.626078e-02 -9.035795e-04
6.702271e+00 1.022697e-01 2.376995e-02 5.158421e-03 -1.869634e-02 8.044062e-02 -2.684736e-03
6.202613e+00 4.985574e-01 -4.655303e-01 1.693453e-02 1.965267e-02 2.104693e-02 6.463510e-04
7.033981e-01 -1.740186e-01 -4.471947e-01 -2.569374e-02 4.083077e-02 -1.588863e-02 -1.907688e-03
2.110306e+00 -1.099724e-01 3.346127e-03 3.287240e-04 -2.292891e-03 -7.535717e-02 -1.316564e-03
2.504053e+00 4.135172e-01 -1.572642e-01 1.976565e-02 1.269716e-02 3.338647e-02 1.698662e-03
3.481825e+00 4.228474e-03 1.717590e-02 1.383936e-04 -2.133985e-01 5.253583e-02 -2.010214e-02
1.496463e+00 -5.885315e-01 7.990288e-03 -6.049706e-02 -4.902805e-04 -3.611203e-02 6.001448e-04
5.562294e+00 2.139140e-02 -9.299215e-01 9.292977e-02 2.920730e-02 6.718685e-04 6.947549e-04
5.407098e+00 4.197665e-01 1.881655e-01 1.592814e-02 -1.774485e-02 3.958586e-02 -4.766558e-04
6.139246e+00 -1.386912e-02 2.068813e-01 2.946080e-02 -5.390826e-02 -3.613956e-03 -1.583946e-04
5.884746e+00 -6.460954e-01 7.359599e-02 9.240899e-03 -3.383412e-03 -2.970280e-02 -1.330156e-03
4.230709e+00 8.434804e-02 1.689376e-02 -3.969471e-03 -1.643151e-02 8.204012e-02 4.715864e-03
8.367629e+00 -3.526567e-01 1.084411e-01 -5.474638e-02 -1.157874e-02 -3.765473e-02 -1.109685e-03
2.886645e+00 5.654334e-01 -4.086083e-01 2.892917e-06 1.973456e-02 2.730875e-02 -5.479355e-04
5.797007e+00 1.433902e-01 2.752868e-01 1.552910e-02 -3.826671e-02 1.993220e-02 -9.588680e-04
7.029603e+00 -9.620273e-02 -3.995073e-02 -5.966106e-03 3.296622e-02 -7.938379e-02 -1.921021e-03
4.412574e+00 8.975344e-03 -5.673066e-01 1.249838e-02 3.553093e-02 5.621340e-04 7.017391e-04
2.452008e+00 4.521729e-01 -1.868907e-01 2.367590e-02 1.676200e-02 4.055484e-02 -2.086313e-03
9.920471e+00 -6.569649e-01 -3.167374e-01 7.905288e-02 1.556675e-02 -3.228798e-02 4.601327e-04
6.306731e+00 4.957167e-02 7.466219e-03 -3.307321e-03 -1.799248e-02 1.194604e-01 -6.444096e-03
3.118791e+00 2.020295e-01 2.389843e-01 8.195271e-04 -3.618647e-02 3.059085e-02 -4.610943e-04
5.628905e+00 2.086205e-01 3.566645e-01 -1.966423e-03 -3.812531e-02 2.230029e-02 -1.555112e-04
5.347608e+00 5.224949e-01 2.685969e-01 -8.415686e-02 -1.736704e-02 3.378368e-02 1.414770e-03
4.250242e+00 2.118489e-01 4.274650e-01 -1.366435e-02 -3.588708e-02 1.778541e-02 -2.871330e-03
6.108762e+00 4.559286e-01 -4.813433e-01 -4.160905e-02 2.151457e-02 2.037861e-02 1.672323e-03
8.483482e+00 -2.651210e-01 -1.098670e-01 -2.977983e-02 2.002186e-02 -4.831492e-02 4.136551e-03
4.246873e+00 -4.541849e-02 -7.734414e-01 2.626538e-02 3.199104e-02 -1.878597e-03 -8.877264e-04
2.890585e+00 -5.613922e-01 8.776260e-02 -5.232423e-02 -5.323822e-03 -3.405496e-02 -3.198232e-03
2.227188e+00 -2.740113e-01 -6.274836e-02 -3.930956e-02 1.201591e-02 -5.247139e-02 -1.723275e-03
2.366010e+00 4.500260e-02 7.880309e-01 5.105264e-02 -3.186238e-02 1.819586e-03 1.320610e-03
5.382221e+00 4.729478e-01 -6.057967e-01 1.663819e-02 2.541274e-02 1.983982e-02 1.138403e-03
9.890650e+00 -2.300809e-01 -1.111506e-01 2.178637e-02 2.324462e-02 -4.811617e-02 4.010303e-03
3.714170e+00 -9.914449e-02 -4.436388e-01 2.623841e-02 4.463955e-02 -9.976055e-03 7.847260e-04
8.126752e+00 5.945417e-01 5.876074e-01 5.404736e-02 -2.367462e-02 2.395401e-02 -1.894018e-03
8.837951e+00 -2.413195e-01 3.408883e-01 3.972431e-03 -3.858676e-02 -2.731610e-02 -1.545150e-03
2.518096e+00 8.724661e-01 7.189918e-03 -1.770989e-02 -2.179712e-04 2.644988e-02 -3.690627e-05
1.329380e+00 -1.531218e-01 -3.504184e-01 -2.807533e-02 3.531363e-02 -1.543094e-02 -2.950055e-03
3.770329e+00 2.105414e-01 5.098693e-02 -9.747638e-03 -1.448466e-02 5.981183e-02 3.875321e-04
6.178236e+00 -4.280970e-01 -2.542475e-01 6.712790e-02 1.981728e-02 -3.336795e-02 -2.573625e-03
7.837709e+00 -9.612196e-01 -7.722999e-02 -9.574694e-02 2.373810e-03 -2.954490e-02 1.126257e-04
7.367622e+00 5.568484e-01 -7.815907e-02 9.962666e-02 4.840753e-03 3.448819e-02 -1.414719e-03
2.509350e+00 -3.565155e-01 -3.054163e-01 9.173559e-03 2.831618e-02 -3.305376e-02 -4.651355e-05
1.996403e+00 2.169612e-01 -7.460125e-02 1.136355e-02 1.943486e-02 5.652199e-02 3.614025e-03
7.477180e+00 4.961776e-01 4.426129e-01 -2.010509e-02 -2.444517e-02 2.740350e-02 -8.588439e-04
8.369778e+00 -5.762212e-01 -2.503657e-01 1.011774e-01 1.464162e-02 -3.369795e-02 7.956590e-04
9.032518e+00 -4.483556e-01 1.495083e-01 -2.304072e-02 -1.190688e-02 -3.570718e-02 -6.378896e-04
2.086181e+00 1.281566e-01 -3.515313e-01 -1.535920e-03 3.813541e-02 1.390290e-02 7.901451e-05
2.163256e+00 -7.895284e-01 -4.378767e-01 3.308351e-02 1.334074e-02 -2.405447e-02 -1.100375e-03
7.445472e+00 -7.048960e-02 6.174634e-01 8.631211e-02 -3.348762e-02 -3.822946e-03 -7.017850e-04
8.892160e+00 8.736846e-01 -3.951908e-01 3.042156e-02 1.009542e-02 2.231886e-02 2.894202e-04
5.964170e+00 -2.306738e-01 -2.971973e-01 -1.411040e-03 3.933265e-02 -3.052859e-02 -1.639759e-03
1.240158e+00 -4.223035e-01 4.033408e-01 -1.107137e-02 -2.437285e-02 -2.551872e-02 -1.172133e-03
9.868063e+00 2.747060e-01 7.411743e-02 9.784608e-03 -1.492029e-02 5.529997e-02 -1.974095e-03
7.164121e+00 -8.928830e-02 4.349244e-01 -7.546277e-02 -3.482857e-02 -7.150170e-03 -2.146800e-03
5.841938e+00 2.539728e-01 -2.411640e-02 -5.005995e-03 5.082478e-03 5.352420e-02 1.093789e-03
5.062668e+00 7.426692e-01 5.567971e-01 -4.580796e-02 -1.492334e-02 1.990510e-02 1.708367e-03
5.291314e-01 3.357059e-01 9.991960e-02 4.660512e-02 -1.193776e-02 4.010801e-02 -1.699700e-03
3.487186e+00 3.763954e-01 1.970742e-01 4.049165e-02 -2.028477e-02 3.874222e-02 -3.753328e-04
9.515602e+00 -7.845044e-01 -1.539497e-01 -9.417780e-02 5.239441e-03 -2.669939e-02 -2.447043e-03
1.091753e+00 1.431542e-01 1.028771e-01 3.821850e-02 -3.923590e-02 5.459704e-02 9.162432e-03
3.763244e+00 -4.021806e-01 3.934350e-01 -5.584946e-03 -2.569687e-02 -2.626808e-02 -4.004364e-03
9.736604e+00 5.936887e-01 -5.066890e-01 4.227477e-02 2.035447e-02 2.384938e-02 5.030034e-04
3.378954e+00 -1.177559e-01 2.933701e-01 -7.004763e-03 -4.255249e-02 -1.708015e-02 -2.429415e-03
8.692205e+00 4.024393e-01 -4.798925e-01 1.424782e-01 2.910855e-02 2.441052e-02 -5.541234e-04
8.899247e+00 4.608804e-01 6.344633e-01 -1.084086e-01 -2.762381e-02 2.006621e-02 -1.288134e-03
4.406615e+00 6.971897e-01 -1.747998e-01 -8.840789e-04 6.997147e-03 2.790815e-02 4.237934e-04
5.656466e+00 3.365647e-03 -1.601380e-01 2.715766e-02 7.423144e-02 1.560135e-03 -5.296596e-03
9.701073e+00 6.172296e-01 1.868724e-01 -4.819882e-02 -9.822062e-03 3.244176e-02 1.266766e-03
4.758257e+00 -8.246833e-01 -5.080148e-01 -6.961717e-02 1.564007e-02 -2.538922e-02 -1.395837e-03
1.338056e+00 -1.239732e-01 1.659120e-01 -2.406211e-02 -5.183082e-02 -3.872916e-02 -2.639340e-03
7.360847e+00 9.542254e-02 6.417893e-01 -8.815558e-02 -3.624839e-02 5.389483e-03 2.751881e-03
8.226787e+00 -5.325984e-02 -5.342409e-01 -9.713091e-02 3.530809e-02 -3.519954e-03 -7.022460e-04
1.427830e+00 1.774916e-01 3.734092e-01 1.917319e-02 -4.236544e-02 2.013745e-02 -1.973649e-04
1.362592e+00 -1.122389e-01 6.883328e-01 -2.012401e-02 -3.617778e-02 -5.899115e-03 2.537232e-03
5.889448e+00 -4.047492e-01 -6.524063e-01 1.052055e-01 2.609840e-02 -1.619130e-02 -1.813632e-03
8.400291e+00 -3.551531e-01 -8.861199e-01 9.123601e-02 2.649371e-02 -1.061857e-02 -1.080667e-03
4.706151e+00 -8.088298e-01 5.343005e-02 1.720707e-03 -1.905030e-03 -2.883855e-02 -8.606186e-04
5.317593e+00 -3.121041e-01 3.446464e-01 -2.919361e-02 -3.105839e-02 -2.812578e-02 2.308951e-03
8.412788e-01 -3.629369e-01 -3.016226e-01 -2.336308e-02 2.290788e-02 -2.756462e-02 -8.076441e-04
6.260363e+00 -1.387853e-01 -7.247371e-01 -3.988592e-02 3.266644e-02 -6.255539e-03 -2.412582e-03
1.975216e+00 -5.870314e-01 3.643067e-01 3.344669e-02 -1.777355e-02 -2.863969e-02 2.854292e-03
1.721867e+00 -2.527937e-01 4.617681e-01 1.787190e-02 -3.435294e-02 -1.880642e-02 -4.858172e-04
2.777883e+00 8.317844e-01 3.609684e-01 8.456076e-02 -1.148238e-02 2.645901e-02 -8.819495e-04
3.906176e+00 2.600911e-01 1.846274e-01 5.775879e-03 -2.937955e-02 4.138798e-02 -1.027991e-03
9.288523e+00 -8.018439e-01 5.195143e-01 1.713997e-02 -1.506594e-02 -2.325351e-02 1.463789e-03
6.867224e+00 1.601684e-01 -9.024796e-02 8.721783e-03 2.929895e-02 5.199858e-02 -9.183303e-04
5.476981e+00 5.126576e-01 3.141826e-01 -1.829663e-03 -2.048597e-02 3.342733e-02 1.534523e-03
2.543481e+00 -4.453407e-02 -3.292898e-01 4.613021e-02 4.776862e-02 -6.460360e-03 -1.358671e-03
6.509061e+00 -3.600550e-02 6.280467e-01 -1.225455e-01 -3.427469e-02 -1.964946e-03 -1.160510e-03
7.492386e+00 1.575644e-01 3.471224e-01 -5.509337e-02 -4.102721e-02 1.862290e-02 6.763870e-04
9.236465e+00 5.907876e-01 -6.406380e-01 2.858821e-02 2.406481e-02 2.219224e-02 1.678993e-03
5.059795e+00 -4.196413e-02 5.304066e-01 -8.737722e-03 -3.665995e-02 -2.900421e-03 1.884458e-03
1.437540e+00 -2.014511e-01 1.059413e-02 2.261958e-02 -3.107153e-03 -5.908356e-02 -5.107070e-03
1.282791e+00 1.463092e-01 -2.433537e-01 5.523282e-03 4.089092e-02 2.458446e-02 -5.765279e-04
4.458831e+00 -4.232091e-01 -1.409059e-01 -7.237740e-02 1.453689e-02 -4.366138e-02 -2.240516e-03
8.993531e+00 -6.784020e-02 6.503702e-01 5.615102e-02 -3.121406e-02 -3.255942e-03 -1.021467e-03
2.793189e+00 -8.777622e-01 -3.144490e-02 -1.420214e-01 1.074545e-03 -2.999517e-02 1.624844e-03
8.311950e+00 6.234325e-01 5.953379e-01 1.498334e-01 -2.236241e-02 2.341772e-02 4.850019e-05
2.476374e+00 -1.428631e-01 1.956267e-01 3.674265e-02 -3.968148e-02 -2.897875e-02 1.926859e-03
7.006654e+00 8.171659e-01 -1.854173e-01 -2.358558e-02 7.073262e-03 3.117309e-02 -1.971462e-03
6.759376e-01 -2.476530e-01 5.461417e-01 4.953885e-03 -2.976578e-02 -1.349756e-02 3.197419e-04
1.468882e+00 -2.417452e-01 -1.313558e-01 1.381371e-03 2.453132e-02 -4.514704e-02 3.100824e-03
6.175528e+00 3.746079e-01 -3.989667e-01 8.427370e-02 2.798338e-02 2.627487e-02 -3.477557e-04
3.478275e+00 -9.756412e-02 1.743821e-01 1.178153e-03 -4.964976e-02 -2.777828e-02 4.813007e-03
2.277381e+00 3.391427e-02 -1.429162e-02 -1.187626e-03 5.259371e-02 1.248058e-01 1.230962e-02
7.367135e+00 8.083768e-02 -5.405760e-02 4.233047e-03 4.495684e-02 6.722841e-02 3.250531e-03
5.637702e+00 -1.179425e-01 -9.362281e-01 -1.428044e-01 2.840904e-02 -3.578863e-03 2.355872e-04
5.387060e+00 1.977003e-02 -2.988543e-01 4.682912e-02 4.600974e-02 3.043670e-03 -2.483557e-03
1.955207e+00 -2.625810e-01 -2.217432e-01 -3.805593e-02 3.338427e-02 -3.953254e-02 -1.221191e-03
2.426628e+00 -1.326041e-01 -5.515007e-01 -7.100681e-02 3.769254e-02 -9.062884e-03 1.643012e-03
4.894496e+00 4.323291e-03 6.699562e-03 8.385707e-04 -2.817287e-01 1.818022e-01 -8.111103e-03
9.965725e+00 -6.730772e-01 3.216630e-01 -5.366526e-02 -1.446964e-02 -3.027760e-02 1.159889e-03
3.950726e+00 -6.814469e-02 -1.507427e-01 1.184696e-02 5.411447e-02 -2.446297e-02 5.240861e-03
8.126200e+00 7.664257e-02 -9.065638e-01 1.039157e-01 2.948666e-02 2.492857e-03 -2.408735e-04
8.416194e+00 -8.083100e-02 -7.346135e-02 6.623258e-03 6.179565e-02 -6.799500e-02 -4.111285e-03
4.470319e+00 8.575633e-02 -1.872568e-01 2.126096e-02 5.764178e-02 2.639769e-02 -1.656596e-03
1.604944e+00 1.756538e-01 9.250373e-01 1.159134e-01 -3.064520e-02 5.819167e-03 -1.521620e-03
7.650789e+00 2.670874e-01 3.328262e-01 -9.966954e-03 -3.516235e-02 2.821719e-02 -2.217216e-03
9.536211e+00 -1.047653e-02 2.016680e-01 2.488744e-02 -6.366476e-02 -3.307345e-03 1.800832e-03
8.265346e+00 2.403861e-02 -6.017293e-01 -2.851752e-02 3.384344e-02 1.352018e-03 -3.357844e-05
6.793037e+00 7.150942e-01 5.369745e-01 -1.049848e-01 -1.906854e-02 2.539377e-02 3.929690e-05
9.636000e-01 -2.101993e-02 1.927399e-01 1.917296e-03 -6.208022e-02 -6.770374e-03 -1.736744e-03
9.654177e+00 6.645023e-01 1.394067e-01 -6.086960e-02 -7.259823e-03 3.460500e-02 6.358711e-04
2.798467e+00 -4.393217e-01 -2.321135e-01 8.311364e-02 1.724310e-02 -3.263605e-02 -1.986111e-03
4.289916e+00 5.048815e-02 1.423408e-01 -4.487460e-04 -7.282946e-02 2.583253e-02 -1.434681e-03
1.277933e+00 -4.358302e-01 7.291935e-03 -6.193167e-02 -7.257106e-04 -4.337485e-02 -5.001441e-03
4.172149e+00 8.582334e-02 3.949924e-01 -4.209389e-02 -4.517505e-02 9.815567e-03 -3.770746e-03
6.314289e+00 -1.833064e-02 3.434670e-02 1.931926e-04 -1.298813e-01 -6.931693e-02 5.836193e-03
8.138235e+00 -1.682164e-01 7.644116e-01 9.889694e-02 -3.078442e-02 -6.774419e-03 1.587481e-03
4.024751e+00 -2.830346e-01 3.197011e-01 -5.418137e-02 -3.499861e-02 -3.098463e-02 3.608162e-03
2.235889e+00 8.060875e-02 -1.385443e-02 9.159249e-03 1.414779e-02 8.231562e-02 -2.768806e-04
6.073536e+00 1.994376e-01 3.459465e-02 -1.154443e-03 -1.170135e-02 6.745810e-02 7.831972e-03
8.097680e+00 -3.411340e-01 -4.172758e-01 1.006467e-02 3.189470e-02 -2.607476e-02 -1.372103e-03
