9.995577e+09 0.000000e+00 0.000000e+00 0.000000e+00 0.000000e+00 0.000000e+00 0.000000e+00
8.259559e+00 3.984581e-01 3.327180e-01 -8.227257e-03 -4.018324e-02 4.812285e-02 1.339168e-03
3.070820e+00 -1.129514e-01 -2.547487e-01 9.850005e-03 7.096734e-02 -3.146575e-02 -2.225821e-03
2.564259e+00 -1.153355e-01 1.087994e-01 9.988076e-03 -7.074964e-02 -7.499996e-02 3.371162e-03
6.749540e+00 -2.615542e-01 7.869163e-01 -1.764500e-02 -4.157289e-02 -1.381795e-02 -1.395068e-03
1.653908e+00 2.926459e-02 7.498997e-02 -7.871879e-03 -1.520458e-01 5.933540e-02 -1.918439e-03
7.366151e+00 -9.831052e-01 1.146331e-01 1.868864e-03 -5.370386e-03 -4.605699e-02 1.720214e-03
6.779688e+00 7.942670e-01 -3.512481e-02 -2.404442e-03 2.519118e-03 5.696408e-02 2.013603e-03
2.960025e+00 2.816954e-01 -6.656890e-01 1.013562e-02 5.022470e-02 2.125327e-02 -2.535790e-03
6.766230e+00 -1.643821e-01 -1.857948e-01 -2.572553e-02 6.316610e-02 -5.588628e-02 -4.323204e-03
6.622675e+00 -1.264157e-01 -8.897081e-01 -3.964088e-03 4.507989e-02 -6.405254e-03 -2.018898e-03
5.623810e-01 -8.898560e-02 1.150658e-02 1.343789e-02 -1.761478e-02 -1.362232e-01 -3.520882e-03
7.747502e+00 -1.555514e-01 3.986726e-01 -3.752836e-02 -7.207584e-02 -2.812207e-02 4.284964e-03
8.543440e+00 7.061539e-01 2.628157e-01 1.047380e-01 -1.587317e-02 4.264929e-02 1.645656e-03
5.237441e-01 -3.322279e-01 -9.008322e-02 -2.230680e-03 1.970445e-02 -7.267022e-02 -1.457400e-03
3.363643e+00 1.327350e-01 8.033387e-02 -8.133802e-04 -5.646775e-02 9.330121e-02 -1.431123e-03
6.701234e+00 9.060258e-01 -6.506218e-02 -1.415891e-02 3.314523e-03 4.615652e-02 7.810508e-04
6.961092e+00 -4.111818e-02 -5.799452e-01 6.395720e-02 6.568549e-02 -4.657109e-03 -2.586542e-03
6.580807e+00 -9.890368e-02 -1.842079e-01 1.661576e-02 8.544167e-02 -4.587476e-02 3.465046e-04
1.511747e+00 3.061582e-02 -3.489084e-01 -6.590474e-02 7.734697e-02 6.787000e-03 4.134292e-03
8.624005e+00 -3.489521e-01 -3.751982e-01 4.487952e-02 4.921947e-02 -4.577644e-02 -3.533943e-04
9.296187e+00 1.729114e-01 -3.407539e-01 2.010234e-02 6.394629e-02 3.244876e-02 4.263720e-04
2.413725e+00 -1.014199e-01 -4.276021e-01 8.768966e-02 6.969249e-02 -1.652987e-02 3.328249e-03
1.527703e+00 -6.214476e-02 -1.827342e-01 1.702535e-02 9.898040e-02 -3.366154e-02 3.009956e-03
2.568996e+00 3.237652e-01 4.246771e-01 -1.051297e-02 -5.454012e-02 4.158029e-02 1.435082e-03
7.018125e+00 2.503502e-01 7.502304e-02 3.567915e-02 -2.752438e-02 9.184824e-02 -5.433843e-03
4.750184e+00 3.504482e-01 -1.350600e-01 9.930436e-03 2.835770e-02 7.358140e-02 -3.078846e-03
3.326066e+00 8.076056e-01 -5.029254e-01 -6.203328e-02 2.543178e-02 4.083875e-02 -2.559862e-03
1.673566e+00 -8.846235e-01 -2.527940e-01 -5.171534e-03 1.474868e-02 -5.161131e-02 -1.456167e-03
4.145972e+00 9.220709e-02 3.080382e-02 1.513068e-02 -4.298911e-02 1.286821e-01 1.140269e-02
3.630304e+00 1.006192e-01 6.266035e-01 1.931212e-02 -5.058906e-02 8.123527e-03 1.823122e-03
9.275868e+00 -1.400936e-01 -2.801452e-01 5.553401e-03 8.023387e-02 -4.012297e-02 8.885604e-04
9.457007e+00 -3.120953e-01 7.306107e-01 -7.297317e-02 -5.260392e-02 -2.247084e-02 -2.022649e-03
6.490808e+00 -5.317078e-01 -5.038883e-01 6.356359e-02 3.204688e-02 -3.381618e-02 -9.790855e-05
6.444236e+00 -3.342253e-01 3.589572e-01 7.205636e-03 -4.939598e-02 -4.599264e-02 -4.639964e-03
5.343151e+00 -1.807896e-02 -3.470928e-01 -1.009449e-03 7.056126e-02 -3.675311e-03 -2.798500e-03
3.083726e+00 1.363434e-01 4.026265e-01 2.405621e-02 -6.945403e-02 2.351956e-02 -6.578123e-04
9.703575e+00 1.738330e-01 -7.763499e-01 3.067311e-02 5.062154e-02 1.133470e-02 2.764718e-04
1.695866e+00 -4.307965e-01 3.128394e-01 -5.247219e-02 -4.076244e-02 -5.613205e-02 -4.087157e-04
2.471581e+00 1.758929e-02 -6.036393e-01 7.949849e-02 6.105004e-02 1.778921e-03 2.538018e-03
1.964982e+00 -2.883855e-01 -4.340848e-01 2.354680e-02 5.199036e-02 -3.453995e-02 -1.199829e-03
1.717660e+00 2.571392e-01 6.686143e-01 3.887191e-02 -5.482779e-02 2.108596e-02 -3.968288e-03
8.025827e-01 -1.708790e-01 2.841652e-02 -2.015845e-02 -1.765595e-02 -1.061717e-01 3.630358e-03
2.169971e+00 -8.966762e-01 -1.363527e-01 9.359317e-03 6.591741e-03 -4.334828e-02 2.991102e-04
6.372126e+00 -7.494269e-01 -5.585850e-01 -8.063571e-03 2.667208e-02 -3.578466e-02 -2.367656e-03
9.301863e+00 -8.176673e-01 -3.596955e-01 1.023864e-01 1.842601e-02 -4.188640e-02 1.599306e-03
7.546855e+00 3.002837e-01 7.316069e-01 1.546670e-03 -5.325763e-02 2.185928e-02 -1.255206e-03
8.015674e+00 -2.061050e-01 1.018086e-01 3.867136e-02 -4.352922e-02 -8.812214e-02 -1.033193e-03
6.839621e+00 -3.898792e-01 -7.960273e-01 9.567417e-02 3.859191e-02 -1.890159e-02 -3.922427e-03
4.829492e+00 4.521178e-01 2.474053e-01 -3.623147e-03 -2.986952e-02 5.458469e-02 -3.848851e-03
3.058960e+00 1.368983e-01 5.553233e-03 -3.240022e-02 -4.837991e-03 1.192661e-01 -1.398305e-02
9.083907e+00 1.249445e-01 2.658694e-01 -1.479306e-02 -7.835773e-02 3.682399e-02 4.469341e-03
9.950148e+00 -5.077082e-02 -1.185004e-01 -4.032670e-03 1.149932e-01 -4.926820e-02 2.233915e-03
6.799674e-01 4.654353e-03 -2.018496e-01 1.735774e-02 9.342779e-02 2.154307e-03 -9.894445e-03
2.472098e+00 4.069356e-01 2.551404e-01 -2.759703e-02 -3.520173e-02 5.614492e-02 -5.755504e-03
9.147624e+00 -9.889993e-03 -7.253309e-01 6.698879e-02 5.362225e-02 -7.311472e-04 2.185127e-03
4.208254e+00 1.940109e-01 -4.627268e-01 8.474824e-02 5.626569e-02 2.359094e-02 -3.482876e-04
8.551145e+00 -2.752126e-01 7.565740e-01 -7.299124e-02 -5.335309e-02 -1.940781e-02 -4.481770e-04
6.819820e+00 -5.479651e-01 -2.287901e-01 7.679930e-02 2.307027e-02 -5.525458e-02 1.413458e-03
7.273682e+00 -2.425343e-01 6.787129e-01 -3.093917e-02 -5.100854e-02 -1.822762e-02 -9.957461e-04
7.738521e+00 -3.696547e-01 1.903046e-01 8.882866e-03 -3.366961e-02 -6.540109e-02 -1.604549e-03
4.392446e+00 5.879811e-01 1.552751e-01 2.952903e-02 -1.535926e-02 5.816101e-02 2.644375e-04
6.594922e+00 3.410907e-02 2.401111e-02 -4.062290e-04 -1.336819e-01 1.899024e-01 -6.607198e-03
2.352389e+00 -1.200331e-01 -2.316047e-01 2.639218e-04 6.965438e-02 -3.609955e-02 -5.028202e-03
4.557403e+00 2.764959e-01 3.147483e-03 -1.202753e-02 -8.555912e-04 7.516085e-02 2.855382e-03
3.378271e+00 2.782630e-01 -8.777539e-02 8.355218e-03 2.611145e-02 8.277777e-02 3.908990e-03
8.513933e+00 8.619567e-02 1.914059e-01 2.514435e-02 -8.448041e-02 3.804399e-02 -5.951478e-03
1.816663e+00 7.670715e-01 5.544205e-01 -6.750474e-03 -2.833037e-02 3.919664e-02 1.406815e-03
5.511577e+00 -2.142301e-01 6.774393e-01 2.547986e-02 -5.434604e-02 -1.718613e-02 -3.140645e-03
9.419373e+00 3.917862e-01 5.895134e-02 -5.211024e-02 -1.160516e-02 7.712704e-02 4.482598e-03
2.546470e+00 4.803855e-01 -5.365009e-01 6.951199e-03 4.052511e-02 3.628637e-02 -1.210032e-03
5.306382e+00 -4.934135e-01 2.428633e-01 -8.712574e-02 -2.827864e-02 -5.745234e-02 1.684422e-03
4.649838e+00 -2.521933e-02 4.718773e-02 -1.281468e-02 -1.607404e-01 -8.590720e-02 -4.087040e-04
1.377612e+00 -7.387155e-01 -5.641657e-01 -1.074857e-01 3.220599e-02 -4.217035e-02 4.309860e-04
5.391407e-01 8.215795e-01 1.801749e-01 -1.264593e-01 -9.436826e-03 4.303097e-02 -3.042707e-03
1.073073e+00 -5.715701e-02 2.001888e-01 5.643466e-03 -1.035858e-01 -2.957537e-02 -2.492879e-03
8.122026e+00 -2.346068e-01 -1.683274e-01 -4.477356e-02 4.657169e-02 -6.490944e-02 -5.343067e-03
1.044129e+00 -7.317852e-01 -2.143935e-01 -1.126534e-01 1.497797e-02 -5.112404e-02 6.951902e-04
2.232821e+00 1.801348e-01 -4.987629e-01 -8.180426e-04 6.350436e-02 2.293544e-02 -1.438726e-03
1.988416e+00 2.502127e-01 -4.522619e-01 -5.000885e-02 5.241320e-02 2.899746e-02 -3.749066e-03
5.161639e+00 2.384791e-01 -6.489721e-01 -1.217190e-01 5.163291e-02 1.897365e-02 9.462148e-04
7.149560e+00 -2.882888e-02 2.079992e-02 -1.019185e-04 -1.392104e-01 -1.929470e-01 9.450671e-03
3.567193e+00 -3.691207e-01 -5.166038e-01 -5.292142e-02 4.513579e-02 -3.225016e-02 -2.089810e-04
3.589995e+00 -5.336506e-01 -2.875832e-01 -7.238441e-02 2.722402e-02 -5.051795e-02 -2.650962e-03
9.802639e+00 -5.993704e-01 2.783076e-02 -9.899030e-03 -2.513914e-03 -5.414030e-02 -2.599858e-04
1.314778e+00 -2.784355e-01 9.070353e-03 -8.701379e-03 -2.555718e-03 -7.845368e-02 -6.123552e-04
1.688661e+00 2.397798e-01 8.745069e-01 -5.596159e-02 -4.776928e-02 1.309779e-02 -3.140549e-03
8.739734e+00 4.403230e-02 -5.351010e-01 -5.868064e-03 6.474210e-02 5.327487e-03 3.553609e-03
7.999384e-01 1.894340e-02 -5.895600e-02 6.669742e-03 1.822714e-01 5.856639e-02 5.069507e-03
7.418939e+00 8.534431e-01 -2.182947e-01 -1.167443e-01 1.274466e-02 4.982641e-02 -7.860083e-04
1.144620e+00 -1.257305e-01 -1.878190e-02 -4.514808e-03 1.717833e-02 -1.149958e-01 -2.573975e-03
3.297189e+00 -1.213917e-01 2.262265e-01 1.814200e-02 -7.853133e-02 -4.213943e-02 -1.242184e-02
8.240730e+00 -2.944965e-01 7.356267e-01 -3.348027e-02 -5.340710e-02 -2.138068e-02 2.476053e-04
3.348852e+00 -6.975010e-02 -6.780297e-01 -4.701551e-04 5.292460e-02 -5.444446e-03 -1.725908e-03
9.786536e+00 3.728808e-01 -5.798264e-01 -2.818958e-02 4.921835e-02 3.165185e-02 1.184835e-03
6.546843e+00 -4.034466e-02 -3.938255e-02 -5.701546e-04 1.291884e-01 -1.323444e-01 -9.696917e-03
9.978078e+00 6.619342e-01 5.346023e-01 -1.429421e-02 -2.878598e-02 3.564225e-02 -3.556320e-04
5.938486e+00 -2.865135e-01 7.459522e-02 -4.770443e-02 -2.329815e-02 -8.948609e-02 -7.937617e-03
8.187059e+00 -8.357717e-01 1.152369e-01 5.003890e-02 -7.246058e-03 -5.255307e-02 1.476071e-03
6.415515e+00 -5.562282e-01 1.141245e-01 -7.051177e-02 -1.306283e-02 -6.366659e-02 2.250791e-03
2.128472e+00 -2.763227e-01 7.945666e-02 -1.470131e-02 -2.137803e-02 -7.434539e-02 -3.049214e-03
4.393530e+00 -3.871856e-02 -5.924960e-01 8.380931e-02 6.465390e-02 -4.225017e-03 3.030138e-03
6.877012e+00 -3.948270e-01 4.960914e-01 3.222283e-03 -4.922497e-02 -3.917694e-02 2.417420e-03
6.978891e+00 3.606353e-01 -4.335526e-01 1.396424e-02 4.355358e-02 3.622850e-02 1.218883e-04
7.015815e+00 -3.592947e-02 -6.843768e-01 -1.436896e-02 5.770779e-02 -3.029633e-03 1.079673e-03
8.439025e+00 2.313358e-01 1.654031e-01 4.640789e-02 -5.247262e-02 7.338913e-02 -3.979841e-04
1.601627e+00 -1.199508e-01 3.401427e-01 -5.218168e-02 -7.222113e-02 -2.546866e-02 -3.239148e-03
9.916911e+00 -1.230930e-01 9.877817e-02 -2.026979e-02 -6.677626e-02 -8.321365e-02 -6.187828e-03
9.512628e+00 -7.066477e-01 5.565558e-01 1.062922e-01 -3.174692e-02 -4.030843e-02 -2.609762e-03
1.343442e+00 -2.520026e-02 -4.302489e-02 2.450393e-03 1.684636e-01 -9.867143e-02 1.894451e-03
8.149322e+00 2.831236e-01 6.725507e-01 1.238556e-01 -4.565634e-02 1.921994e-02 3.161669e-03
1.379614e+00 -7.282050e-01 -2.172528e-01 6.031862e-02 1.484128e-02 -4.974618e-02 -1.419946e-03
1.820414e+00 -4.098794e-01 5.833752e-01 6.301058e-02 -4.721916e-02 -3.317618e-02 1.122799e-03
6.233309e+00 -5.242442e-01 4.361785e-01 -3.386325e-03 -3.314484e-02 -3.983688e-02 -4.236623e-03
8.193038e+00 6.602552e-02 1.818307e-01 -1.105317e-03 -1.016196e-01 3.689964e-02 -5.409887e-03
8.346010e+00 4.410094e-02 2.401444e-01 -9.918191e-03 -9.721040e-02 1.785205e-02 -3.571977e-03
7.629389e+00 1.325611e-01 -7.854034e-01 -5.184362e-02 4.711448e-02 7.952022e-03 1.759638e-03
8.881402e+00 -1.752023e-01 -4.952094e-02 1.021229e-02 2.983887e-02 -1.055682e-01 1.501850e-03
6.348783e+00 7.565356e-01 3.467488e-01 2.422696e-02 -1.930765e-02 4.212539e-02 -3.724770e-03
1.604527e+00 2.119273e-01 -4.206973e-01 -5.691923e-02 6.318911e-02 3.183166e-02 -2.621757e-03
7.315254e+00 3.973789e-01 -5.912180e-01 -9.562718e-03 4.832421e-02 3.248045e-02 4.445802e-03
2.735787e+00 4.073392e-01 -2.332074e-01 5.289823e-03 3.394926e-02 5.929858e-02 4.819277e-03
3.599144e+00 5.537523e-02 3.018173e-02 7.196448e-03 -8.911236e-02 1.634968e-01 1.539573e-02
8.582937e+00 5.468848e-01 7.436374e-01 -7.131403e-02 -3.566844e-02 2.623123e-02 -3.719148e-04
8.812845e+00 -2.569768e-01 1.315791e-01 -6.130151e-03 -3.836278e-02 -7.492335e-02 5.358178e-03
6.206641e+00 -1.452124e-01 1.331569e-01 -3.238749e-02 -6.136085e-02 -6.691622e-02 -7.376767e-03
9.262703e+00 3.739904e-01 -7.795713e-01 -2.885265e-02 4.297079e-02 2.061474e-02 -7.371886e-04
8.373402e+00 -4.624355e-01 7.796705e-01 9.566588e-02 -3.821960e-02 -2.266868e-02 -4.348493e-04
9.741796e-01 -5.317722e-01 -4.481977e-01 3.601049e-02 3.491381e-02 -4.142412e-02 4.245662e-03
6.604957e+00 5.111827e-01 1.836273e-02 1.891041e-02 -2.431916e-03 6.769983e-02 -2.854130e-03
5.526110e+00 1.053524e-01 1.654548e-01 5.947901e-03 -8.582364e-02 5.464775e-02 -1.401566e-03
7.209084e+00 4.908127e-01 -3.936822e-01 -8.069393e-02 3.369075e-02 4.200303e-02 1.349577e-03
7.071877e+00 -1.821854e-01 3.583648e-01 5.945156e-02 -6.762372e-02 -3.437853e-02 -3.668245e-03
6.643530e+00 -4.867419e-01 5.746394e-01 -6.200520e-02 -4.436146e-02 -3.757587e-02 -4.928480e-03
2.756728e+00 -4.460659e-01 -2.570269e-01 2.651167e-02 3.067751e-02 -5.324031e-02 -3.171254e-03
8.332047e+00 7.851759e-01 4.884225e-01 1.021902e-01 -2.356637e-02 3.788472e-02 8.406153e-04
5.236437e+00 3.591924e-01 6.248008e-01 8.061581e-02 -4.636811e-02 2.665661e-02 -1.915677e-03
8.083169e+00 3.489680e-01 4.671275e-01 -1.632282e-02 -4.452820e-02 3.326483e-02 -9.065900e-04
9.330363e+00 -4.563445e-01 -4.790779e-01 -5.470196e-02 4.512420e-02 -4.298294e-02 -1.325432e-03
6.923429e+00 3.623410e-01 3.972676e-01 7.646668e-03 -4.907579e-02 4.476119e-02 3.845764e-03
5.152017e+00 -1.423729e-01 3.447466e-01 1.220347e-02 -6.886432e-02 -2.843949e-02 1.209367e-03
5.284686e+00 -2.000401e-01 -5.011868e-01 -7.458067e-02 5.945432e-02 -2.373017e-02 -2.744122e-03
2.855859e+00 4.916556e-02 1.047872e-01 1.054581e-02 -1.219509e-01 5.721865e-02 -1.558861e-03
5.749340e+00 -4.709466e-03 2.283416e-01 2.296615e-02 -1.039483e-01 -2.143898e-03 3.959818e-03
9.138658e-01 -1.644121e-01 -4.640185e-01 5.308871e-02 6.678207e-02 -2.366238e-02 -5.375045e-03
1.383968e+00 -7.074892e-02 2.454251e-02 -7.662655e-03 -4.843036e-02 -1.396106e-01 -2.730013e-03
9.985197e+00 5.014533e-01 -1.791637e-01 -3.591563e-02 1.990549e-02 5.571260e-02 6.665557e-04
7.709881e+00 -5.960774e-01 3.593112e-01 -1.380527e-02 -2.562505e-02 -4.251054e-02 -2.388265e-03
8.678075e+00 -1.160138e-01 3.477056e-02 -4.842446e-03 -3.713261e-02 -1.238948e-01 4.804877e-03
2.715372e+00 -4.688896e-01 -6.624482e-01 -5.308445e-02 4.646163e-02 -3.288615e-02 -4.345458e-03
3.830764e+00 5.437926e-01 -4.597041e-01 4.386604e-02 3.500408e-02 4.140698e-02 2.019032e-03
