7.489806e+09 0.000000e+00 0.000000e+00 0.000000e+00 0.000000e+00 0.000000e+00 0.000000e+00
8.514457e+00 -5.936197e-02 -4.587167e-02 5.630158e-03 8.815767e-02 -1.140838e-01 4.178921e-04
7.113477e+00 2.197004e-01 -1.320574e-01 3.481626e-03 4.058749e-02 6.752431e-02 -3.150775e-03
3.909164e+00 8.092401e-02 -1.362040e-01 1.517247e-02 9.365076e-02 5.564152e-02 -7.644101e-04
4.074350e+00 5.074701e-01 -6.345002e-01 -3.277934e-02 3.153375e-02 2.522054e-02 -3.597935e-04
9.079961e-01 -6.146899e-02 -2.797662e-02 -4.238227e-03 6.422812e-02 -1.411192e-01 -7.171016e-03
5.778962e+00 -2.825009e-01 1.396256e-01 5.659885e-02 -2.789757e-02 -5.644443e-02 2.041760e-05
2.190898e+00 -4.361520e-01 -1.188836e-01 -2.944313e-02 1.394902e-02 -5.117523e-02 -1.337275e-03
8.218274e+00 5.076466e-01 -4.991594e-01 -1.967546e-04 2.859037e-02 2.907650e-02 4.959161e-03
8.638141e-01 -5.112053e-01 -6.545579e-02 -6.549749e-03 7.771850e-03 -6.069762e-02 4.100617e-04
2.612269e+00 1.628623e-01 -2.223705e-01 -3.627629e-02 5.790051e-02 4.240585e-02 -7.864006e-03
8.061716e-01 -2.516724e-02 -4.343481e-01 6.369031e-02 6.299671e-02 -3.650190e-03 -7.751034e-04
7.882867e+00 -6.190135e-01 -5.136352e-01 -2.429512e-02 3.149904e-02 -3.796143e-02 1.684885e-03
8.317999e+00 -1.427026e-01 -1.938886e-01 5.224366e-03 7.010982e-02 -5.160105e-02 1.355352e-03
8.914069e+00 6.090655e-02 -1.403655e-02 -3.151233e-03 3.954054e-02 1.715719e-01 1.719191e-03
9.226030e+00 1.393112e-01 -2.549851e-01 -4.557025e-02 6.496312e-02 3.549262e-02 -3.855811e-03
9.931930e+00 -1.751152e-01 -3.170396e-01 -3.288301e-02 6.187027e-02 -3.417373e-02 -8.633725e-04
8.918021e-01 -1.534485e-02 -1.921396e-01 -2.230886e-02 7.902592e-02 -6.311249e-03 8.032649e-03
7.824586e+00 1.590588e-01 4.357524e-01 5.678875e-02 -6.037812e-02 2.203929e-02 6.156410e-04
3.420456e+00 -6.989704e-02 -7.174628e-02 9.246666e-03 9.830332e-02 -9.576957e-02 -5.101637e-03
9.922564e+00 -8.331437e-01 2.764144e-01 2.087875e-06 -1.336772e-02 -4.029180e-02 -5.534229e-05
8.337435e+00 2.197722e-01 5.093965e-01 9.434301e-03 -5.042517e-02 2.175526e-02 -4.127551e-03
1.452622e+00 2.984668e-01 -4.297116e-01 -5.012568e-02 4.118583e-02 2.860664e-02 1.068694e-03
5.597380e-01 4.214359e-01 1.704238e-01 -7.322812e-02 -2.101285e-02 5.196205e-02 1.640721e-03
3.841791e+00 -1.691802e-01 4.344061e-01 -2.338758e-02 -4.776448e-02 -1.860195e-02 -1.341003e-03
3.506786e+00 4.510437e-01 -3.752596e-01 3.968027e-02 3.039527e-02 3.653362e-02 1.613985e-03
2.023949e+00 -7.407255e-01 -3.557912e-01 -5.500316e-04 1.778502e-02 -3.702682e-02 2.861140e-03
9.729964e+00 -6.732425e-01 2.134751e-01 1.062347e-01 -1.523069e-02 -4.803347e-02 1.077371e-04
2.722779e+00 -8.317088e-01 5.850751e-02 -4.345931e-02 -3.397637e-03 -4.829883e-02 2.937089e-04
2.335563e+00 -1.066686e-01 2.231563e-01 -2.984605e-02 -8.045612e-02 -3.845798e-02 -4.086336e-03
4.024930e+00 -5.508596e-02 2.213033e-01 -8.587378e-03 -7.542850e-02 -1.877537e-02 -7.365786e-04
2.947788e+00 2.199557e-01 1.079853e-01 -2.707767e-03 -3.412883e-02 6.951713e-02 4.436795e-03
9.079171e+00 2.330522e-01 -2.456556e-01 2.851847e-02 4.304952e-02 4.084084e-02 -3.845494e-03
9.548947e+00 9.816441e-01 9.035303e-02 -1.365284e-01 -3.983121e-03 4.327478e-02 2.047326e-03
9.596631e+00 1.054601e-01 6.587105e-02 -1.851095e-02 -5.879345e-02 9.412883e-02 1.488979e-03
8.910496e+00 -5.089906e-01 -1.443580e-02 1.181583e-02 1.722942e-03 -6.074906e-02 -3.474380e-03
8.971557e+00 5.266529e-01 5.177286e-01 -5.209598e-03 -2.930754e-02 2.981273e-02 -2.963557e-03
8.740917e+00 -7.582006e-01 -2.026182e-01 -9.805257e-02 1.062906e-02 -3.977412e-02 6.711471e-04
8.721046e+00 -7.648764e-01 -2.935741e-01 5.024214e-02 1.740062e-02 -4.533547e-02 -3.298462e-03
1.156485e+00 4.192807e-02 2.464285e-01 -2.367888e-02 -7.340083e-02 1.248863e-02 5.630415e-03
7.328112e+00 8.612162e-02 -6.754091e-01 -7.586455e-02 4.601983e-02 5.868003e-03 2.775349e-03
1.005881e+00 1.172910e-01 -4.961202e-02 -2.798888e-02 4.334656e-02 1.024784e-01 -2.859835e-03
3.047063e+00 3.810832e-01 6.092448e-02 -5.699561e-02 -9.697919e-03 6.066057e-02 -9.079549e-04
8.938839e+00 2.344487e-01 1.111734e-01 -6.425707e-03 -3.154740e-02 6.652889e-02 3.057667e-03
7.714065e+00 5.173673e-01 -2.973294e-01 -9.111257e-04 2.684372e-02 4.670936e-02 -3.478997e-03
1.216173e+00 4.767601e-01 5.954593e-01 -5.065770e-02 -3.181787e-02 2.547528e-02 -3.282136e-04
9.349476e+00 -8.476304e-01 -4.527644e-01 -1.213464e-02 2.021077e-02 -3.783704e-02 2.679599e-03
3.767608e+00 -1.085725e-02 1.041487e-02 -1.556924e-03 -1.993365e-01 -2.078034e-01 8.372675e-03
4.447260e+00 8.345693e-02 -5.268826e-01 5.344912e-02 5.273957e-02 8.353820e-03 -3.981337e-03
8.178696e+00 1.461091e-01 2.278679e-01 -1.662443e-02 -6.470842e-02 4.149109e-02 -7.082017e-04
4.722968e+00 -5.239920e-01 -2.839657e-01 -2.586759e-02 2.634004e-02 -4.860434e-02 -3.786011e-03
6.455252e+00 -3.399729e-01 -1.663147e-01 1.927086e-02 2.867900e-02 -5.862429e-02 -2.834348e-03
8.877843e+00 -2.745075e-01 1.870511e-01 1.542503e-02 -3.785023e-02 -5.554726e-02 -1.104405e-04
7.360932e+00 6.086019e-01 -4.336638e-01 1.614763e-01 2.496540e-02 3.503633e-02 -1.776155e-03
3.029590e+00 -2.220598e-01 2.043491e-01 1.891874e-02 -5.113865e-02 -5.557078e-02 -2.853940e-03
6.457947e+00 -4.906370e-01 5.804682e-01 3.185667e-02 -3.359129e-02 -2.839283e-02 -1.481701e-03
2.081171e+00 -4.007653e-01 5.474148e-01 1.416049e-01 -4.233303e-02 -3.099223e-02 9.328399e-04
9.228783e+00 -2.929814e-01 -4.731367e-01 5.358898e-02 4.112899e-02 -2.546840e-02 2.214206e-04
9.477705e+00 -1.617366e-01 1.389784e-01 2.444280e-02 -5.397712e-02 -6.281606e-02 5.564237e-03
2.583431e+00 -3.755962e-01 -4.542655e-01 -2.933159e-04 3.640797e-02 -3.010286e-02 -2.155075e-03
9.551170e+00 -5.130713e-01 5.472690e-01 -1.722483e-02 -3.375292e-02 -3.164377e-02 -4.346027e-03
1.279053e+00 3.567748e-01 -6.884890e-01 3.062333e-02 3.795431e-02 1.966792e-02 3.517432e-03
9.776450e+00 -1.833229e-01 -7.916726e-01 5.276100e-02 4.289371e-02 -9.932643e-03 -7.828920e-04
7.995805e+00 5.300964e-02 1.839779e-01 -1.038954e-03 -9.463307e-02 2.726667e-02 -5.048697e-03
5.036127e+00 -1.808805e-01 4.058782e-01 1.144374e-02 -5.861141e-02 -2.612030e-02 4.556216e-03
3.050039e+00 -5.409863e-01 4.688102e-01 -3.030424e-03 -3.206709e-02 -3.700400e-02 1.107284e-03
9.837395e+00 4.602987e-01 8.033764e-01 -1.090601e-01 -3.195238e-02 1.830728e-02 -1.116276e-03
4.273407e+00 1.600601e-01 1.010513e-01 6.442547e-03 -5.199210e-02 8.235281e-02 3.426280e-03
4.020240e+00 -2.178794e-01 -1.281051e-02 -2.276266e-02 5.069770e-03 -8.622599e-02 3.915171e-03
5.726679e-01 -2.634203e-01 -1.041438e-01 -2.712862e-02 3.003496e-02 -7.597012e-02 -1.129393e-05
6.223639e+00 7.101641e-01 4.518151e-01 1.025312e-01 -2.005813e-02 3.152741e-02 8.349465e-04
5.301798e+00 -1.298063e-02 3.073642e-02 -3.382263e-03 -2.109858e-01 -8.910370e-02 1.430627e-03
3.974258e+00 2.473421e-02 4.926233e-01 3.013610e-02 -6.210239e-02 3.118109e-03 2.112616e-04
3.022254e+00 7.047497e-02 -1.927726e-02 7.920131e-03 3.367452e-02 1.231093e-01 3.123134e-03
2.688671e+00 -1.191489e-02 -8.511721e-03 -3.640435e-04 1.692906e-01 -2.369766e-01 -1.375619e-02
7.205813e+00 1.740812e-01 -5.780395e-02 2.496216e-02 2.843482e-02 8.563374e-02 3.814554e-03
4.566837e+00 3.536058e-01 3.713165e-01 -9.124623e-02 -3.889871e-02 3.704335e-02 -1.508141e-03
8.684773e+00 -4.287020e-01 -7.643204e-01 1.303876e-01 3.488521e-02 -1.956687e-02 4.982782e-04
5.078405e+00 -2.163194e-01 -7.498651e-01 4.628128e-02 4.645226e-02 -1.340044e-02 -3.385296e-03
7.996719e+00 5.807899e-01 2.791902e-01 -5.326287e-02 -1.992411e-02 4.144744e-02 -3.882053e-03
9.876458e+00 3.780304e-01 -3.466813e-01 1.135242e-01 3.660043e-02 3.991007e-02 2.343196e-03
7.159271e+00 -1.224253e-01 6.920372e-01 -9.675417e-03 -5.006961e-02 -8.857595e-03 -3.736917e-03
3.629279e+00 -2.095700e-02 -4.565218e-02 2.406317e-03 1.766270e-01 -8.108206e-02 -4.610990e-03
8.132918e+00 2.097609e-01 -4.804706e-01 -7.282923e-02 5.203494e-02 2.271709e-02 9.321133e-04
5.199125e+00 -2.390122e-01 1.727973e-01 -1.159407e-02 -3.986305e-02 -5.513834e-02 -8.968967e-03
4.990076e+00 -4.351585e-01 -1.666174e-01 2.918716e-02 2.328071e-02 -6.080277e-02 1.743612e-03
3.714623e+00 -5.348743e-01 7.679025e-01 -1.529153e-02 -3.193867e-02 -2.224654e-02 1.325532e-03
6.589151e+00 8.862599e-02 -3.145213e-02 -1.617423e-02 4.736305e-02 1.334599e-01 -5.285591e-03
1.995400e+00 3.490271e-01 4.214989e-01 9.578199e-03 -4.291398e-02 3.553542e-02 -5.664759e-04
5.194100e+00 -7.996785e-03 5.767440e-03 2.038893e-03 -2.083891e-01 -2.889397e-01 2.551799e-02
7.378390e+00 2.830028e-01 2.940963e-01 -4.525283e-03 -4.217592e-02 4.058501e-02 -3.904464e-03
7.761975e+00 -3.336329e-01 1.823470e-01 5.413742e-02 -3.442571e-02 -6.298732e-02 -3.235836e-03
6.075239e+00 1.621477e-02 1.118023e-01 1.484258e-02 -1.144211e-01 1.659458e-02 4.102553e-03
7.465927e+00 3.577986e-01 2.050429e-01 -4.799699e-02 -3.125919e-02 5.454710e-02 6.337977e-04
2.944646e+00 -2.479761e-01 7.175956e-02 3.496393e-02 -2.021774e-02 -6.986549e-02 3.486202e-03
3.998679e+00 -3.501819e-01 3.990933e-01 -3.109920e-02 -4.513080e-02 -3.959974e-02 -1.137026e-04
3.635278e+00 -2.163442e-01 -3.129637e-01 -7.672334e-02 5.814650e-02 -4.019526e-02 -2.720487e-03
2.623760e+00 -6.232570e-01 2.762237e-01 7.715829e-02 -1.821104e-02 -4.109047e-02 1.923348e-03
5.426851e+00 -3.161566e-02 -2.560656e-01 2.675711e-02 7.434920e-02 -9.179673e-03 -1.385660e-03
9.687277e+00 1.612247e-01 -7.119324e-02 -5.049177e-03 3.838579e-02 8.692873e-02 -4.685038e-03
4.301178e+00 -4.660129e-01 1.908048e-01 5.381189e-02 -2.268960e-02 -5.541605e-02 -1.714900e-04
8.960213e+00 5.854467e-01 -4.160292e-01 -2.931064e-02 2.366735e-02 3.330528e-02 -2.985664e-03
7.495825e+00 -5.786006e-01 -8.021408e-01 1.501471e-02 2.860673e-02 -2.063462e-02 -7.563534e-04
2.846032e+00 1.403666e-01 1.087930e-01 1.231931e-02 -5.639306e-02 7.275929e-02 1.508970e-03
4.583950e+00 1.751759e-02 -8.155920e-02 1.849824e-02 1.267966e-01 2.723384e-02 -3.231789e-03
8.607102e+00 -9.806275e-02 -9.203968e-01 2.244872e-01 3.629576e-02 -3.867096e-03 -2.887423e-03
7.605174e+00 -3.615912e-01 -7.055906e-01 -4.323307e-02 4.037509e-02 -2.069086e-02 -3.258299e-03
9.188650e+00 7.215310e-01 1.550183e-01 8.553821e-02 -9.515671e-03 4.429058e-02 -9.082050e-04
4.538798e+00 1.550405e-02 -3.283408e-02 -1.725926e-03 1.944703e-01 9.182771e-02 -7.199714e-03
2.997934e+00 -8.931423e-02 4.552375e-01 6.505873e-03 -5.552759e-02 -1.089410e-02 3.933498e-03
8.726491e+00 -3.964456e-01 5.346237e-01 -9.006311e-02 -3.401737e-02 -2.522529e-02 4.460210e-03
1.564849e+00 -6.570612e-01 5.166928e-01 -1.036328e-01 -2.849475e-02 -3.623584e-02 1.598544e-03
1.892755e+00 -4.785039e-01 2.491375e-01 -1.008316e-02 -2.721505e-02 -5.227035e-02 -5.642822e-03
9.855172e-01 8.116622e-01 2.117906e-01 2.257097e-01 -1.139416e-02 4.366677e-02 1.881038e-03
1.975294e+00 -4.746779e-02 -1.104951e-01 1.962271e-02 1.100408e-01 -4.727263e-02 6.984334e-03
1.379358e+00 2.118994e-01 -3.272885e-01 6.450613e-02 4.620989e-02 2.991809e-02 6.984368e-03
6.304879e+00 -1.237693e-01 6.359400e-02 8.990567e-03 -5.401937e-02 -1.051347e-01 -7.676394e-03
5.281554e+00 5.185430e-01 2.690893e-01 8.727666e-02 -2.435898e-02 4.694047e-02 1.567630e-03
9.096208e+00 1.217847e-01 2.629658e-02 6.395379e-03 -2.396771e-02 1.109993e-01 2.581999e-03
2.643868e+00 -9.310417e-02 -7.850414e-01 -4.164415e-02 4.063742e-02 -4.819508e-03 5.254409e-04
5.113734e+00 -4.812734e-01 2.739413e-01 -4.845714e-03 -2.313264e-02 -4.064054e-02 -3.056601e-03
9.260405e+00 -1.937661e-01 9.895699e-02 -8.744897e-03 -3.832438e-02 -7.504234e-02 3.498334e-03
1.880451e+00 4.000681e-01 7.203714e-01 -7.702606e-02 -4.071991e-02 2.261436e-02 8.974627e-04
8.579178e+00 -9.215696e-01 3.389953e-01 -3.474503e-03 -1.521247e-02 -4.135560e-02 1.835468e-03
8.845935e+00 -2.287097e-01 7.639038e-01 3.141968e-02 -3.805624e-02 -1.139388e-02 4.170144e-04
4.153633e+00 -8.245871e-02 1.884241e-02 1.294906e-03 -3.173440e-02 -1.388770e-01 1.658863e-03
2.678019e+00 -7.472325e-01 5.838093e-01 6.533314e-02 -2.803067e-02 -3.587717e-02 1.430730e-03
5.453994e+00 -8.252095e-03 8.366936e-02 -9.997696e-03 -1.311350e-01 -1.293351e-02 3.053439e-03
8.352878e-01 1.224656e-01 7.949732e-02 1.647678e-03 -5.076133e-02 7.819784e-02 3.642586e-03
9.406399e+00 2.718845e-01 -3.392239e-01 -2.860730e-02 4.547948e-02 3.645135e-02 -2.800040e-03
9.721367e-01 6.297919e-01 6.920726e-01 -8.893612e-02 -2.618000e-02 2.382402e-02 3.861479e-05
3.917483e+00 -2.056943e-01 -8.527231e-01 7.609647e-02 3.708880e-02 -8.946582e-03 -5.736494e-05
1.571176e+00 5.076069e-01 -5.616948e-01 6.163501e-02 3.508395e-02 3.170557e-02 1.200449e-03
8.486457e+00 -1.719468e-01 -6.617658e-02 -2.860422e-02 3.074532e-02 -7.988566e-02 -1.867693e-03
3.468579e+00 6.764336e-01 2.524870e-01 5.126725e-02 -1.522133e-02 4.077920e-02 1.027530e-03
1.764611e+00 7.712291e-01 -2.667506e-01 -1.267405e-01 1.497206e-02 4.328719e-02 3.664403e-03
5.935639e+00 -7.248913e-01 -5.662458e-01 1.019206e-02 2.226121e-02 -2.849815e-02 -1.356518e-03
6.992219e+00 -7.079520e-01 2.429377e-01 -8.845633e-03 -1.665834e-02 -4.854457e-02 9.870597e-04
2.538512e+00 -2.412890e-01 -3.970329e-01 -7.021250e-03 4.697147e-02 -2.854599e-02 3.269049e-03
3.118280e+00 -1.219452e-01 -8.335067e-01 1.534914e-02 4.697541e-02 -6.872681e-03 -7.002629e-05
1.162703e+00 -3.578043e-01 3.227753e-01 1.167555e-02 -3.411562e-02 -3.781800e-02 -1.765698e-03
2.138969e+00 4.918783e-02 -6.824157e-01 -1.895040e-02 5.118904e-02 3.689654e-03 -1.890730e-03
6.898048e+00 -6.359567e-01 -3.568949e-01 -1.924898e-02 2.046868e-02 -3.647346e-02 1.649687e-03
8.294927e+00 2.416154e-01 6.751972e-01 -4.210455e-02 -4.432222e-02 1.586045e-02 -2.095472e-04
4.245236e+00 -2.587847e-01 8.302874e-02 8.132587e-03 -2.291211e-02 -7.141265e-02 5.409741e-03
2.410053e+00 9.030767e-01 2.531697e-01 5.496547e-02 -1.219007e-02 4.348295e-02 -3.435814e-03
4.027793e+00 5.176295e-01 2.503760e-01 3.483736e-02 -2.544757e-02 5.261053e-02 -2.235880e-05
3.769402e+00 3.709858e-01 4.247391e-01 1.513914e-02 -3.844014e-02 3.357530e-02 9.762739e-04
2.259790e+00 2.060456e-02 6.396538e-01 3.278625e-02 -4.370665e-02 1.407881e-03 1.741951e-03
2.760142e+00 -2.302557e-02 -1.666226e-02 -3.508058e-03 1.507613e-01 -2.083371e-01 -1.947500e-04
8.576558e+00 -5.837081e-02 -1.070223e-01 2.430488e-02 9.162169e-02 -4.997119e-02 -6.425363e-03
2.391043e+00 7.809369e-02 3.195079e-01 7.761263e-02 -6.999207e-02 1.710737e-02 -8.808535e-04
9.305880e+00 8.553674e-01 -3.578474e-01 2.164435e-02 1.377684e-02 3.293095e-02 -1.620092e-03
2.973728e+00 -5.188206e-02 -9.397267e-03 1.298000e-03 2.931915e-02 -1.618702e-01 2.120170e-03
3.632771e+00 -3.172752e-01 1.931147e-01 -1.688420e-04 -3.446205e-02 -5.661896e-02 -5.049409e-03
6.815815e+00 -5.133589e-01 2.200608e-01 3.386464e-02 -2.221129e-02 -5.181462e-02 2.595701e-03
6.434681e+00 -4.507349e-01 2.242143e-02 6.799714e-02 -3.169111e-03 -6.370819e-02 9.680925e-04
8.716714e+00 -3.864038e-03 -4.864818e-03 -4.731803e-04 4.340506e-01 -3.447586e-01 1.392043e-03
2.838001e+00 -4.264541e-01 3.129639e-01 7.543612e-02 -3.249904e-02 -4.428417e-02 -4.794885e-03
2.783969e+00 -2.338192e-02 -2.559971e-02 3.074877e-03 1.739139e-01 -1.588472e-01 -1.404975e-02
7.159115e+00 2.250205e-01 -2.538276e-01 -4.970635e-04 4.441051e-02 3.937032e-02 -5.571330e-03
6.320759e+00 -1.064606e-01 -3.000191e-01 -4.729111e-03 5.998056e-02 -2.128386e-02 -5.500938e-03
9.142598e+00 -6.052564e-02 5.247441e-01 -1.360549e-02 -5.554062e-02 -6.406231e-03 1.709229e-03
2.151274e+00 -9.187812e-01 3.885381e-01 -8.383021e-02 -1.496697e-02 -3.539259e-02 -9.666136e-04
3.066184e+00 1.627323e-01 3.836933e-01 -5.238254e-02 -4.864872e-02 2.063294e-02 -3.965840e-03
6.362614e+00 5.384194e-02 -4.622713e-02 -4.252526e-04 9.697510e-02 1.129494e-01 5.442792e-04
7.181518e-01 2.851431e-02 2.484395e-01 1.126514e-02 -7.145452e-02 8.201098e-03 4.832777e-04
5.961743e+00 -7.991008e-01 3.255871e-01 -6.069586e-02 -1.583686e-02 -3.886900e-02 5.918331e-04
6.810974e+00 1.768660e-02 2.934389e-01 -3.867240e-02 -7.076589e-02 4.265310e-03 2.752904e-03
5.692747e+00 3.810750e-02 4.202109e-01 2.071636e-02 -6.720705e-02 6.094780e-03 4.122084e-03
3.304673e+00 8.248894e-04 4.255337e-01 -4.967440e-02 -5.519547e-02 1.069954e-04 3.218431e-03
7.979079e+00 1.107410e-01 2.045728e-01 4.275697e-03 -7.124759e-02 3.856831e-02 9.685524e-04
3.468808e+00 -5.883891e-01 1.710270e-01 4.060265e-02 -1.334470e-02 -4.591014e-02 -9.139049e-04
4.125531e+00 -3.168081e-01 -8.866622e-01 1.013257e-02 4.170120e-02 -1.490001e-02 -2.107945e-03
5.445844e+00 -8.122331e-02 -7.611900e-02 2.002886e-02 7.511424e-02 -8.015116e-02 -9.109931e-03
8.250787e+00 -4.564666e-01 7.708287e-01 -7.922489e-02 -3.404462e-02 -2.016042e-02 4.012129e-04
6.468865e+00 -2.292580e-02 8.745531e-02 -1.017750e-02 -1.197897e-01 -3.140203e-02 2.076744e-03
6.667176e+00 -3.771006e-02 -9.006199e-02 2.970483e-02 1.207277e-01 -5.055016e-02 -3.881989e-03
5.707892e-01 4.739949e-01 7.613507e-01 -1.009509e-01 -3.694214e-02 2.299910e-02 3.105609e-04
6.560965e+00 9.758664e-02 8.377018e-02 -1.949593e-02 -7.936294e-02 9.245250e-02 -6.399909e-03
5.053328e+00 4.257565e-02 1.212388e-01 1.775735e-04 -1.005071e-01 3.529527e-02 -4.187034e-03
7.398804e+00 1.211281e-01 6.447377e-02 9.242442e-03 -5.078296e-02 9.540690e-02 -5.776371e-03
1.095854e+00 4.164457e-01 -3.610375e-01 4.433186e-03 3.843183e-02 4.432994e-02 6.217297e-03
3.987001e+00 -1.771331e-01 6.353542e-03 -2.472306e-02 -3.087818e-03 -8.608658e-02 -3.560252e-03
7.150455e+00 -3.925976e-01 -6.929988e-01 -6.893814e-03 3.834185e-02 -2.172142e-02 -1.195024e-03
9.019003e+00 -2.086047e-02 -2.031703e-01 8.328591e-03 7.539292e-02 -7.740954e-03 -6.481225e-03
7.861257e+00 -7.145541e-02 -3.474451e-01 -4.026200e-02 6.957567e-02 -1.430890e-02 -2.968178e-03
9.881879e+00 -8.950896e-01 2.948178e-01 3.774764e-02 -1.321030e-02 -4.010750e-02 -4.888800e-04
8.036613e+00 -4.744354e-01 -7.248247e-01 7.428724e-02 3.947575e-02 -2.583893e-02 1.896228e-03
7.348346e+00 -1.988927e-01 -1.389401e-01 5.436518e-02 4.749309e-02 -6.798637e-02 3.172510e-03
1.871374e+00 6.983541e-01 9.596482e-02 -4.824168e-02 -6.429200e-03 4.678651e-02 1.474858e-03
5.168417e+00 2.452734e-01 1.534884e-01 -4.182017e-03 -4.117965e-02 6.580481e-02 1.765160e-03
5.069659e+00 -7.393488e-01 -1.297619e-01 -4.449176e-02 8.758861e-03 -4.990566e-02 -7.328961e-04
1.141115e+00 1.451408e-01 -4.378067e-01 -5.054146e-02 6.143997e-02 2.036846e-02 -5.469820e-04
2.937858e+00 -4.725994e-02 3.207158e-01 5.958007e-03 -6.318941e-02 -9.311445e-03 -4.158268e-03
3.394099e+00 -2.194047e-01 5.439227e-02 -8.325666e-03 -2.100872e-02 -8.474384e-02 -3.160499e-03
1.196045e+00 -2.861112e-01 8.355377e-02 -3.299522e-02 -2.207193e-02 -7.558036e-02 3.658768e-03
5.832153e+00 -3.774253e-01 -7.503201e-01 -2.920490e-02 3.713368e-02 -1.867895e-02 5.396682e-04
2.257520e+00 5.941561e-02 -7.864184e-01 7.149607e-02 3.984405e-02 3.010304e-03 -1.691457e-03
4.901666e+00 -1.067122e-01 9.565310e-02 -1.426370e-02 -6.331046e-02 -7.063018e-02 -9.858996e-05
1.606978e+00 -2.016873e-01 -3.165378e-01 -2.535553e-03 4.985716e-02 -3.176732e-02 -5.345403e-04
2.548454e+00 -1.584610e-01 1.101885e-01 9.118144e-03 -5.678926e-02 -8.166809e-02 -1.555581e-03
7.463029e+00 8.924748e-01 -1.682189e-01 3.893218e-02 8.570853e-03 4.547212e-02 2.312614e-05
5.281671e+00 8.320942e-02 1.393040e-01 1.326204e-02 -7.492525e-02 4.475456e-02 -1.228752e-03
9.368922e+00 -1.030823e-02 4.141205e-02 8.646359e-04 -2.020824e-01 -5.030206e-02 2.254348e-02
5.917020e+00 5.083825e-02 4.355545e-02 1.033807e-02 -1.092381e-01 1.275036e-01 -2.939608e-03
7.973310e-01 3.180941e-02 1.675273e-02 6.958405e-03 -1.076210e-01 2.043464e-01 1.653066e-03
7.132837e+00 7.999318e-01 6.198241e-02 3.796712e-02 -3.642169e-03 4.700506e-02 7.742586e-04
5.168184e-01 -5.550317e-01 -7.441191e-01 -7.946907e-02 3.105194e-02 -2.316136e-02 2.162247e-03
5.593671e+00 -7.092785e-01 -8.523593e-03 -1.543129e-01 6.256118e-04 -5.205938e-02 1.648550e-03
2.657061e+00 -1.290139e-01 6.959921e-01 -2.145478e-02 -4.928460e-02 -9.135731e-03 2.527082e-03
3.445721e+00 3.493993e-01 5.640479e-02 4.379981e-02 -9.864853e-03 6.110781e-02 3.207642e-03
2.553844e+00 -1.309354e-03 -2.397228e-03 5.703924e-04 7.018242e-01 -3.833328e-01 4.152321e-02
9.236149e+00 1.363272e-01 1.065400e-02 4.475964e-03 -7.470788e-03 9.559521e-02 3.137476e-03
1.474357e+00 1.030507e-01 4.841991e-01 1.663748e-02 -5.006543e-02 1.065528e-02 -9.160848e-04
8.313962e+00 -3.947349e-01 5.267537e-01 1.260505e-01 -3.539334e-02 -2.652281e-02 -1.633073e-03
4.228463e+00 -8.930481e-02 -7.147953e-01 -1.754604e-02 4.380827e-02 -5.473300e-03 -1.289920e-04
2.828701e+00 -3.087839e-01 -5.682039e-01 1.799840e-02 4.519842e-02 -2.456256e-02 4.477699e-03
1.640166e+00 1.628944e-01 3.629284e-01 -1.197423e-02 -5.487960e-02 2.463180e-02 1.502602e-03
1.895497e+00 9.181050e-01 3.421685e-01 4.550529e-02 -1.293555e-02 3.470862e-02 1.875087e-03
1.605703e+00 -5.227142e-01 -2.886760e-01 -5.460401e-02 2.397943e-02 -4.342025e-02 -5.592018e-03
2.897218e+00 -3.024520e-01 -4.205980e-01 1.020881e-02 4.014282e-02 -2.886670e-02 -1.828102e-03
1.992721e+00 -5.493323e-01 1.131710e-01 3.510866e-02 -1.043776e-02 -5.066488e-02 -8.542483e-04
3.455602e+00 1.313789e-01 5.453538e-02 -1.128581e-02 -4.196642e-02 1.010995e-01 8.071284e-03
3.938207e+00 -1.337398e-01 1.436865e-01 -1.500737e-02 -7.244671e-02 -6.743159e-02 8.637020e-03
1.326943e+00 -5.149933e-01 7.937176e-01 -7.480505e-02 -2.976431e-02 -1.931218e-02 -2.936711e-03
4.875822e+00 -1.157906e-01 1.094042e-01 2.234921e-03 -6.576103e-02 -6.959979e-02 3.428242e-03
6.507194e+00 8.146020e-01 -2.747038e-01 4.681457e-02 1.323372e-02 3.924305e-02 -3.862228e-03
5.809598e+00 -7.482541e-01 -3.595149e-01 -1.257395e-01 1.979633e-02 -4.120186e-02 2.092192e-03
6.714180e+00 -8.382871e-01 4.295093e-01 9.348479e-03 -1.922942e-02 -3.753069e-02 -1.595247e-03
4.338457e+00 3.578214e-01 5.178732e-01 1.663665e-01 -4.489697e-02 3.102129e-02 1.146059e-03
1.718191e+00 -8.585400e-02 7.890700e-01 -1.017584e-01 -4.068114e-02 -4.426272e-03 1.603617e-03
4.366433e+00 2.530372e-01 -7.746773e-01 -8.562763e-02 3.787502e-02 1.237133e-02 -5.073879e-03
5.537777e+00 2.214891e-03 -2.130875e-02 6.208607e-04 2.570314e-01 2.671655e-02 6.749281e-03
9.642218e+00 -1.627558e-01 7.580279e-02 -1.629430e-02 -4.116411e-02 -8.838330e-02 -7.850039e-03
6.685624e+00 7.198888e-02 -8.222868e-01 1.988872e-02 4.264271e-02 3.733248e-03 7.141454e-04
4.529153e+00 -1.473817e-01 -2.165158e-01 -1.226497e-02 6.870464e-02 -4.676704e-02 -3.520812e-03
8.457403e+00 1.185030e-01 -2.752674e-01 -4.473667e-02 5.993321e-02 2.580133e-02 -5.516923e-04
6.484858e+00 -2.691748e-01 5.778781e-01 1.526328e-02 -4.268407e-02 -1.988217e-02 1.568037e-03
7.893829e+00 -5.317025e-01 -7.440481e-01 3.484772e-02 3.289538e-02 -2.350729e-02 -7.239008e-04
3.653234e+00 -6.435236e-01 1.847085e-01 -4.248273e-02 -1.302771e-02 -4.538847e-02 2.862236e-03
9.076104e+00 -4.985335e-01 1.298530e-01 -5.564811e-02 -1.553446e-02 -5.964012e-02 -5.784037e-03
1.060394e+00 -9.904801e-02 -7.944636e-01 -4.718649e-03 4.048601e-02 -5.047504e-03 2.380268e-03
2.084162e+00 5.119742e-02 -1.191964e-01 -4.904348e-03 1.086811e-01 4.668088e-02 2.213381e-03
1.411334e+00 -3.586131e-02 -2.493059e-02 1.600044e-03 1.187925e-01 -1.708766e-01 8.991917e-03
2.722648e+00 -2.032859e-01 6.208773e-01 -1.195906e-02 -5.182646e-02 -1.696887e-02 -2.337940e-03
6.553536e+00 -8.569430e-01 -5.927719e-02 -1.329720e-01 2.626016e-03 -3.796310e-02 -2.915532e-04
9.940732e+00 -2.042264e-01 7.795418e-01 6.395996e-02 -3.814448e-02 -9.993192e-03 -4.353897e-04
7.918788e+00 -1.137016e-01 2.742999e-01 3.175459e-02 -7.470220e-02 -3.096524e-02 1.633605e-04
5.653827e+00 1.977282e-01 6.591842e-02 1.810019e-02 -2.704284e-02 8.111744e-02 4.302192e-03
6.979640e-01 3.373949e-01 2.411947e-01 2.830583e-02 -3.516316e-02 4.918793e-02 2.916037e-03
9.937642e+00 2.884545e-01 -3.738982e-01 -1.944784e-02 4.740769e-02 3.657402e-02 2.414661e-03
8.494988e-01 -5.065800e-01 -7.908103e-01 -9.396752e-02 2.966739e-02 -1.900444e-02 -4.986582e-04
2.153121e+00 5.058301e-02 5.380789e-01 -8.087276e-02 -4.749520e-02 4.464866e-03 3.421761e-03
4.249374e+00 -9.338858e-01 2.314883e-01 6.532191e-02 -9.815573e-03 -3.959865e-02 2.632906e-03
9.693337e+00 -1.761563e-02 3.168290e-02 2.381221e-03 -1.580883e-01 -8.789683e-02 -8.279270e-03
2.625106e+00 -3.732766e-01 -6.892636e-01 -8.856710e-02 3.552607e-02 -1.923945e-02 -2.737617e-04
8.493212e+00 3.860030e-01 7.874875e-01 8.222743e-02 -4.084520e-02 2.002111e-02 2.141218e-04
3.242876e+00 8.610747e-03 -2.233950e-01 1.436765e-02 8.992171e-02 3.466027e-03 -3.638958e-04
7.927967e+00 3.883106e-02 2.802430e-01 1.868775e-02 -7.337141e-02 1.016650e-02 -3.805166e-03
2.438508e+00 -2.321726e-02 1.655223e-01 -7.685090e-03 -1.053599e-01 -1.477848e-02 3.001597e-03
6.170019e+00 5.648368e-02 1.921348e-01 2.420302e-02 -9.376235e-02 2.756420e-02 -3.141366e-03
5.970869e+00 1.796699e-01 1.684079e-01 1.087755e-02 -5.455318e-02 5.820132e-02 2.855476e-03
1.424705e+00 -1.946893e-03 -1.753292e-02 -1.563586e-03 3.155631e-01 -3.504080e-02 1.003430e-03
7.686306e+00 2.411582e-01 3.867108e-01 3.711859e-02 -4.522288e-02 2.820161e-02 9.424512e-05
7.616214e+00 8.267085e-02 -4.773749e-02 -1.301915e-03 6.440904e-02 1.115423e-01 2.607048e-03
2.617201e+00 -5.253290e-01 -1.334864e-01 -8.839919e-02 1.245497e-02 -4.901588e-02 1.075257e-03
2.044284e+00 -8.362150e-01 -4.131861e-01 2.573605e-02 1.750195e-02 -3.542082e-02 3.106541e-03
6.753767e+00 9.635730e-02 -6.861437e-01 7.032245e-02 4.362713e-02 6.126694e-03 -7.474213e-04
7.647652e+00 -1.119393e-01 4.202267e-01 6.609809e-02 -5.943105e-02 -1.583114e-02 3.207740e-04
7.545246e+00 -5.810242e-01 -3.363019e-01 -3.320437e-02 2.511947e-02 -4.339857e-02 2.713992e-03
6.340577e+00 -2.597183e-01 -1.939452e-01 2.240762e-02 4.231166e-02 -5.666092e-02 -1.639063e-03
3.222964e+00 4.306558e-01 -8.754675e-02 -6.840969e-02 1.193853e-02 5.872743e-02 1.344736e-03
9.202187e+00 -9.098551e-01 -3.131761e-01 2.179907e-02 1.384578e-02 -4.022548e-02 1.511539e-03
1.140795e+00 -2.714986e-02 -3.775235e-01 -7.005103e-02 5.839047e-02 -4.199190e-03 4.077616e-04
4.904388e+00 -4.256097e-01 3.046232e-02 -9.053362e-02 -4.157092e-03 -5.808155e-02 2.503900e-03
7.085153e+00 -8.492005e-02 -3.452266e-02 1.395626e-03 4.459879e-02 -1.097057e-01 5.155961e-03
7.731383e-01 -1.028586e-01 -1.129381e-01 -4.654562e-03 7.793360e-02 -7.097814e-02 4.569084e-03
3.979638e+00 -2.755737e-02 2.210613e-02 7.566326e-03 -1.147887e-01 -1.430950e-01 7.900359e-03
6.843234e+00 -4.281314e-01 -6.060540e-01 -6.907343e-02 4.124869e-02 -2.913908e-02 -2.412724e-03
1.283214e+00 2.552033e-01 4.233394e-02 4.371401e-02 -1.262272e-02 7.609400e-02 -1.067669e-04
3.401248e+00 -7.321053e-01 -4.147758e-01 1.672024e-01 2.332123e-02 -4.116344e-02 -1.284650e-03
1.868764e+00 3.643803e-01 6.035287e-01 -1.291983e-01 -4.246759e-02 2.563980e-02 3.368814e-04
8.605006e+00 7.629581e-01 5.436169e-01 1.787586e-03 -2.259587e-02 3.171297e-02 1.399100e-03
7.661980e+00 -3.100034e-01 8.206677e-01 -8.720400e-02 -4.174929e-02 -1.577060e-02 4.300791e-05
5.228231e+00 3.132905e-01 2.093180e-01 -3.897777e-02 -3.440129e-02 5.148912e-02 7.741932e-04
6.554830e+00 -6.126523e-01 -6.024738e-01 3.922203e-05 3.035222e-02 -3.086501e-02 9.601602e-04
8.445194e+00 -6.366504e-02 -2.416835e-02 -1.143320e-03 5.692218e-02 -1.499462e-01 -1.567587e-03
7.997762e+00 -1.927776e-01 -2.162247e-01 3.476391e-02 5.686024e-02 -5.069438e-02 7.931403e-03
2.594674e+00 -8.765481e-02 7.555168e-01 -1.777871e-02 -4.380851e-02 -5.082650e-03 -1.453701e-03
6.500043e+00 -1.622789e-01 -6.185059e-02 1.401818e-02 3.225230e-02 -8.462112e-02 7.594843e-03
1.532004e+00 -1.060247e-01 -9.855122e-01 -8.767100e-02 4.349001e-02 -4.678799e-03 -1.806243e-03
2.112428e+00 1.710246e-01 -5.181048e-03 2.692960e-02 2.496665e-03 8.241403e-02 -6.243868e-03
6.048998e+00 2.156975e-02 -4.145993e-02 4.802976e-03 1.581490e-01 8.227790e-02 1.402433e-02
4.958349e+00 1.799884e-01 9.438224e-02 -1.690723e-03 -4.533921e-02 8.646258e-02 -4.018957e-03
9.409988e+00 -2.668376e-02 1.508834e-02 3.829285e-03 -1.167712e-01 -2.065102e-01 9.287094e-03
2.004027e+00 -1.520231e-02 2.376158e-01 1.276144e-02 -7.462912e-02 -4.774662e-03 1.708936e-03
6.019045e+00 4.390875e-02 4.249119e-02 -2.978832e-03 -1.109457e-01 1.146470e-01 -2.675570e-02
2.719629e+00 -3.678092e-01 -3.188847e-01 6.173741e-02 3.494185e-02 -4.030276e-02 -2.500917e-06
8.176561e+00 -3.779021e-01 -3.848522e-01 3.829363e-02 3.984279e-02 -3.912326e-02 3.478846e-03
7.880281e+00 3.924379e-01 -2.076388e-01 2.924803e-02 2.647765e-02 5.004283e-02 3.481058e-03
6.815220e-01 -5.342047e-01 5.990159e-01 -5.920391e-02 -3.280600e-02 -2.925652e-02 -4.303869e-03
9.541913e+00 4.855822e-01 6.413159e-01 9.955169e-02 -3.130884e-02 2.370597e-02 4.356349e-05
8.253813e+00 3.712319e-01 4.977661e-01 2.975451e-02 -3.711107e-02 2.767728e-02 -2.494309e-03
6.083561e+00 9.723720e-01 4.637283e-02 -1.455085e-01 -2.068738e-03 4.337847e-02 -2.322700e-03
4.488671e+00 -5.339974e-02 -5.209069e-01 -6.939321e-02 6.096498e-02 -6.249703e-03 -7.820968e-03
8.763677e+00 1.657391e-01 -1.593730e-01 -1.657942e-02 5.038718e-02 5.239988e-02 -6.570082e-03
6.693404e+00 -5.716648e-01 -5.416819e-01 -3.406605e-02 2.908528e-02 -3.069520e-02 -2.568315e-03
3.204920e+00 4.273270e-01 -1.422993e-01 3.504257e-02 1.691150e-02 5.078547e-02 2.679715e-03
1.716368e+00 -1.546993e-01 -4.948327e-01 -5.105325e-02 5.732587e-02 -1.792176e-02 -6.721955e-04
6.373310e+00 7.422243e-01 2.797610e-01 -2.658375e-02 -1.452606e-02 3.853860e-02 1.629016e-03
1.419643e+00 6.579817e-02 8.887339e-01 -2.939050e-02 -4.301721e-02 3.184816e-03 -3.470492e-03
8.842420e-01 -1.219647e-02 1.641929e-01 -2.815129e-02 -9.669325e-02 -7.182507e-03 7.239030e-03
8.678076e-01 -7.119124e-02 2.372140e-01 2.699951e-02 -7.771268e-02 -2.332266e-02 -6.736198e-04
9.012789e+00 2.062109e-02 -4.797222e-02 -6.705733e-03 1.738671e-01 7.473761e-02 -3.458714e-03
8.492815e+00 -3.406315e-01 -7.895029e-01 -6.499330e-02 3.569495e-02 -1.540061e-02 3.362403e-03
1.674906e+00 6.361350e-02 -1.989249e-01 2.831111e-02 9.236435e-02 2.953688e-02 -3.560606e-03
4.654302e+00 4.008958e-01 -4.303081e-01 -7.676000e-02 3.595886e-02 3.350101e-02 4.789031e-04
7.023754e+00 -4.109945e-01 -6.040388e-01 -3.483824e-03 3.876834e-02 -2.637839e-02 -2.631186e-03
3.384920e+00 -7.442777e-03 -7.438580e-01 1.986500e-02 4.449012e-02 -4.451522e-04 2.360357e-03
5.033186e+00 2.649242e-01 6.857779e-01 5.217523e-02 -4.383905e-02 1.693555e-02 6.161572e-03
6.071600e+00 -1.096279e-01 7.705817e-02 4.188343e-02 -5.886405e-02 -8.374375e-02 -1.065426e-02
9.250619e+00 -9.085840e-02 -3.798371e-01 -2.043806e-02 6.402320e-02 -1.531458e-02 1.012335e-03
4.523140e+00 -2.170438e-01 -6.501215e-02 -1.150011e-02 2.358763e-02 -7.874754e-02 3.487112e-03
7.410859e-01 -1.810741e-01 5.530039e-01 -8.695398e-03 -5.332365e-02 -1.746015e-02 -4.064356e-04
7.048783e+00 1.647430e-01 9.234534e-02 -1.073391e-02 -4.500034e-02 8.028010e-02 6.925792e-03
4.111004e+00 -5.718524e-01 2.044974e-01 -2.876689e-02 -1.490117e-02 -4.166935e-02 -2.873964e-04
7.685288e+00 1.229542e-01 -2.759157e-01 -7.592548e-03 6.506288e-02 2.899348e-02 4.972282e-03
3.569865e+00 -6.301584e-01 2.957474e-01 2.099140e-02 -2.160518e-02 -4.603484e-02 1.191115e-04
7.936741e+00 -2.589028e-01 5.275000e-01 1.104207e-02 -4.006934e-02 -1.966647e-02 -1.368166e-03
8.545165e-01 9.092485e-02 5.417093e-02 -1.426783e-02 -6.874882e-02 1.153936e-01 2.684964e-03
9.739932e+00 1.908092e-01 -7.603601e-01 -7.049889e-02 4.563802e-02 1.145267e-02 2.337571e-03
5.751003e+00 -8.636433e-02 -8.466911e-01 5.383691e-02 4.636952e-02 -4.729792e-03 2.735042e-03
9.575496e+00 -5.927717e-02 -1.209263e-02 -6.053179e-04 3.327444e-02 -1.631089e-01 -1.201585e-03
4.870603e+00 -4.846649e-01 2.823683e-01 6.468734e-02 -2.465449e-02 -4.231766e-02 5.477852e-04
4.402070e+00 -8.652427e-01 -3.606284e-01 -6.158079e-02 1.602110e-02 -3.843883e-02 1.756105e-03
5.340284e-01 3.577413e-02 2.328387e-01 -3.271438e-02 -7.819876e-02 1.201472e-02 -2.338942e-03
9.951359e+00 -4.289904e-01 8.697875e-01 -9.376048e-02 -4.032254e-02 -1.988760e-02 -1.663648e-03
3.209168e+00 -2.060168e-02 5.058824e-02 3.364605e-04 -1.700931e-01 -6.926913e-02 1.157744e-02
2.363675e+00 5.805395e-01 -2.981215e-01 1.899180e-02 2.085970e-02 4.062062e-02 -4.213149e-03
6.861102e+00 -2.029669e-01 -7.722260e-01 8.042962e-03 4.558507e-02 -1.198129e-02 -1.867416e-03
8.561446e+00 -2.622140e-01 3.613044e-01 5.219853e-02 -4.406705e-02 -3.198134e-02 1.800984e-03
4.472547e+00 -1.886930e-01 -1.940684e-01 3.308231e-02 5.763488e-02 -5.603848e-02 -3.548376e-03
7.234593e+00 -8.220054e-01 3.854409e-01 -6.400330e-02 -1.718970e-02 -3.665938e-02 -2.002148e-03
8.382045e+00 3.529014e-02 1.201038e-02 5.297747e-03 -6.473075e-02 1.901985e-01 -3.577234e-03
9.043577e+00 2.939559e-01 1.613725e-01 -8.727427e-03 -2.920095e-02 5.319240e-02 -2.486400e-03
9.025590e-01 1.823032e-01 -2.504649e-02 1.425779e-02 1.188875e-02 8.653335e-02 3.313937e-03
8.566311e+00 -5.723238e-01 3.812996e-01 5.686571e-02 -2.684572e-02 -4.029495e-02 -3.132932e-03
3.177733e+00 3.487802e-01 5.627965e-02 1.463710e-02 -1.007160e-02 6.241642e-02 -6.527623e-04
8.686345e+00 -1.793347e-01 3.001020e-01 -4.808450e-02 -6.018295e-02 -3.596408e-02 -4.161354e-03
3.578788e+00 5.575936e-01 1.601312e-01 -6.596536e-02 -1.239408e-02 4.315747e-02 -3.315714e-03
8.579855e+00 1.985279e-01 -2.705457e-01 -1.030067e-02 5.455900e-02 4.003569e-02 5.810467e-03
6.059434e+00 2.449174e-01 4.014326e-01 -3.198094e-02 -5.175996e-02 3.157919e-02 5.029744e-03
8.953114e-01 7.745996e-02 2.552269e-01 -2.552265e-02 -7.080612e-02 2.148927e-02 -1.373998e-03
3.831722e+00 -3.289017e-01 -9.442375e-02 1.635734e-02 1.911323e-02 -6.657617e-02 -3.617318e-03
5.988888e+00 -4.223384e-01 -2.019420e-01 2.362800e-02 2.551483e-02 -5.336134e-02 -2.379678e-03
5.798827e+00 7.592345e-01 -1.029417e-01 1.111737e-01 6.288075e-03 4.637694e-02 3.366272e-03
5.932816e+00 -4.105544e-01 2.037529e-01 -1.984561e-02 -2.824329e-02 -5.690917e-02 1.553636e-03
7.755053e+00 5.448484e-01 4.009869e-01 3.616130e-02 -2.568502e-02 3.489999e-02 5.377878e-04
4.058836e+00 -3.875213e-01 9.361522e-02 -2.479298e-02 -1.448240e-02 -5.995008e-02 -4.273936e-03
9.394027e+00 1.534902e-01 -4.056670e-01 5.262102e-02 5.133260e-02 1.942245e-02 -3.206063e-03
5.174487e+00 2.435841e-02 -6.358040e-02 5.198990e-03 1.486388e-01 5.694529e-02 -2.060769e-03
1.524520e+00 -5.372293e-02 -7.453513e-03 -1.886924e-03 2.525036e-02 -1.819979e-01 4.398913e-03
3.651143e+00 -5.879260e-01 -3.727971e-01 -2.185285e-02 2.402616e-02 -3.789086e-02 1.613033e-03
4.374852e+00 -4.962095e-01 1.713869e-01 -1.238362e-01 -1.774112e-02 -5.136515e-02 -5.956718e-04
6.955033e+00 -3.262776e-02 -5.312679e-02 -9.705474e-03 1.302910e-01 -8.001810e-02 -1.612374e-02
5.240986e+00 -6.823512e-02 1.251892e-01 9.919851e-03 -8.910787e-02 -4.856876e-02 1.216721e-02
6.724956e+00 3.834808e-01 3.744463e-01 7.005156e-03 -3.805086e-02 3.896894e-02 -1.746652e-03
2.106668e+00 1.688724e-01 6.416559e-01 -5.852348e-02 -4.124328e-02 1.085450e-02 -1.411608e-04
5.268001e+00 8.669901e-01 4.344154e-01 -1.151971e-01 -1.805598e-02 3.603546e-02 -1.206910e-03
8.170962e+00 5.464517e-01 -3.988153e-01 -8.921963e-04 2.953724e-02 4.047156e-02 1.967957e-04
7.418318e+00 1.487313e-01 -7.563434e-03 -9.437794e-03 4.912066e-03 9.659342e-02 -1.684090e-03
3.004210e+00 -9.171176e-01 -2.478648e-01 3.852651e-03 1.057590e-02 -3.913158e-02 -6.398053e-04
8.973264e+00 9.429563e-02 -1.931635e-01 1.661067e-03 8.262079e-02 4.033257e-02 -4.154983e-03
1.586114e+00 -3.639307e-01 -8.849867e-01 1.286736e-02 4.091369e-02 -1.682483e-02 4.983991e-04
8.025698e+00 -8.387879e-02 -4.223910e-01 -1.026142e-01 5.804012e-02 -1.152566e-02 -1.778390e-04
6.037327e+00 -1.250674e-01 -9.268287e-02 8.607631e-03 6.633869e-02 -8.951826e-02 2.675365e-03
3.493996e+00 -6.142954e-01 -2.219140e-01 4.268534e-02 1.606777e-02 -4.447830e-02 -1.485228e-03
3.195565e+00 7.781224e-01 -2.028912e-01 1.283925e-01 1.018579e-02 3.906424e-02 -2.392903e-03
2.643138e+00 -4.009040e-01 6.496235e-01 6.305980e-02 -3.376968e-02 -2.084038e-02 -3.910932e-04
6.374626e+00 1.897757e-01 8.053199e-02 -1.076317e-02 -3.402077e-02 8.017081e-02 -4.567036e-03
2.079643e+00 -4.905853e-01 -8.291749e-01 -1.119068e-01 3.616139e-02 -2.139506e-02 -4.318323e-03
1.733381e+00 -4.601156e-02 1.690194e-02 -6.011841e-04 -5.454368e-02 -1.484824e-01 -7.906746e-03
7.436192e-01 4.454545e-02 3.273862e-01 1.803320e-02 -6.975288e-02 9.490850e-03 -2.482700e-03
6.156259e+00 -8.520692e-01 1.721378e-01 -2.056746e-02 -8.440837e-03 -4.178152e-02 2.840907e-03
3.089910e+00 -4.241369e-02 1.528750e-01 -1.316089e-02 -1.005338e-01 -2.789212e-02 7.360736e-03
3.674977e+00 7.399793e-02 -2.093509e-01 -1.788688e-03 8.820204e-02 3.117622e-02 6.033834e-04
3.536868e+00 3.476987e-01 -1.382915e-01 4.754298e-02 2.421870e-02 6.089173e-02 1.431945e-03
5.480128e+00 -3.044504e-02 -6.684814e-02 5.217755e-03 1.482580e-01 -6.752201e-02 -9.218322e-03
9.117999e+00 -2.141999e-01 -1.320681e-01 2.913860e-02 4.412261e-02 -7.156198e-02 5.709318e-03
4.097115e+00 -5.231001e-02 6.886182e-01 3.906456e-02 -4.671479e-02 -3.548631e-03 7.673101e-04
9.608614e+00 -3.013691e-01 4.410500e-01 4.008061e-03 -4.103259e-02 -2.803753e-02 5.341833e-04
1.804946e+00 1.831740e-01 1.286538e-01 4.242641e-02 -4.548215e-02 6.475636e-02 7.125821e-03
8.146676e+00 3.330782e-02 -3.414236e-02 2.301927e-03 1.169609e-01 1.141020e-01 -2.164561e-03
8.195339e+00 -3.234319e-01 1.825046e-01 -1.012449e-02 -2.861941e-02 -5.071890e-02 2.616248e-03
6.959300e-01 2.101044e-04 -3.846004e-03 1.001172e-04 5.764866e-01 3.149304e-02 1.853452e-02
7.329184e+00 -4.975620e-03 1.678296e-02 2.039358e-03 -3.096655e-01 -9.180606e-02 -1.260046e-03
7.634613e+00 4.155505e-01 -3.555166e-01 5.587852e-02 3.856936e-02 4.508233e-02 -3.812175e-04
4.926036e+00 6.848187e-01 1.192892e-01 4.879221e-02 -7.947326e-03 4.562422e-02 -1.831269e-04
4.471599e+00 -3.381857e-01 -1.768468e-03 -5.430863e-02 3.907535e-04 -7.472416e-02 2.930913e-04
9.068317e+00 -2.566730e-01 -9.625340e-01 9.333904e-02 4.279884e-02 -1.141290e-02 4.084384e-03
2.841400e+00 4.923741e-02 1.992312e-02 -5.765661e-03 -6.846052e-02 1.691913e-01 5.469541e-03
6.069065e+00 4.517986e-01 -1.322860e-01 4.124449e-03 1.670711e-02 5.706004e-02 -2.664005e-03
9.962208e+00 -9.705751e-02 7.759043e-01 8.907118e-03 -4.040886e-02 -5.054726e-03 -8.527582e-04
2.437365e+00 -4.019221e-01 -4.120953e-01 7.065831e-02 3.779980e-02 -3.686665e-02 -9.718086e-04
2.295987e+00 -2.340128e-01 -7.275278e-01 3.056858e-02 3.908180e-02 -1.257085e-02 1.388505e-03
5.770718e+00 -3.256051e-01 -4.514346e-01 4.100812e-02 4.749679e-02 -3.425789e-02 -9.819372e-04
9.420646e+00 -6.064137e-02 -3.849290e-01 5.333149e-02 5.593854e-02 -8.812507e-03 6.672822e-03
3.675839e+00 6.361412e-01 4.557219e-01 -1.085341e-01 -2.292156e-02 3.199616e-02 2.016841e-03
1.112516e+00 1.605538e-01 5.185013e-01 -1.017522e-01 -4.968549e-02 1.538510e-02 3.414177e-03
6.021692e+00 5.729447e-02 2.527285e-01 -6.087582e-03 -8.177403e-02 1.853847e-02 6.131514e-03
9.531056e+00 -6.115651e-01 -2.763998e-01 -5.185822e-02 2.164306e-02 -4.788766e-02 -2.255591e-03
6.461195e+00 6.265259e-01 4.718924e-01 4.472144e-02 -2.455866e-02 3.260624e-02 -2.107279e-03
5.422347e+00 1.595070e-01 -5.228952e-01 5.789093e-02 4.608216e-02 1.405717e-02 7.914754e-04
5.763621e+00 6.389733e-01 6.785002e-01 -1.359310e-01 -3.119795e-02 2.938047e-02 -1.808728e-03
9.716877e+00 5.358388e-01 -5.223629e-01 -1.926546e-02 3.524881e-02 3.615816e-02 -4.719565e-03
6.563171e+00 -1.310838e-01 -2.809164e-03 -3.237851e-03 2.300102e-03 -1.073294e-01 4.447201e-03
3.445442e+00 5.892700e-02 2.022512e-02 -4.918815e-03 -5.467862e-02 1.593092e-01 1.537020e-02
9.917885e+00 -4.326519e-01 -7.888482e-02 2.161944e-02 9.689966e-03 -5.314562e-02 -1.198148e-03
1.961878e+00 -5.838128e-01 -1.680127e-01 -1.474141e-02 1.484689e-02 -5.159018e-02 2.635028e-03
6.996746e+00 5.932860e-01 7.069196e-01 2.997302e-02 -3.515362e-02 2.950285e-02 -2.329388e-04
3.633121e+00 6.621403e-01 1.207088e-01 -8.433045e-02 -8.812114e-03 4.833826e-02 2.986779e-04
8.662042e+00 -2.164315e-01 -1.649607e-01 -1.286132e-02 4.125298e-02 -5.412467e-02 4.763376e-03
3.492197e+00 -5.217406e-01 7.023329e-01 6.230680e-03 -3.765561e-02 -2.797314e-02 4.323272e-03
8.207961e+00 -3.210796e-01 5.069607e-01 -1.510189e-02 -4.385144e-02 -2.777297e-02 -4.139055e-03
9.831789e+00 1.149055e-01 1.658879e-02 -9.435113e-03 -1.580063e-02 1.094462e-01 6.316328e-06
9.626346e+00 -2.299772e-01 -6.187779e-01 -4.474229e-02 4.917077e-02 -1.827498e-02 -2.689497e-03
3.336906e+00 6.027075e-01 -6.200183e-01 2.137512e-03 2.757395e-02 2.680409e-02 1.015227e-04
1.979525e+00 1.017765e-01 6.405606e-02 -1.630872e-04 -5.457744e-02 8.671623e-02 5.921023e-04
6.772440e-01 5.114373e-01 4.849071e-01 9.136418e-02 -3.405069e-02 3.591367e-02 -3.501584e-03
9.415939e+00 -1.526661e-01 6.251742e-02 4.369756e-03 -4.116333e-02 -1.005199e-01 3.663931e-03
8.172174e+00 -2.866244e-01 -2.735411e-01 -7.111090e-02 4.603346e-02 -4.823520e-02 -3.701496e-03
8.443629e+00 -6.792424e-02 -6.011713e-01 -5.619429e-02 4.407211e-02 -4.979553e-03 -1.004285e-03
3.999294e+00 -1.670601e-01 -2.434930e-01 -3.434187e-02 5.820624e-02 -3.993521e-02 -8.946984e-04
2.478418e+00 -3.224736e-01 -4.852948e-01 -1.049122e-01 4.739350e-02 -3.149251e-02 -1.199413e-03
4.799463e+00 3.683387e-01 6.338574e-01 1.086597e-01 -4.144971e-02 2.408670e-02 -3.675250e-03
2.271948e+00 -7.930941e-02 8.491747e-02 2.784288e-04 -8.170281e-02 -7.630706e-02 3.864672e-03
7.503070e+00 -8.061645e-01 -1.832549e-01 3.227389e-02 9.105811e-03 -4.005777e-02 -2.704388e-03
2.970851e+00 -2.649491e-01 -1.471116e-01 3.877169e-03 3.379884e-02 -6.087196e-02 -3.103201e-04
6.641060e+00 1.802115e-01 8.399367e-02 -1.425865e-02 -3.289201e-02 7.057103e-02 -1.437236e-03
8.882228e+00 1.782543e-01 -3.213174e-03 -2.142957e-02 1.792108e-03 9.941912e-02 8.350288e-04
8.422381e+00 -1.987132e-01 -3.887980e-01 2.084712e-02 5.466536e-02 -2.793925e-02 1.475840e-03
5.436206e+00 -6.079597e-02 -1.145285e-02 1.667990e-03 2.899913e-02 -1.539382e-01 2.040061e-03
7.848414e+00 6.689565e-01 -3.689556e-01 6.013700e-03 2.057075e-02 3.729699e-02 1.128563e-03
1.384609e+00 1.827300e-01 9.156825e-02 7.566067e-03 -3.777105e-02 7.537443e-02 -1.923888e-03
5.497807e+00 8.148937e-01 -5.154549e-01 1.098043e-01 2.264043e-02 3.579274e-02 -3.881460e-03
8.287115e+00 3.623760e-02 -8.091605e-01 -5.368613e-02 4.398614e-02 1.969884e-03 2.496324e-04
4.354552e+00 -6.548985e-02 -5.282100e-01 -2.267756e-02 5.485101e-02 -6.800673e-03 1.324054e-03
7.610474e+00 5.254363e-01 2.629460e-02 -2.115289e-02 -3.059601e-03 6.113899e-02 -3.560288e-03
3.876138e+00 -3.707031e-01 -6.534040e-01 1.692067e-01 3.468469e-02 -1.967805e-02 -9.063687e-04
7.827732e+00 8.385207e-02 -3.529284e-01 8.546991e-02 6.093169e-02 1.447673e-02 8.371271e-04
