7.591393e+09 0.000000e+00 0.000000e+00 0.000000e+00 0.000000e+00 0.000000e+00 0.000000e+00
7.559408e+00 5.137909e-02 1.086590e-01 1.690290e-02 -1.051564e-01 4.972291e-02 -1.696334e-02
6.620028e+00 -2.660006e-01 -1.572999e-01 2.169708e-02 3.950977e-02 -6.681265e-02 -2.350689e-03
5.443486e+00 6.490893e-01 8.987223e-02 -7.488485e-02 -7.379522e-03 5.329754e-02 -2.467602e-03
6.835595e+00 5.351355e-01 -3.711253e-01 1.448490e-01 2.945136e-02 4.246670e-02 -2.210452e-03
9.904602e+00 -6.575957e-02 2.741016e-01 -3.212633e-02 -7.420271e-02 -1.780193e-02 -1.510460e-03
4.307527e+00 -8.614292e-02 4.163561e-01 6.516633e-03 -5.365987e-02 -1.110208e-02 1.826473e-03
1.064760e+00 -8.789136e-01 4.319484e-01 5.579105e-02 -1.871015e-02 -3.807076e-02 -8.706392e-04
5.122742e+00 3.683842e-01 2.168659e-01 4.975773e-02 -3.380958e-02 5.743142e-02 3.191849e-03
9.983147e+00 -2.830736e-01 4.364526e-01 1.968249e-02 -4.686750e-02 -3.039723e-02 -3.893475e-03
8.186052e-01 3.010939e-01 -1.741454e-01 -3.513589e-02 3.440759e-02 5.949005e-02 2.529086e-04
4.778717e+00 9.789942e-02 5.149999e-01 3.301807e-03 -4.845741e-02 9.211560e-03 -3.920142e-03
8.310331e+00 -6.660211e-01 -2.982820e-01 -1.966033e-02 1.863037e-02 -4.159895e-02 -1.832481e-03
4.375866e+00 -1.060999e-01 -2.275304e-03 -4.764933e-03 2.759480e-03 -1.286776e-01 -9.149526e-03
9.519772e+00 -7.277925e-02 -3.474234e-01 2.927082e-02 6.957363e-02 -1.457448e-02 -1.563425e-03
7.439502e+00 3.522546e-01 2.116506e-02 -1.325030e-02 -3.980392e-03 6.624651e-02 2.007365e-03
3.091458e+00 -1.138235e-01 1.127312e-01 -2.274592e-02 -6.090395e-02 -6.149410e-02 -4.600908e-03
7.809815e+00 -3.380076e-01 2.170474e-01 -2.860932e-02 -3.531342e-02 -5.499356e-02 5.290352e-03
2.791045e+00 3.587361e-02 6.471062e-01 1.557428e-01 -4.964852e-02 2.752364e-03 -1.623261e-03
5.143532e+00 -4.140384e-02 -9.219540e-02 -1.202526e-02 1.132590e-01 -5.086326e-02 1.177416e-02
7.582691e+00 -5.201239e-01 2.430608e-01 -4.273237e-02 -2.478534e-02 -5.303796e-02 -3.649987e-03
3.788266e+00 -2.318629e-02 -2.442396e-03 -2.518523e-03 2.831115e-02 -2.687651e-01 -6.647849e-03
4.658410e+00 7.209455e-02 -1.001991e-01 -7.103258e-03 9.461326e-02 6.807545e-02 1.191252e-03
7.506063e+00 4.697983e-01 -3.845271e-01 -1.244504e-02 3.557788e-02 4.346748e-02 9.213243e-05
5.734210e+00 2.802198e-01 -7.202749e-02 -8.897246e-03 1.940653e-02 7.550025e-02 -4.009187e-03
7.296061e+00 -3.577033e-01 -3.395492e-01 6.397074e-02 3.453400e-02 -3.638037e-02 -3.245695e-03
6.094833e+00 1.406031e-02 -8.164776e-02 -2.428015e-03 1.202948e-01 2.071560e-02 -3.860274e-03
6.752119e+00 8.319611e-01 -1.115098e-01 -5.316335e-02 5.615101e-03 4.189358e-02 1.512714e-03
9.439159e+00 -1.437833e-02 -7.161324e-01 1.596446e-02 4.822820e-02 -9.683139e-04 -2.856955e-03
4.999544e+00 2.273520e-01 4.311858e-01 -8.444601e-02 -5.464742e-02 2.881403e-02 -2.880982e-03
2.004555e+00 7.583925e-02 -7.474568e-02 -1.226773e-02 8.441580e-02 8.565084e-02 3.815520e-03
9.009514e+00 5.992302e-01 -4.274233e-01 4.313918e-02 2.623610e-02 3.678196e-02 -8.936577e-05
6.907910e+00 -7.813084e-01 -2.014024e-01 -4.463130e-02 1.094617e-02 -4.246393e-02 1.404889e-03
8.410651e+00 -2.653730e-01 4.093718e-01 4.912437e-02 -4.305527e-02 -2.791033e-02 7.379795e-05
4.205499e+00 1.276574e-01 -6.267482e-01 -7.336661e-04 5.141222e-02 1.047175e-02 2.746119e-05
2.273056e+00 1.827085e-01 -7.418412e-02 1.292766e-02 3.077101e-02 7.578609e-02 1.637691e-03
9.599792e+00 -6.763887e-02 9.405149e-03 4.795031e-03 -1.954400e-02 -1.405543e-01 1.205050e-03
9.697349e+00 -6.032398e-02 9.212837e-02 9.427174e-03 -1.011035e-01 -6.620071e-02 -6.608402e-03
5.144697e+00 1.495110e-02 -2.084065e-01 1.196768e-02 8.684127e-02 6.230000e-03 7.092360e-03
2.902092e+00 -1.388752e-01 -2.893465e-01 -1.505854e-03 6.644878e-02 -3.189286e-02 -1.230083e-02
1.683882e+00 -2.250215e-01 2.953818e-01 2.941044e-02 -4.701124e-02 -3.581310e-02 2.315368e-03
1.097752e+00 -3.104796e-02 1.450581e-01 9.760985e-03 -9.659010e-02 -2.067396e-02 1.607142e-03
7.223931e+00 -6.717795e-01 -2.507588e-01 9.822971e-02 1.767911e-02 -4.736211e-02 -2.628090e-03
3.278951e+00 6.852501e-02 2.194460e-01 7.610548e-03 -7.960248e-02 2.485696e-02 -1.118413e-04
5.234604e+00 2.216211e-01 -4.765670e-01 -2.227093e-02 4.315924e-02 2.007062e-02 3.664598e-03
4.780683e+00 2.583118e-01 -8.459341e-02 2.914917e-02 2.133437e-02 6.514598e-02 -4.991281e-03
5.669625e-01 -1.551477e-02 1.781224e-03 2.491761e-04 -3.947343e-02 -3.438205e-01 -3.786298e-03
9.729705e+00 6.526546e-02 1.727991e-01 1.783001e-02 -7.756691e-02 2.929668e-02 3.687473e-03
5.943033e+00 4.744167e-03 4.713544e-02 1.809827e-03 -1.871739e-01 1.883900e-02 -5.241586e-03
3.021619e+00 -8.556760e-01 9.818242e-02 -6.687360e-02 -5.402504e-03 -4.708371e-02 -1.451652e-03
1.578492e+00 -2.575505e-01 4.856929e-01 2.424568e-02 -5.145160e-02 -2.728348e-02 -3.295248e-04
8.158808e+00 -2.430588e-01 3.996990e-01 5.250949e-02 -5.569645e-02 -3.386926e-02 3.086371e-03
2.206993e+00 -4.213428e-01 -2.176320e-02 4.660659e-02 2.932134e-03 -5.676708e-02 -4.126011e-04
6.597133e+00 3.150495e-02 5.850580e-01 -6.705337e-02 -5.474028e-02 2.947724e-03 2.120603e-03
2.516317e+00 -1.872082e-02 -7.758521e-02 -6.209159e-03 1.384293e-01 -3.340211e-02 -4.706255e-04
6.360190e+00 1.945070e-01 -4.988032e-01 1.536855e-02 5.051916e-02 1.969981e-02 3.858196e-04
3.845730e+00 8.122524e-02 -3.732176e-02 1.840690e-03 5.566722e-02 1.211514e-01 -2.009168e-03
7.879211e+00 1.437316e-02 2.122793e-02 -6.094933e-03 -1.795377e-01 1.215627e-01 -1.011907e-02
3.936661e+00 5.748801e-02 7.149941e-01 -3.823842e-02 -5.078783e-02 4.083518e-03 2.446413e-03
1.951164e+00 3.330447e-02 4.792777e-01 -3.809526e-03 -6.366949e-02 4.424322e-03 -1.913863e-03
5.992900e+00 2.414246e-01 4.451193e-01 -3.401458e-02 -4.430397e-02 2.402967e-02 1.725383e-04
7.773969e+00 -8.174370e-01 -1.681748e-02 -1.234494e-02 9.769287e-04 -4.748498e-02 6.403118e-04
8.259916e+00 -6.311387e-02 3.107746e-01 -6.683134e-02 -6.380325e-02 -1.295752e-02 -1.892289e-03
4.134861e+00 -1.624522e-01 1.860093e-01 3.236654e-03 -5.337857e-02 -4.661844e-02 -2.952898e-03
7.888649e+00 1.188770e-01 -6.387025e-01 5.514170e-02 4.549668e-02 8.467961e-03 6.202512e-04
9.149243e+00 -9.256716e-02 1.126697e-01 -2.689455e-02 -8.136932e-02 -6.685142e-02 7.158669e-03
1.731378e+00 1.368166e-01 -4.568202e-01 -1.029354e-02 4.775483e-02 1.430247e-02 1.163853e-03
8.071464e-01 -1.771415e-02 -8.447794e-02 -3.177135e-04 1.154753e-01 -2.421399e-02 2.308863e-04
6.355568e+00 -1.657287e-02 -8.221679e-01 -4.761909e-02 4.058690e-02 -8.181313e-04 1.172284e-03
3.129280e+00 -5.202525e-01 7.621012e-01 1.324526e-01 -3.027083e-02 -2.066454e-02 -1.237401e-04
1.629794e+00 -6.546338e-01 -7.487209e-01 1.907783e-01 3.305654e-02 -2.890253e-02 1.620654e-03
7.766148e+00 -1.631089e-01 5.840875e-02 2.689201e-02 -2.812512e-02 -7.854057e-02 -1.007161e-03
1.158032e+00 -4.224806e-01 7.572175e-01 3.004936e-02 -3.574010e-02 -1.994077e-02 -2.589797e-03
2.198080e+00 7.379050e-02 -3.535793e-01 -1.428125e-02 6.147684e-02 1.282996e-02 -1.704879e-03
5.944142e+00 -1.498094e-01 -6.822031e-01 5.591206e-02 5.199790e-02 -1.141856e-02 -1.926464e-03
7.661519e+00 1.204113e-01 7.431391e-01 4.327836e-03 -5.055567e-02 8.191566e-03 2.079388e-03
9.395585e+00 -1.423471e-01 1.111947e-02 1.247002e-02 -8.230783e-03 -1.053673e-01 -3.572558e-03
4.337202e+00 -1.053667e-01 -2.791612e-01 -6.037515e-02 6.037208e-02 -2.278686e-02 -6.275610e-04
9.955102e+00 -4.598036e-01 -6.364079e-01 8.458734e-02 3.757497e-02 -2.714785e-02 -1.248315e-03
7.680197e+00 4.901777e-01 -8.464137e-01 -5.139567e-02 3.191594e-02 1.848326e-02 -2.150838e-03
3.456534e+00 8.016520e-01 -2.236313e-01 -3.539506e-02 1.094124e-02 3.922110e-02 1.313484e-03
5.717541e+00 -6.109010e-01 -1.128992e-01 1.998537e-03 9.849847e-03 -5.329781e-02 8.710411e-04
1.148648e+00 7.779466e-02 -4.158001e-01 4.147164e-02 5.319692e-02 9.952946e-03 -3.030577e-03
2.157935e+00 -3.340762e-01 1.167699e-02 -3.950992e-02 -2.483074e-03 -7.104024e-02 7.459520e-04
4.147682e+00 7.183081e-02 4.018046e-01 -1.230588e-02 -6.426353e-02 1.148842e-02 2.110205e-03
9.098788e+00 5.561799e-01 -1.352275e-01 -2.952356e-02 1.270097e-02 5.223810e-02 -1.535241e-04
7.028537e+00 1.142890e-02 6.668478e-02 -8.923908e-03 -1.426102e-01 2.444153e-02 -9.123676e-03
1.131189e+00 -1.992797e-02 1.455261e-01 6.076942e-03 -9.614226e-02 -1.316548e-02 3.380410e-03
9.503729e+00 8.013600e-01 4.028996e-02 8.289293e-03 -1.964585e-03 3.907524e-02 3.290919e-03
8.603251e-01 -1.219055e-02 -5.744387e-02 -8.816405e-03 1.767830e-01 -3.751630e-02 -3.125078e-03
2.270138e+00 -4.740975e-01 4.990061e-01 1.187420e-01 -3.770668e-02 -3.582450e-02 -6.327039e-03
3.783457e+00 1.834557e-01 -8.434092e-01 -5.521425e-02 4.655281e-02 1.012602e-02 1.298890e-03
8.714179e+00 5.921584e-01 1.316270e-01 9.236329e-02 -1.201069e-02 5.403322e-02 1.123990e-03
8.235117e+00 1.804817e-01 -3.249331e-01 -2.550870e-02 6.046991e-02 3.358757e-02 5.390129e-04
7.347540e+00 5.859038e-01 4.414711e-01 -8.941786e-03 -2.524693e-02 3.350678e-02 1.125015e-03
2.589238e+00 -2.001278e-01 9.065536e-01 1.860100e-01 -4.484768e-02 -9.900426e-03 -7.508278e-04
5.413531e+00 -8.976986e-01 -1.402621e-01 1.895552e-01 6.684156e-03 -4.277960e-02 2.066686e-03
9.236867e+00 6.704741e-01 -5.724828e-01 4.319589e-02 2.961075e-02 3.467919e-02 -1.774956e-03
4.968209e+00 6.333545e-01 -6.331491e-01 -4.549451e-02 3.229879e-02 3.230926e-02 -2.532220e-03
4.294254e+00 2.001858e-01 1.521591e-02 3.571016e-03 -6.375230e-03 8.387472e-02 -2.507025e-03
2.831642e+00 3.278937e-01 6.081274e-02 5.197746e-02 -1.256018e-02 6.772270e-02 -2.802688e-03
9.755891e+00 -4.394935e-02 -1.460331e-01 -1.253383e-02 8.939228e-02 -2.690302e-02 -5.862383e-03
5.139144e+00 -1.716643e-02 -6.444930e-01 -2.185060e-02 4.416739e-02 -1.176423e-03 -4.435232e-03
2.060921e+00 5.375300e-01 1.533561e-01 1.774518e-02 -1.400527e-02 4.909001e-02 -4.032391e-04
2.136804e+00 2.400275e-01 6.876241e-01 6.555546e-02 -4.016762e-02 1.402123e-02 1.139051e-03
5.542635e-01 3.549957e-01 -2.426923e-01 2.342957e-02 3.746014e-02 5.479445e-02 1.708452e-03
7.616226e+00 -1.710190e-01 -4.412939e-01 2.228223e-02 5.453569e-02 -2.113475e-02 8.583994e-04
2.012542e+00 -6.420603e-01 -3.561714e-01 -3.297635e-02 2.371120e-02 -4.274352e-02 4.847024e-03
5.190938e+00 3.380976e-01 -5.154692e-02 2.625372e-02 9.622802e-03 6.311621e-02 3.892882e-03
9.610107e+00 -2.575062e-01 -7.279521e-01 3.709414e-02 3.899980e-02 -1.379581e-02 9.108203e-04
6.986796e+00 1.177065e-02 -2.874961e-02 4.207047e-03 2.004794e-01 8.208017e-02 1.572090e-02
3.319750e+00 2.017087e-01 -5.602083e-01 -6.371353e-02 4.861759e-02 1.750525e-02 3.027089e-03
9.167818e-01 -7.776206e-01 2.178585e-01 9.671165e-04 -1.269684e-02 -4.531990e-02 1.005492e-03
6.996420e-01 6.220222e-01 -7.301890e-01 -1.139560e-01 2.703584e-02 2.303088e-02 2.908693e-04
1.684025e+00 -1.885835e-01 6.422202e-01 5.974475e-02 -4.677228e-02 -1.373436e-02 -3.549682e-04
4.152003e+00 2.483956e-01 2.334263e-01 -3.307648e-02 -4.688219e-02 4.988867e-02 2.193758e-04
6.179501e+00 -1.885297e-01 -3.526844e-02 1.082711e-02 1.801922e-02 -9.632288e-02 1.782374e-03
2.331460e+00 1.304260e-01 5.613379e-01 9.952390e-02 -5.648042e-02 1.312314e-02 2.904042e-04
4.589779e+00 -3.126166e-01 -4.005387e-01 -4.495644e-02 4.848860e-02 -3.784488e-02 -8.592587e-03
2.071293e+00 1.098491e-01 4.541391e-01 5.788342e-03 -5.745413e-02 1.389725e-02 -1.818971e-03
6.968957e+00 -1.593076e-02 9.742405e-01 -1.124554e-02 -4.342019e-02 -7.100061e-04 3.698339e-03
4.939024e+00 8.012976e-01 -1.843132e-01 -1.043892e-01 9.006663e-03 3.915628e-02 2.573958e-04
1.503288e+00 9.731042e-01 -1.925566e-01 2.173997e-02 8.186548e-03 4.137154e-02 -1.597607e-03
7.710074e+00 1.552764e-01 4.785010e-02 -3.500834e-03 -2.961537e-02 9.610362e-02 -2.545138e-05
7.669272e+00 3.857208e-01 -8.326628e-01 1.048521e-01 4.099786e-02 1.899176e-02 3.695001e-03
6.296411e+00 3.149929e-01 2.553564e-01 3.540621e-02 -3.929109e-02 4.846721e-02 8.173441e-04
5.193856e+00 -2.732352e-01 -4.848274e-01 1.132561e-01 4.206709e-02 -2.370783e-02 1.293387e-03
8.642908e+00 2.856450e-01 1.891542e-01 1.171583e-02 -3.882428e-02 5.862922e-02 -1.656143e-03
4.175617e+00 6.223670e-01 1.215361e-01 -7.993064e-02 -8.928268e-03 4.572026e-02 1.945298e-03
5.918788e+00 -5.852992e-01 1.155239e-01 2.904458e-02 -9.910042e-03 -5.020900e-02 -2.119332e-03
1.137159e+00 -6.448692e-01 -7.897150e-02 -1.999210e-02 5.889128e-03 -4.808972e-02 3.698094e-04
4.586280e+00 -7.630234e-01 -1.999789e-01 4.540714e-02 1.176378e-02 -4.488494e-02 -2.606152e-03
5.793584e+00 5.380692e-02 -1.294147e-01 2.083600e-02 8.973584e-02 3.730960e-02 8.781664e-04
5.288210e-01 -7.828893e-02 1.838096e-01 -2.786995e-03 -8.769310e-02 -3.735060e-02 -2.535970e-03
1.463344e+00 -2.214027e-02 4.198726e-01 -8.897913e-02 -5.892655e-02 -3.107251e-03 9.262084e-04
4.260244e+00 -9.974702e-01 2.822801e-03 -2.248173e-02 -1.207790e-04 -4.267870e-02 2.999765e-03
3.289149e+00 1.101113e-01 2.303300e-01 -1.250539e-02 -7.436248e-02 3.554965e-02 1.828888e-03
7.021252e+00 -4.000778e-01 1.942934e-01 3.434913e-03 -2.674155e-02 -5.506466e-02 -3.624894e-03
8.148826e+00 3.765258e-01 4.990571e-02 2.195213e-02 -7.630850e-03 5.757281e-02 4.633448e-04
9.633998e+00 -3.458689e-02 1.478780e-01 4.674597e-03 -1.032410e-01 -2.414685e-02 3.858626e-03
4.468063e+00 6.326215e-01 4.170902e-01 -5.109794e-02 -2.366861e-02 3.589935e-02 2.857890e-03
3.540411e+00 3.917344e-01 -7.636870e-01 7.600898e-02 3.994274e-02 2.048869e-02 2.646478e-04
3.107420e+00 2.023679e-01 -8.087466e-02 -1.955125e-02 3.135571e-02 7.845955e-02 3.502856e-03
1.439863e+00 5.577834e-01 7.315256e-01 -5.469048e-02 -3.473328e-02 2.648389e-02 2.399790e-04
1.129699e+00 2.647439e-02 -1.901920e-02 -2.393568e-03 1.400448e-01 1.949399e-01 -1.738981e-02
1.833013e+00 -7.491957e-01 3.613593e-01 -1.507912e-01 -1.712067e-02 -3.549578e-02 2.270037e-03
2.999142e+00 -6.157622e-01 2.531034e-01 4.310732e-02 -2.004737e-02 -4.877222e-02 -3.336457e-03
7.994159e-01 -2.884260e-01 3.722216e-02 -3.422451e-02 -8.322262e-03 -6.448731e-02 -1.908579e-03
9.697722e+00 -3.044039e-01 -6.710913e-01 -4.137712e-02 4.208985e-02 -1.909176e-02 -2.761900e-03
3.802307e+00 7.685709e-02 2.666642e-02 9.149623e-03 -4.333697e-02 1.249044e-01 -3.541087e-03
4.527699e+00 -5.975739e-01 -2.652106e-01 5.680685e-02 1.992865e-02 -4.490334e-02 -2.398425e-03
3.206398e+00 -5.414285e-01 -8.101038e-01 8.777740e-03 3.357004e-02 -2.243635e-02 -2.728348e-03
3.266400e+00 2.587233e-01 -2.389284e-01 -1.731204e-02 4.366017e-02 4.727736e-02 -9.468748e-05
5.337735e+00 3.179273e-01 -2.619367e-01 -3.379837e-02 4.056146e-02 4.923172e-02 -5.944682e-03
7.296777e+00 -6.581690e-01 1.640354e-01 7.706742e-02 -1.281430e-02 -5.141559e-02 9.793889e-05
6.879394e+00 -3.059357e-02 3.112525e-02 1.120851e-03 -1.358557e-01 -1.335350e-01 -4.765901e-03
6.456810e+00 7.024914e-01 2.414107e-02 1.202734e-02 -1.823191e-03 5.305383e-02 5.023922e-03
8.253619e+00 4.271832e-01 -8.774584e-01 -1.305958e-01 3.953090e-02 1.924529e-02 -4.826592e-04
3.867798e+00 -1.610555e-01 -1.940312e-01 -3.015247e-02 6.771049e-02 -5.620308e-02 -9.276646e-03
7.399967e+00 5.510372e-01 -3.709208e-01 -5.984409e-02 2.428115e-02 3.607190e-02 -1.788611e-03
5.264095e+00 3.812113e-01 7.664365e-01 -1.399004e-02 -4.307501e-02 2.142471e-02 4.110505e-03
2.634727e+00 -1.184570e-01 8.043742e-02 1.258763e-02 -5.294919e-02 -7.797616e-02 4.076107e-03
6.881220e+00 -4.940699e-01 -2.895939e-01 -4.517745e-02 2.729696e-02 -4.657076e-02 -1.874201e-03
9.861681e+00 3.700162e-01 -6.508162e-01 8.602833e-02 3.572608e-02 2.031177e-02 -1.552072e-03
4.363861e+00 -4.190081e-01 -5.144939e-01 -4.747163e-02 3.548014e-02 -2.889532e-02 -3.077646e-03
5.568629e+00 3.094103e-01 -2.996588e-02 -1.980198e-02 6.710275e-03 6.928640e-02 -3.923928e-04
2.806437e+00 3.251914e-01 -3.361751e-01 6.075484e-02 3.604732e-02 3.486957e-02 -1.082934e-04
9.383475e+00 2.262102e-01 -2.809500e-01 1.631156e-02 5.442869e-02 4.382391e-02 -5.828978e-04
2.099677e+00 5.366135e-02 1.345282e-01 1.815780e-02 -1.048284e-01 4.181456e-02 1.527187e-03
9.975695e+00 -4.540958e-01 2.210260e-01 2.259366e-02 -2.509364e-02 -5.155466e-02 3.116435e-03
6.111815e+00 3.364579e-01 -9.530547e-02 -5.271839e-02 1.877310e-02 6.627487e-02 1.906274e-03
8.080511e+00 3.201750e-01 -4.403419e-01 1.211140e-01 3.848785e-02 2.798473e-02 2.831667e-03
4.575774e+00 -1.178702e-01 -2.845796e-01 -1.135275e-02 6.715158e-02 -2.781355e-02 6.564640e-03
4.375566e+00 -5.306096e-01 7.402888e-01 2.133519e-02 -3.336453e-02 -2.391438e-02 8.295266e-04
4.275591e+00 1.883391e-01 5.555586e-01 7.415670e-03 -4.432197e-02 1.502552e-02 -1.952933e-03
5.141391e+00 -4.313322e-03 -1.089564e-01 2.461403e-03 1.151574e-01 -4.558805e-03 7.033764e-03
8.706040e+00 -9.344793e-02 3.947587e-01 -8.833851e-02 -6.610501e-02 -1.564849e-02 -6.330667e-03
2.637272e+00 -1.598527e-01 3.346233e-02 7.159704e-03 -2.201320e-02 -1.051591e-01 4.373520e-04
5.561121e+00 -6.198876e-02 -6.390609e-01 4.897279e-02 4.680146e-02 -4.539731e-03 -6.986308e-05
2.084715e+00 2.084970e-02 7.512230e-02 -7.130977e-03 -1.214984e-01 3.372107e-02 3.254783e-03
4.632574e+00 -2.248490e-01 4.720174e-01 -4.784208e-02 -5.512699e-02 -2.626015e-02 -1.620865e-03
1.809780e+00 -2.329881e-01 -8.306876e-01 -2.055917e-01 3.796300e-02 -1.064772e-02 -1.841834e-03
3.103212e+00 8.506375e-01 -4.763852e-01 -1.560999e-02 1.862723e-02 3.326094e-02 -2.086947e-03
1.959067e+00 -5.662529e-01 -5.413773e-01 -9.292308e-02 2.758363e-02 -2.885106e-02 -6.837716e-04
7.682117e+00 2.553330e-02 -2.410774e-02 2.609047e-03 1.362640e-01 1.443217e-01 -5.992745e-03
1.963583e+00 1.504381e-01 1.482374e-01 1.953303e-02 -5.587072e-02 5.670014e-02 -1.071253e-04
2.568184e+00 7.040894e-02 3.334515e-01 -3.288857e-02 -6.892022e-02 1.455264e-02 -2.673359e-03
5.664209e+00 -1.395052e-01 -2.393027e-01 -9.157043e-04 7.065662e-02 -4.119036e-02 -1.730858e-03
1.964609e+00 5.629192e-01 3.347661e-01 1.502547e-02 -2.429430e-02 4.085159e-02 3.876532e-03
8.179258e+00 3.728744e-01 8.079384e-01 5.866985e-03 -3.688916e-02 1.702484e-02 8.910619e-04
4.917191e+00 -2.999207e-01 -1.863409e-01 4.343025e-02 3.844057e-02 -6.187114e-02 -4.333933e-03
1.920853e+00 -6.480372e-01 3.137315e-01 1.316443e-02 -2.049507e-02 -4.233418e-02 1.467731e-03
6.071337e+00 -4.734804e-01 5.845798e-01 -1.649884e-01 -3.257463e-02 -2.638382e-02 7.035444e-04
6.930394e+00 -5.501058e-03 7.222993e-02 1.868001e-04 -1.328274e-01 -1.011618e-02 2.751318e-03
2.987438e+00 -6.582417e-01 -4.450235e-01 1.712946e-02 2.512043e-02 -3.715604e-02 -2.807677e-03
9.976374e+00 -1.939620e-01 3.299953e-01 -1.164065e-02 -5.919763e-02 -3.479471e-02 8.404768e-03
1.917307e+00 -2.097483e-01 8.456565e-02 -1.767254e-02 -3.015894e-02 -7.480326e-02 -3.021720e-03
8.583765e+00 1.794859e-01 2.387629e-01 1.427530e-02 -5.877542e-02 4.418341e-02 -4.150358e-03
8.834330e+00 -4.818517e-02 -3.718195e-01 -3.301525e-02 6.856942e-02 -8.886110e-03 -4.909406e-05
4.057876e+00 -5.915778e-01 7.935102e-01 1.500131e-01 -3.353256e-02 -2.499919e-02 2.038750e-03
2.880072e+00 1.680873e-02 -2.775292e-01 1.018046e-02 8.088743e-02 4.898998e-03 -7.273157e-05
8.458598e+00 4.344332e-01 4.228383e-01 -3.125674e-02 -3.483237e-02 3.578753e-02 7.618144e-04
7.908700e+00 2.401680e-03 -4.752695e-01 -4.178009e-02 5.018932e-02 2.536217e-04 -4.790356e-04
8.855761e+00 9.049337e-02 -4.477803e-01 4.059347e-02 6.101790e-02 1.233131e-02 2.561649e-03
6.005946e+00 2.508509e-01 -9.428082e-01 -1.083257e-01 4.301962e-02 1.144614e-02 3.609029e-04
3.972680e+00 -7.237049e-01 -1.571988e-01 -5.091798e-03 9.312875e-03 -4.287419e-02 -2.043440e-04
9.832423e+00 3.578134e-01 2.146243e-01 -3.509731e-02 -2.931776e-02 4.887746e-02 -3.459408e-03
1.303119e+00 4.002329e-03 2.963057e-01 3.438693e-02 -6.720699e-02 9.077940e-04 -1.040850e-03
4.002713e+00 -5.061861e-01 2.777799e-01 7.723970e-02 -2.789718e-02 -5.083580e-02 -7.111539e-04
5.034628e+00 4.069447e-01 3.901447e-01 -6.565465e-02 -3.381746e-02 3.527368e-02 2.713287e-03
3.425550e+00 6.121636e-02 1.032664e-01 -1.043290e-03 -1.024594e-01 6.073797e-02 -4.373857e-03
3.558844e+00 -6.144503e-01 -3.556960e-01 -2.001564e-01 2.307392e-02 -3.985926e-02 -1.090453e-04
8.758225e+00 1.489275e-01 -1.605349e-01 -9.730592e-03 7.008424e-02 6.501683e-02 -5.712070e-03
5.253350e+00 2.062663e-01 -1.704212e-01 -3.517438e-03 4.601989e-02 5.569938e-02 -4.045089e-03
3.602974e+00 4.669770e-01 -6.505234e-01 -1.635446e-01 3.402098e-02 2.442190e-02 -2.442439e-03
1.387652e+00 -4.251568e-02 1.321356e-01 -2.625945e-04 -1.145884e-01 -3.686971e-02 -1.011633e-02
9.776250e+00 2.074821e-01 -3.197039e-03 3.897317e-02 1.218076e-03 7.905094e-02 -7.327728e-03
6.624064e-01 8.199429e-02 -5.747376e-02 8.752713e-04 6.385367e-02 9.109612e-02 -1.052557e-02
4.029414e+00 -1.450447e-01 4.813479e-01 -4.989589e-02 -4.676261e-02 -1.409099e-02 8.188290e-04
6.314618e+00 -1.439397e-01 2.309305e-01 -1.056450e-02 -6.254613e-02 -3.898518e-02 -9.006015e-04
4.275539e+00 8.718545e-01 -2.203301e-01 -6.611650e-02 9.092074e-03 3.597767e-02 -8.968589e-04
1.316975e+00 -4.602623e-01 2.405200e-01 -2.946758e-03 -2.773663e-02 -5.307720e-02 -2.337786e-03
2.234845e+00 3.931926e-01 3.765706e-01 -9.202263e-02 -3.254685e-02 3.398349e-02 -1.338642e-03
3.539623e+00 5.586870e-01 -7.846885e-01 -2.692383e-02 2.936644e-02 2.090848e-02 -1.755864e-03
4.566249e+00 -1.157578e-01 8.104520e-01 -8.805850e-02 -4.613673e-02 -6.589766e-03 -8.650526e-04
4.302377e+00 4.101864e-01 3.522770e-01 2.574393e-02 -3.342440e-02 3.891890e-02 -8.210074e-04
1.929067e+00 -3.453117e-01 -3.850069e-01 2.237164e-02 4.212200e-02 -3.777912e-02 -4.645969e-03
7.578335e-01 7.511629e-01 3.041761e-01 6.343168e-02 -1.711588e-02 4.226768e-02 4.268840e-04
1.736546e+00 1.613287e-01 -2.610985e-02 -2.639451e-03 1.765007e-02 1.090570e-01 -1.183749e-03
3.387226e+00 2.100434e-01 -5.781900e-01 8.333582e-02 5.046791e-02 1.833385e-02 -4.665585e-04
4.989100e+00 -9.780216e-03 -2.962666e-02 -1.135841e-03 1.864107e-01 -6.153704e-02 1.780285e-02
6.347082e+00 -2.653969e-02 -6.068691e-01 -6.010471e-02 5.049985e-02 -2.208467e-03 -3.779837e-03
1.974225e+00 5.246702e-01 6.192314e-02 1.233995e-02 -6.167270e-03 5.225482e-02 4.302858e-03
7.557514e+00 2.954560e-01 2.896911e-01 -6.940234e-03 -4.563266e-02 4.654075e-02 3.345341e-04
8.342119e-01 -6.782918e-01 -3.642933e-01 9.295587e-02 2.262933e-02 -4.213443e-02 -2.657079e-03
8.608676e+00 4.584087e-01 -7.347395e-02 1.067370e-02 8.151403e-03 5.085713e-02 2.479352e-04
7.730607e-01 -1.398225e-01 6.855383e-01 -1.257946e-01 -4.965107e-02 -1.012684e-02 3.916441e-03
7.448126e+00 -2.133929e-02 -5.885151e-03 -1.340204e-04 7.418438e-02 -2.689892e-01 -2.834066e-03
6.128200e+00 4.348374e-01 -4.994190e-01 9.004062e-02 4.082362e-02 3.554457e-02 3.480908e-03
8.680163e+00 -6.030284e-01 -6.147202e-01 1.316519e-01 3.410282e-02 -3.345419e-02 -1.363925e-03
7.487291e+00 3.884360e-01 -1.632192e-01 2.835168e-02 2.455317e-02 5.843267e-02 1.450738e-03
3.345028e+00 -2.399841e-01 5.258796e-01 9.527702e-02 -5.226227e-02 -2.384979e-02 2.919152e-03
7.303285e+00 8.364491e-02 3.430201e-01 1.402238e-02 -7.304067e-02 1.781085e-02 2.483515e-03
5.906222e+00 -8.235441e-01 -1.201751e-01 1.292044e-02 7.054660e-03 -4.834467e-02 7.163982e-04
9.383088e+00 -7.416706e-01 -5.115917e-01 8.034068e-02 2.108114e-02 -3.056199e-02 7.597430e-04
4.526406e+00 6.174048e-01 -2.071616e-01 -7.207833e-03 1.620595e-02 4.829868e-02 -1.979081e-03
3.903792e+00 1.022755e-01 -2.705749e-01 -1.884890e-02 6.393415e-02 2.416668e-02 1.134310e-04
4.847978e+00 -3.520962e-02 1.426149e-02 2.768448e-03 -8.576877e-02 -2.117511e-01 1.021406e-03
5.492554e-01 3.683573e-02 6.142596e-01 -1.022081e-01 -4.972048e-02 2.981623e-03 -4.596598e-03
1.768341e+00 8.054983e-02 -2.219623e-01 -1.504234e-03 8.157719e-02 2.960426e-02 -9.206343e-03
2.519203e+00 1.846725e-01 4.098682e-02 1.139008e-03 -1.847743e-02 8.325295e-02 6.973888e-03
7.364806e+00 8.568938e-01 2.627780e-01 -3.817252e-02 -1.105349e-02 3.604437e-02 4.743973e-03
4.686788e+00 3.466681e-01 -3.309341e-01 3.723631e-02 3.591898e-02 3.762673e-02 -2.271015e-03
6.424223e+00 -1.315156e-01 5.483527e-01 -8.450520e-02 -4.669868e-02 -1.120010e-02 3.709623e-03
2.146851e+00 9.786312e-01 -6.722235e-02 1.298242e-01 2.984710e-03 4.345177e-02 4.119004e-03
9.169039e+00 -8.676651e-02 5.161867e-01 -4.157312e-02 -5.426252e-02 -9.121061e-03 4.894883e-03
6.579826e+00 1.424035e-01 -7.660425e-01 2.838101e-02 4.838053e-02 8.993701e-03 7.124773e-04
7.355260e+00 6.031077e-02 -6.717487e-02 -3.733188e-04 9.263737e-02 8.317144e-02 -9.202188e-03
2.340245e+00 8.049191e-01 5.582735e-01 -4.153268e-02 -2.196659e-02 3.167145e-02 -7.336494e-04
1.061932e+00 -4.053977e-01 -3.751126e-01 3.126087e-02 3.882999e-02 -4.196497e-02 5.631306e-04
8.832888e+00 -1.369623e-01 -4.021411e-01 -5.027702e-02 6.222863e-02 -2.119399e-02 -4.219062e-03
5.036373e+00 4.007845e-01 -1.844232e-01 9.650111e-03 2.479625e-02 5.388667e-02 2.683260e-03
2.564314e+00 6.549018e-02 2.405487e-01 4.887757e-03 -7.607795e-02 2.071247e-02 -1.334346e-03
4.581963e+00 8.216464e-01 4.490849e-01 5.011051e-02 -2.078284e-02 3.802432e-02 4.664558e-03
9.136131e+00 -2.496826e-01 3.853531e-01 1.540912e-03 -4.505878e-02 -2.919503e-02 1.235450e-04
9.850364e+00 -6.563204e-01 -3.186096e-03 -1.149563e-02 2.156976e-04 -4.443265e-02 1.764064e-03
2.325231e+00 4.081662e-01 3.716717e-01 1.055660e-02 -4.048211e-02 4.445706e-02 -2.576146e-03
8.545958e+00 3.106949e-01 4.675536e-02 -4.684376e-02 -9.762321e-03 6.487178e-02 1.371268e-03
4.262011e+00 7.404642e-02 -3.291724e-01 5.132275e-04 7.156485e-02 1.609831e-02 3.201385e-03
5.204833e+00 -1.422169e-01 -2.054799e-01 5.367856e-03 6.532366e-02 -4.521186e-02 -7.390294e-03
7.585073e+00 2.713008e-01 -7.336738e-02 -9.759520e-03 2.101848e-02 7.772294e-02 7.580235e-03
5.999744e+00 -1.581766e-01 1.035008e-01 1.186349e-02 -5.553359e-02 -8.486998e-02 -2.673105e-04
1.391819e+00 1.980747e-02 6.465464e-01 -7.378713e-02 -4.666875e-02 1.429735e-03 -6.418996e-04
5.594892e+00 -7.811254e-01 -5.329345e-01 -1.584389e-01 2.398162e-02 -3.515000e-02 5.460517e-04
6.176333e+00 1.978413e-01 -6.732850e-01 -1.092029e-01 5.006762e-02 1.471211e-02 -6.193604e-04
4.124150e+00 1.274310e-01 1.496022e-03 2.113902e-02 -1.190902e-03 1.014410e-01 -4.180465e-03
9.115494e+00 -6.695527e-01 -1.707937e-01 -8.452178e-02 1.269751e-02 -4.977733e-02 7.417824e-04
6.435615e+00 -3.948195e-01 2.521384e-01 -5.789226e-02 -3.090147e-02 -4.838811e-02 1.363769e-03
6.470741e+00 4.971266e-01 2.989152e-01 3.775648e-02 -2.567260e-02 4.269615e-02 -4.174395e-03
3.298307e+00 -1.154880e-02 -4.967515e-01 -5.853557e-03 5.759666e-02 -1.339044e-03 -2.936520e-04
7.159524e+00 -3.825011e-02 6.315879e-02 2.727820e-03 -1.280547e-01 -7.755228e-02 -7.029566e-03
4.720830e+00 2.593510e-01 -8.077194e-01 1.511643e-02 3.803439e-02 1.221248e-02 -1.105683e-03
2.157165e+00 3.480527e-01 5.587026e-01 7.196355e-02 -4.599228e-02 2.865162e-02 4.495402e-04
9.517633e+00 -7.198783e-01 -4.770449e-01 2.078743e-01 2.337542e-02 -3.527438e-02 -2.757881e-03
6.099311e+00 5.521752e-01 3.701685e-01 -1.419665e-02 -2.771916e-02 4.134829e-02 1.769805e-03
2.983661e+00 1.088067e-02 4.085749e-01 2.162698e-02 -6.363321e-02 1.694602e-03 -2.684651e-03
5.711952e+00 1.833855e-01 4.881728e-01 8.460040e-02 -5.768607e-02 2.167017e-02 -4.908166e-03
7.417172e+00 -7.203498e-01 2.433366e-01 -1.494599e-01 -1.506344e-02 -4.459233e-02 8.006120e-04
4.044639e+00 1.375962e-01 -4.002600e-01 -6.505353e-03 6.377675e-02 2.192435e-02 -3.501985e-03
2.861931e+00 -8.060178e-01 -1.585781e-01 2.417366e-02 9.465296e-03 -4.811004e-02 -1.122275e-03
1.824507e+00 5.833905e-02 -4.682995e-02 -2.679032e-03 8.057630e-02 1.003790e-01 -6.612434e-04
7.308954e+00 4.909688e-03 -2.180794e-02 1.347162e-03 2.600938e-01 5.855570e-02 2.217581e-02
9.470134e-01 8.521632e-02 4.901760e-01 -2.344524e-03 -5.600523e-02 9.736421e-03 4.731084e-03
6.618343e+00 6.344044e-01 -1.279994e-01 4.058746e-02 8.710754e-03 4.317317e-02 -1.704012e-03
6.643863e+00 -8.937862e-02 3.430689e-02 1.333173e-02 -4.897846e-02 -1.276020e-01 2.771052e-03
4.761179e+00 -2.654813e-01 -1.436454e-01 2.229762e-02 3.726042e-02 -6.886362e-02 -8.484012e-03
5.245502e+00 7.601267e-01 3.295481e-01 -4.238725e-02 -1.702577e-02 3.927117e-02 1.153944e-03
7.977616e+00 -2.736804e-01 3.316576e-01 -5.316031e-02 -4.555460e-02 -3.759118e-02 -1.734213e-03
6.592322e+00 -6.460828e-01 -5.376237e-01 -2.622972e-02 2.610824e-02 -3.137526e-02 -2.329174e-03
6.635064e+00 -3.887756e-02 -2.514916e-01 8.095275e-03 8.551506e-02 -1.321959e-02 -3.466885e-04
6.118609e+00 5.313266e-01 1.804539e-01 -7.125456e-02 -1.737607e-02 5.116192e-02 -3.970673e-03
1.893077e+00 2.643080e-02 2.407224e-01 4.539804e-03 -8.025764e-02 8.812117e-03 9.257469e-03
4.064496e+00 6.274672e-02 -5.574842e-01 -4.237685e-02 5.892569e-02 6.632284e-03 -7.741721e-03
2.848023e+00 5.309740e-01 -1.186487e-02 -6.501358e-02 1.188372e-03 5.318175e-02 3.118202e-03
5.892390e+00 -2.736347e-01 5.563528e-01 9.075203e-02 -4.540625e-02 -2.233246e-02 -1.471615e-03
9.367100e+00 -2.061207e-01 -1.975998e-01 2.078540e-02 5.603233e-02 -5.844857e-02 -2.942141e-03
7.535646e+00 -2.510034e-01 3.601003e-03 1.885684e-03 -1.246468e-03 -8.688350e-02 2.870392e-03
5.854348e+00 -8.322846e-02 6.518888e-01 -9.169845e-03 -5.024268e-02 -6.414622e-03 7.795241e-06
6.758094e-01 7.075618e-01 4.562677e-01 7.484839e-03 -2.281598e-02 3.538211e-02 -5.641441e-04
8.921511e+00 -3.062561e-02 -8.052723e-02 -6.346053e-03 1.284603e-01 -4.885522e-02 5.129367e-03
8.348214e+00 1.622140e-02 1.057878e-01 3.943195e-03 -1.206353e-01 1.849810e-02 9.224854e-03
1.308532e+00 -1.663817e-01 6.369774e-01 9.654509e-02 -4.884348e-02 -1.275816e-02 1.628777e-03
9.963808e+00 3.755154e-01 4.352405e-01 4.233562e-02 -3.851457e-02 3.322947e-02 -5.171684e-03
9.251798e+00 4.424876e-01 -2.903757e-01 7.273731e-02 2.922212e-02 4.452998e-02 1.636864e-03
6.860570e+00 6.628146e-01 1.065022e-02 1.047633e-01 -8.792120e-04 5.471761e-02 -2.925859e-03
4.710230e+00 1.269513e-01 -2.276637e-01 2.515830e-02 5.952470e-02 3.319255e-02 -4.315570e-03
1.288087e+00 -1.289186e-01 2.712489e-01 -2.941989e-03 -5.841611e-02 -2.776388e-02 1.517205e-03
2.062487e+00 5.816661e-01 4.627882e-01 -8.255560e-02 -2.596083e-02 3.262947e-02 -3.977915e-03
6.316137e+00 -5.480954e-02 7.757096e-01 4.817038e-02 -4.909064e-02 -3.468612e-03 1.950939e-03
6.567726e+00 8.043320e-01 5.896110e-01 -4.799152e-02 -2.568749e-02 3.504220e-02 -2.132659e-03
2.033134e+00 -3.954317e-01 1.815231e-01 3.102547e-02 -2.431418e-02 -5.296626e-02 5.577921e-04
8.263340e+00 -3.504467e-02 -1.147333e-01 1.326842e-02 1.085391e-01 -3.315268e-02 -6.519560e-03
9.404914e+00 -3.826107e-01 1.145184e-01 2.355886e-02 -1.860308e-02 -6.215367e-02 3.604931e-03
6.849659e+00 8.718044e-01 3.787637e-01 -1.996869e-02 -1.626416e-02 3.743539e-02 9.594879e-04
8.420542e+00 -4.773679e-01 2.417419e-01 -2.455033e-02 -2.448353e-02 -4.834765e-02 -1.155838e-03
5.310225e-01 -1.804991e-01 -2.059150e-01 2.471428e-03 5.523699e-02 -4.841914e-02 5.145257e-03
3.737860e+00 -2.613207e-01 -6.959216e-01 2.369937e-02 4.764661e-02 -1.789145e-02 4.204781e-03
5.461201e+00 5.135089e-01 6.024723e-01 -3.704155e-02 -3.773254e-02 3.216081e-02 -7.946375e-04
7.346113e+00 4.005958e-01 -6.746069e-01 6.980811e-03 3.763001e-02 2.234549e-02 -1.508259e-03
8.987109e+00 -8.558648e-02 -6.335234e-02 -5.239423e-03 6.793684e-02 -9.177995e-02 -2.636579e-03
4.533569e+00 8.681305e-01 4.644677e-01 4.726988e-02 -1.922851e-02 3.593977e-02 -1.943580e-03
7.174741e+00 -1.930222e-02 -2.277904e-01 3.675533e-03 7.220484e-02 -6.118406e-03 1.006341e-03
8.999293e+00 -9.056711e-02 -6.722928e-03 5.146062e-03 9.314466e-03 -1.254787e-01 -7.228198e-03
2.738295e+00 -2.536847e-01 1.712873e-01 -2.962182e-03 -4.363907e-02 -6.463153e-02 -1.255743e-03
7.788991e+00 -7.322913e-01 -6.084071e-01 3.534495e-02 2.729120e-02 -3.284825e-02 -2.558836e-03
7.906048e+00 -4.721951e-01 7.829416e-01 -1.224333e-03 -3.978359e-02 -2.399363e-02 -6.085062e-04
3.285788e+00 -4.068909e-01 -4.496327e-01 -1.038663e-01 3.883475e-02 -3.514314e-02 -1.333568e-03
2.831811e+00 1.918316e-01 -2.402068e-01 2.532066e-02 6.132604e-02 4.897559e-02 -3.656128e-03
8.844401e+00 -1.310409e-01 -8.036505e-01 -5.307852e-02 4.276829e-02 -6.973671e-03 2.312333e-03
4.912896e+00 4.281537e-03 7.027533e-02 1.471366e-02 -1.454330e-01 8.860530e-03 -6.679092e-04
7.120272e+00 5.483574e-01 1.443563e-02 8.772561e-02 -1.452372e-03 5.517039e-02 -5.832518e-03
4.103285e+00 7.619598e-02 -9.060568e-03 -4.102069e-03 1.586981e-02 1.334591e-01 -4.370607e-03
3.102231e+00 -5.354771e-01 -4.196892e-02 8.918688e-03 3.830576e-03 -4.887392e-02 3.356993e-03
8.701492e+00 2.231706e-01 -1.019688e-01 3.211943e-02 3.438044e-02 7.524560e-02 -5.128657e-04
5.156239e+00 6.798124e-01 -2.042241e-01 -1.380514e-01 1.296876e-02 4.316985e-02 1.649469e-03
5.590428e-01 8.499894e-02 -4.274235e-03 1.508144e-02 6.942847e-03 1.380679e-01 3.818551e-03
8.516086e+00 -2.828122e-01 -2.463020e-01 -2.086689e-02 4.788904e-02 -5.498781e-02 4.197195e-03
1.849398e+00 -3.474419e-01 -7.135748e-01 8.927391e-02 3.691095e-02 -1.797206e-02 2.223736e-03
2.775713e+00 -9.733762e-02 -2.530742e-01 5.161392e-03 6.442471e-02 -2.477909e-02 7.722574e-04
3.327200e+00 4.659885e-02 -7.240870e-02 8.450014e-03 1.006329e-01 6.476262e-02 -8.355685e-03
8.087090e-01 -3.029561e-01 -6.538747e-01 5.516514e-03 3.894376e-02 -1.804359e-02 1.555818e-03
6.603185e-01 -1.439092e-03 -6.206284e-01 -8.587631e-02 5.105565e-02 -1.183861e-04 9.629285e-04
4.289977e+00 6.602213e-01 -3.180363e-01 -8.576650e-03 1.909196e-02 3.963358e-02 -6.233780e-04
8.554018e+00 -1.306979e-01 -6.865241e-02 2.617984e-03 4.551458e-02 -8.664900e-02 -8.508352e-03
6.405922e+00 -1.254105e-01 -2.175698e-01 -2.904714e-03 6.886279e-02 -3.969353e-02 3.153893e-03
9.067571e+00 2.168568e-02 -1.580805e-01 -1.158911e-02 1.027632e-01 1.409718e-02 3.451577e-03
2.387415e+00 6.604733e-01 3.197026e-02 -5.026631e-02 -2.587258e-03 5.345014e-02 2.091359e-03
8.991857e+00 3.893973e-01 -8.602736e-01 6.751629e-02 3.557829e-02 1.610428e-02 -2.981802e-03
2.910453e+00 -7.258069e-02 7.929767e-02 -1.265472e-02 -8.547851e-02 -7.823798e-02 5.301532e-04
6.384322e+00 -3.104558e-01 -1.972128e-02 -3.550827e-02 4.167319e-03 -6.560267e-02 -3.265598e-03
3.666706e+00 -3.758525e-01 3.129882e-02 2.443447e-02 -5.033229e-03 -6.044162e-02 -4.435897e-03
4.729218e+00 5.985357e-01 2.794787e-01 8.101624e-02 -2.215173e-02 4.744047e-02 -5.095705e-04
2.979997e+00 -7.060530e-02 1.435437e-02 -8.196578e-03 -3.074447e-02 -1.512238e-01 -1.122203e-03
1.958293e+00 2.907919e-01 4.307146e-02 -3.494896e-03 -1.045102e-02 7.055887e-02 1.278870e-03
4.085510e+00 1.733912e-01 -1.436162e-01 2.305005e-02 5.214011e-02 6.294996e-02 -4.318852e-03
1.291475e+00 1.341106e-01 -3.371331e-01 -7.420972e-04 6.191028e-02 2.462773e-02 -3.126135e-05
3.898332e+00 -5.441540e-02 -8.203101e-01 6.740641e-03 4.257981e-02 -2.824539e-03 6.640403e-04
1.752495e+00 -8.782799e-01 -4.042211e-01 -3.588823e-02 1.824295e-02 -3.963774e-02 -1.733172e-03
2.169176e+00 1.933723e-01 -4.445895e-01 -7.397183e-04 5.798133e-02 2.521873e-02 -7.615402e-03
7.118796e-01 -5.340753e-03 2.067612e-01 -1.635556e-02 -8.705201e-02 -2.248600e-03 4.334280e-03
5.704053e+00 4.046958e-01 6.842577e-01 9.515322e-02 -3.473690e-02 2.054472e-02 -3.149191e-03
3.452360e+00 7.437462e-02 7.238258e-01 7.954832e-02 -4.647464e-02 4.775367e-03 -2.696390e-03
3.772147e+00 -2.205002e-01 7.950765e-01 2.137980e-01 -4.204572e-02 -1.166062e-02 3.599928e-03
7.872562e+00 4.372027e-01 -7.157405e-01 -1.294449e-01 3.608930e-02 2.204477e-02 1.798041e-03
2.321481e+00 -6.276664e-01 3.846530e-01 3.286044e-02 -2.397226e-02 -3.911729e-02 -2.316107e-04
5.965558e+00 8.268303e-01 -3.006407e-01 1.650081e-01 1.310897e-02 3.605266e-02 -6.457717e-04
6.648001e-01 5.402529e-01 5.851099e-01 1.828839e-03 -2.978488e-02 2.750145e-02 -1.152909e-03
6.228874e+00 -3.313167e-02 -5.445730e-01 1.030403e-03 5.092227e-02 -3.098096e-03 -2.334335e-03
5.030065e+00 -1.796495e-01 -1.830607e-01 3.400763e-02 6.078346e-02 -5.965080e-02 -4.178072e-03
8.444148e+00 -5.779699e-01 -3.356162e-01 2.705844e-02 2.540811e-02 -4.375569e-02 -1.254411e-03
4.408642e+00 4.414823e-01 -7.867401e-01 3.300037e-02 3.690114e-02 2.070722e-02 -1.082369e-03
1.964772e+00 5.567400e-01 -3.028570e-01 2.857250e-02 2.631385e-02 4.837256e-02 -1.303965e-03
2.149144e+00 2.867725e-02 -4.674206e-02 -7.327170e-03 1.560284e-01 9.572676e-02 3.540041e-03
6.024602e+00 2.048391e-01 2.344473e-01 3.427688e-02 -5.029065e-02 4.393948e-02 4.125581e-03
1.798849e+00 -3.217659e-01 4.133571e-02 -1.998648e-02 -8.935094e-03 -6.955265e-02 -9.867357e-05
1.314291e+00 1.158316e-01 4.154174e-01 -8.537741e-02 -5.067161e-02 1.412886e-02 2.390952e-03
5.381240e+00 5.941529e-01 -1.563828e-01 3.954101e-02 1.354813e-02 5.147410e-02 -4.709141e-03
4.950062e+00 7.256189e-01 2.600131e-01 1.235882e-01 -1.338668e-02 3.735823e-02 -2.591462e-03
2.477279e+00 5.353863e-01 3.171385e-01 -6.672736e-02 -2.821478e-02 4.763158e-02 8.970569e-04
3.397444e+00 7.211531e-01 -3.134582e-01 9.144687e-02 1.680793e-02 3.866894e-02 1.822943e-03
2.626803e+00 3.667410e-01 2.471881e-01 5.383070e-02 -3.109606e-02 4.613571e-02 1.026365e-03
8.716299e+00 5.959259e-01 -4.655577e-01 -9.867007e-02 2.667406e-02 3.414349e-02 -3.840349e-03
3.235507e+00 -7.867663e-01 9.912776e-02 2.408231e-02 -4.910437e-03 -3.897361e-02 9.908144e-04
2.658592e+00 6.637980e-01 6.508404e-01 -1.641537e-01 -2.578642e-02 2.629981e-02 9.793032e-04
4.656727e+00 -6.029436e-01 6.378543e-01 2.555268e-02 -3.127289e-02 -2.956128e-02 -6.253975e-04
7.028577e+00 2.786108e-01 6.996502e-01 -1.555812e-01 -4.751385e-02 1.892070e-02 -2.439318e-04
4.199031e+00 -2.325331e-02 -2.223479e-02 -3.908849e-04 1.576103e-01 -1.648300e-01 2.141528e-02
3.559625e+00 9.806694e-02 -5.708403e-02 1.377440e-02 5.462769e-02 9.384710e-02 9.056305e-04
2.786459e+00 -5.558745e-01 -3.369211e-01 4.594090e-02 2.750253e-02 -4.537548e-02 -2.602286e-04
8.628495e+00 -6.199203e-01 -8.931451e-04 -9.790648e-02 6.847069e-05 -4.752461e-02 -3.674777e-03
8.637133e+00 -7.991432e-01 -4.273589e-01 4.824090e-02 2.092706e-02 -3.913271e-02 9.562874e-04
5.475509e+00 1.015666e-02 -1.660571e-01 -1.272563e-02 9.452598e-02 5.781556e-03 -3.380100e-03
5.515688e-01 -2.927685e-01 1.278940e-01 -1.689793e-02 -2.762188e-02 -6.323062e-02 4.877300e-04
9.058432e+00 6.971466e-01 -5.942362e-01 5.025018e-02 2.743350e-02 3.218446e-02 -1.873531e-03
9.523042e+00 5.120316e-01 1.657813e-01 -6.052280e-02 -1.532809e-02 4.734229e-02 1.664740e-03
7.427610e+00 3.807430e-01 4.641849e-01 6.889963e-02 -3.809503e-02 3.124706e-02 2.057536e-03
9.639478e+00 -4.029720e-01 -3.255644e-01 1.045974e-02 3.311786e-02 -4.099211e-02 1.767870e-03
6.001148e+00 -1.785942e-01 2.419257e-01 -4.967863e-02 -6.294505e-02 -4.646724e-02 -3.927155e-03
9.698656e+00 3.176890e-01 4.363914e-01 7.091160e-02 -3.916965e-02 2.851515e-02 -9.261896e-04
6.530432e+00 4.686474e-01 4.055967e-01 -4.630548e-02 -3.556350e-02 4.109191e-02 -3.271756e-03
6.678814e-01 1.677934e-02 -4.351218e-01 7.400116e-03 5.685917e-02 2.192626e-03 3.104397e-04
6.639306e+00 1.849231e-01 -1.887289e-01 4.404298e-02 5.033064e-02 4.931569e-02 -7.675815e-04
6.599284e+00 -8.363665e-01 -2.021636e-01 -5.886352e-02 1.132214e-02 -4.684058e-02 -4.069820e-03
4.495610e+00 4.267731e-01 -5.512791e-02 5.616633e-03 8.547116e-03 6.616756e-02 1.950384e-03
9.767037e-01 7.512888e-01 6.221265e-01 6.874818e-02 -2.254828e-02 2.722962e-02 1.563745e-03
3.379015e+00 -1.331943e-01 -8.699358e-02 3.493154e-02 5.035950e-02 -7.710450e-02 -1.816850e-03
8.809950e+00 1.453552e-01 5.816483e-02 -1.567575e-02 -4.056757e-02 1.013792e-01 1.170298e-03
6.374251e+00 1.948223e-01 7.316123e-02 -8.971621e-03 -3.127585e-02 8.328500e-02 5.870550e-04
1.207624e+00 -6.560327e-01 -4.025271e-01 -5.948634e-02 2.168862e-02 -3.534779e-02 -6.730225e-04
5.431165e+00 4.232837e-01 5.816563e-02 2.729668e-02 -8.692524e-03 6.325735e-02 1.262108e-03
5.822063e+00 4.052897e-01 6.997204e-01 8.016586e-02 -3.542492e-02 2.051870e-02 3.004954e-03
9.271680e+00 -2.972433e-01 5.932152e-02 -3.003096e-03 -1.399605e-02 -7.013022e-02 -7.925752e-03
8.284128e+00 2.421154e-02 -7.356663e-02 1.044537e-02 1.266641e-01 4.168647e-02 7.863041e-03
7.012282e+00 -3.365016e-01 2.480110e-01 1.842769e-03 -4.109253e-02 -5.575439e-02 -7.050225e-03
1.726486e+00 -2.769158e-01 1.472435e-01 3.458371e-02 -3.736814e-02 -7.027697e-02 -4.966928e-04
9.160202e+00 -7.806583e-02 5.006926e-02 -2.087893e-02 -7.761823e-02 -1.210190e-01 2.453084e-03
4.638130e+00 3.969851e-03 5.319511e-03 -2.261777e-04 -3.639055e-01 2.715759e-01 2.465410e-02
9.754581e+00 -4.094359e-01 -2.911689e-01 3.248237e-02 3.486061e-02 -4.902029e-02 4.368588e-03
5.092430e+00 6.385231e-01 -6.254507e-01 -4.571563e-02 2.914387e-02 2.975300e-02 -3.654454e-04
4.377620e+00 5.268694e-01 4.597710e-02 1.693701e-02 -4.684253e-03 5.367868e-02 8.791905e-04
8.710454e+00 -2.434357e-01 1.744189e-01 2.756849e-02 -3.885390e-02 -5.422821e-02 2.751124e-03
9.846119e+00 3.180328e-01 1.469661e-01 2.974806e-04 -3.152850e-02 6.822728e-02 1.752510e-03
8.662854e+00 2.896964e-01 -1.146577e-01 -1.823572e-02 2.791246e-02 7.052416e-02 6.976455e-03
2.109991e+00 7.069710e-02 -5.048569e-02 -6.454166e-03 8.450119e-02 1.183304e-01 5.248735e-04
7.835832e+00 6.633944e-01 -1.923703e-02 7.229940e-02 1.502336e-03 5.180850e-02 5.412865e-03
7.805787e+00 -5.162997e-02 -3.856857e-02 -5.831717e-03 1.027606e-01 -1.375609e-01 -2.900653e-03
5.020018e+00 2.289904e-01 -2.464434e-01 -4.553694e-02 4.903529e-02 4.556263e-02 2.883887e-03
8.138267e+00 1.786859e-01 -8.539473e-01 1.147910e-02 4.423250e-02 9.255514e-03 5.668199e-04
9.354258e+00 -2.874267e-01 -2.034485e-01 -2.104679e-02 3.482950e-02 -4.920619e-02 1.581263e-03
3.964563e+00 2.577077e-02 8.781542e-02 -6.101090e-03 -1.266580e-01 3.716972e-02 -2.552688e-03
1.741809e+00 -1.242600e-01 2.182116e-01 -3.354138e-03 -7.574747e-02 -4.313421e-02 -4.242557e-03
2.973909e+00 -8.144876e-01 1.946706e-01 -5.411290e-02 -9.191800e-03 -3.845782e-02 -6.631047e-05
8.435023e+00 5.049940e-01 4.019862e-01 3.371849e-02 -2.743033e-02 3.445927e-02 -1.853360e-03
8.095905e+00 -7.477215e-02 -5.883767e-03 -8.168094e-04 1.096616e-02 -1.393602e-01 -1.210572e-03
9.424193e+00 5.752105e-02 8.537823e-01 1.190517e-01 -4.671192e-02 3.147077e-03 -1.369989e-03
7.888760e+00 9.839749e-01 5.690601e-02 5.895210e-02 -2.228896e-03 3.854036e-02 8.399631e-04
4.783127e+00 -5.713626e-01 -4.258424e-01 -1.278725e-01 2.471667e-02 -3.316292e-02 2.678346e-03
8.683517e+00 -2.221916e-01 -3.377496e-01 -3.808531e-02 5.097800e-02 -3.353633e-02 2.546220e-03
2.907075e+00 -5.681230e-01 -5.841300e-01 -4.585134e-02 3.485553e-02 -3.390038e-02 -1.154942e-03
6.409931e+00 -6.766540e-01 -1.448548e-01 6.755436e-02 1.029283e-02 -4.808046e-02 5.865787e-04
8.560346e+00 8.436218e-01 4.577757e-01 -5.636602e-02 -2.174870e-02 4.008006e-02 -3.662859e-04
6.957521e+00 -8.058694e-01 -5.701339e-01 1.101338e-02 2.121094e-02 -2.998111e-02 1.880915e-03
8.104209e-01 -1.383554e-01 -8.236452e-01 -8.410418e-02 4.572251e-02 -7.680438e-03 -1.437610e-03
6.962229e+00 -7.747659e-02 -2.330651e-01 2.727988e-02 7.311482e-02 -2.430517e-02 3.356897e-03
6.516423e+00 -6.047736e-01 2.944422e-01 4.283552e-02 -2.234442e-02 -4.589461e-02 -4.669603e-03
3.357778e+00 1.907623e-01 -3.662419e-02 1.226467e-02 1.675115e-02 8.725072e-02 -2.800304e-03
2.735140e+00 -4.288754e-01 -6.367278e-01 -2.036558e-01 3.925692e-02 -2.644195e-02 -4.618738e-03
9.309786e+00 1.579958e-01 1.634734e-01 -9.684689e-04 -6.640232e-02 6.417737e-02 -8.208849e-03
3.080393e+00 -6.403338e-01 -1.233622e-01 1.046897e-01 9.879222e-03 -5.127990e-02 3.803486e-03
4.423103e+00 -7.456805e-02 -6.866099e-01 1.956338e-02 4.395035e-02 -4.773149e-03 -2.052634e-03
8.873826e+00 3.587341e-03 3.062830e-02 -1.260055e-03 -2.001380e-01 2.344118e-02 -5.264290e-03
4.607349e+00 -6.330882e-01 -2.900848e-01 1.021570e-02 1.954075e-02 -4.264621e-02 3.526000e-04
5.167092e+00 -6.682193e-01 2.796030e-01 -3.410380e-02 -1.838274e-02 -4.393265e-02 -4.558949e-03
9.417072e+00 -6.581936e-01 -5.795406e-01 1.468954e-01 2.498367e-02 -2.837436e-02 1.124344e-03
8.217611e+00 -2.228970e-01 -6.726119e-01 -1.232475e-01 4.991703e-02 -1.654201e-02 -7.571789e-04
9.434387e+00 3.718493e-01 -8.425384e-02 5.225663e-02 1.375283e-02 6.069731e-02 -2.701591e-03
7.979973e+00 2.989245e-01 -1.066084e-01 2.301975e-02 2.618740e-02 7.342812e-02 -6.173408e-03
3.608912e+00 -3.372110e-01 -1.500553e-01 1.911686e-02 2.595250e-02 -5.832165e-02 8.535395e-05
7.023286e+00 3.061750e-01 2.791304e-01 7.375067e-02 -4.313422e-02 4.731344e-02 -4.216193e-03
3.123912e+00 3.774013e-01 3.204527e-01 7.898622e-02 -3.667971e-02 4.319817e-02 -3.311989e-03
2.514862e+00 -9.212170e-01 1.936697e-01 -3.470995e-02 -8.903801e-03 -4.235218e-02 4.035472e-03
8.128009e+00 9.388373e-02 3.607143e-01 2.811398e-02 -6.675231e-02 1.737374e-02 -4.128952e-03
9.700101e-01 2.936612e-02 -9.173432e-01 1.601758e-02 4.268133e-02 1.366321e-03 3.436172e-04
4.812151e+00 -3.829250e-01 1.358727e-01 8.085517e-03 -1.930793e-02 -5.441481e-02 2.239940e-03
5.263589e+00 1.563525e-01 -2.517582e-02 -3.693730e-03 1.587068e-02 9.856364e-02 -3.056294e-04
3.469604e+00 -2.983391e-01 -2.192218e-01 -4.093456e-02 3.384827e-02 -4.606413e-02 3.777888e-03
7.363240e+00 -2.891664e-01 5.744344e-01 3.257708e-03 -3.979227e-02 -2.003116e-02 3.052521e-03
5.214311e-01 -1.584072e-02 -9.744050e-02 1.731670e-02 1.229812e-01 -1.999283e-02 3.446808e-03
3.646596e+00 5.982254e-01 -2.601009e-01 7.758695e-02 2.101230e-02 4.832774e-02 -6.196607e-05
7.087355e+00 -3.117131e-01 -1.646901e-01 2.830799e-02 3.100637e-02 -5.868654e-02 -1.984836e-03
9.830806e+00 -1.347008e-01 6.793761e-02 2.718018e-02 -5.028587e-02 -9.970247e-02 3.700730e-03
7.537276e+00 4.718963e-01 1.126680e-01 -1.472774e-02 -1.409515e-02 5.903583e-02 -4.688162e-03
8.061365e+00 -4.219701e-01 2.792624e-01 -9.683503e-02 -3.254082e-02 -4.916972e-02 -2.748637e-03
8.307891e-01 2.427310e-01 1.205048e-01 1.735834e-02 -3.193150e-02 6.431915e-02 4.752107e-03
3.585269e+00 -8.975891e-01 1.222981e-01 -1.485266e-01 -5.633793e-03 -4.134841e-02 1.910082e-03
8.756690e+00 4.107195e-02 -2.808297e-02 -2.991855e-03 8.840437e-02 1.292933e-01 7.605791e-03
1.345184e+00 4.355867e-01 -7.415609e-01 1.559085e-01 3.261312e-02 1.915668e-02 -1.585020e-03
7.616102e+00 -7.363762e-01 -2.734498e-01 -7.355102e-02 1.575285e-02 -4.242105e-02 1.541996e-03
8.688476e+00 -3.925178e-03 -3.901081e-01 -1.360991e-02 6.353699e-02 -6.392945e-04 -1.550584e-03
3.185805e+00 1.970926e-01 -9.001794e-01 -3.793193e-02 4.417938e-02 9.672992e-03 -6.480247e-04
2.890938e+00 -1.548025e-01 5.098825e-01 8.941555e-03 -5.735774e-02 -1.741406e-02 -1.481457e-03
8.150721e+00 -2.352714e-01 -5.811875e-01 5.173162e-02 4.858871e-02 -1.966927e-02 -1.166800e-03
2.393730e+00 -6.743031e-01 -1.175765e-01 5.808810e-02 7.463701e-03 -4.280445e-02 -5.150365e-04
4.465854e+00 7.622007e-01 3.991404e-01 -8.132334e-02 -1.835221e-02 3.504548e-02 -2.767146e-03
7.336711e-01 -7.641798e-02 -3.579221e-01 -1.945113e-02 5.671059e-02 -1.210797e-02 -2.779086e-03
4.135027e+00 5.165022e-01 2.185888e-01 9.303249e-03 -2.253334e-02 5.324389e-02 2.772382e-03
5.028411e+00 8.815708e-01 -3.880415e-01 -5.562488e-02 1.477093e-02 3.355728e-02 1.285961e-03
7.590435e+00 3.362514e-01 -5.464224e-01 3.335658e-03 3.672901e-02 2.260190e-02 1.959481e-03
1.025973e+00 2.901815e-01 4.542373e-01 -3.334215e-02 -4.535086e-02 2.897160e-02 -1.644126e-03
8.020833e+00 1.948460e-02 1.682242e-02 2.655248e-03 -1.672079e-01 1.936688e-01 9.342272e-03
9.172256e+00 3.342332e-01 -4.764308e-02 -3.134309e-02 9.434307e-03 6.618504e-02 1.677091e-03
7.293977e+00 -2.307103e-01 -1.923190e-02 -4.224386e-02 6.360664e-03 -7.630398e-02 3.907824e-03
3.285845e+00 -3.527975e-01 -7.460095e-01 -5.521615e-02 3.645458e-02 -1.723984e-02 -2.147318e-03
3.035607e+00 -3.262127e-01 -9.359501e-01 1.160347e-01 4.026728e-02 -1.403462e-02 -2.074804e-03
6.118449e+00 4.665475e-02 -4.117990e-02 4.838928e-03 1.157196e-01 1.311045e-01 -5.458531e-03
9.645286e+00 -6.849607e-01 6.446441e-02 5.093091e-02 -4.701954e-03 -4.996018e-02 1.141418e-03
1.661224e+00 6.666229e-01 6.312270e-01 -1.114670e-01 -2.630019e-02 2.777496e-02 2.773404e-04
2.685540e+00 -4.840701e-01 3.395757e-01 -1.266825e-02 -2.949153e-02 -4.204061e-02 1.458782e-03
6.529017e+00 -3.222211e-01 -1.397284e-01 6.126400e-03 2.561652e-02 -5.907307e-02 -1.947910e-03
9.218209e+00 6.518632e-01 1.503210e-01 -1.476692e-02 -1.054605e-02 4.573270e-02 2.778646e-03
1.993592e+00 -3.495164e-02 -8.486468e-02 2.012008e-03 1.127025e-01 -4.641670e-02 -1.439050e-02
8.617904e+00 -5.073285e-02 8.866812e-02 5.215304e-03 -1.163346e-01 -6.656267e-02 3.083070e-03
5.169997e+00 8.416964e-02 2.181598e-01 6.077390e-03 -7.470649e-02 2.882300e-02 -1.496233e-03
6.277877e+00 -4.019377e-01 3.270106e-01 5.292482e-02 -3.600972e-02 -4.426054e-02 1.794033e-03
5.256972e+00 1.414002e-01 7.577508e-01 -6.610942e-02 -4.981859e-02 9.296406e-03 -4.224881e-04
2.056173e+00 3.965069e-01 5.495827e-01 -4.998959e-03 -3.833047e-02 2.765425e-02 1.233945e-03
9.397689e-01 -6.329868e-04 1.787408e-02 8.003147e-04 -3.187168e-01 -1.128693e-02 -9.167719e-03
8.477321e+00 -1.124104e-03 1.053144e-02 -2.627390e-03 -4.252420e-01 -4.538944e-02 -2.000655e-02
2.625840e+00 -2.253735e-01 7.670734e-04 1.792514e-02 -2.973848e-04 -8.737448e-02 3.205719e-03
3.091645e+00 6.132521e-02 4.326003e-02 6.698150e-03 -7.657338e-02 1.085500e-01 4.363560e-03
4.191746e+00 -4.230111e-01 -7.629696e-01 -2.094559e-02 3.231812e-02 -1.791804e-02 3.513709e-03
2.361225e+00 -1.070559e-01 -3.522203e-01 1.364875e-02 6.743511e-02 -2.049663e-02 -1.246543e-03
2.121928e+00 4.042024e-01 -1.769010e-01 -6.066761e-03 2.433619e-02 5.560594e-02 3.526439e-03
7.621414e+00 -1.712500e-01 -7.920702e-01 5.377208e-02 4.725373e-02 -1.021652e-02 1.675604e-03
7.832848e+00 -1.640969e-01 3.624774e-01 -2.287444e-02 -5.923936e-02 -2.681821e-02 6.999598e-03
6.696167e+00 -5.571709e-02 6.043169e-01 4.942688e-02 -5.689653e-02 -5.245772e-03 6.827218e-04
4.307108e+00 4.329630e-02 -3.929861e-01 3.848266e-03 5.855988e-02 6.451694e-03 8.760427e-04
2.908853e+00 -2.002257e-01 -1.575762e-01 1.169729e-02 5.357752e-02 -6.807877e-02 -1.222979e-03
9.940316e+00 3.092226e-02 -1.005707e-01 9.132315e-04 1.076829e-01 3.310903e-02 -3.731555e-03
4.971542e+00 -2.263294e-01 -2.491589e-01 1.671014e-02 4.392598e-02 -3.990120e-02 -5.667993e-03
4.981312e+00 -4.473556e-01 -6.232058e-01 1.961438e-02 3.530840e-02 -2.534541e-02 -1.615050e-03
5.519163e+00 2.331700e-01 2.193090e-01 -6.922741e-02 -5.108631e-02 5.431513e-02 5.978725e-04
1.172639e+00 -4.887281e-01 -5.643711e-01 3.703452e-02 3.464637e-02 -3.000270e-02 2.579835e-04
5.513218e-01 1.732408e-01 1.032520e-01 -7.193717e-03 -4.731577e-02 7.938854e-02 1.308938e-02
8.297963e-01 -2.610736e-02 -6.031534e-02 5.340571e-03 1.342495e-01 -5.810960e-02 -2.915420e-03
1.477016e+00 6.370856e-01 -6.874468e-01 -1.534393e-02 3.134422e-02 2.904800e-02 3.579269e-04
4.234540e+00 -1.182257e-01 -3.995225e-01 -5.162462e-02 5.553370e-02 -1.643339e-02 2.958831e-03
2.148871e+00 8.275196e-02 -3.478443e-01 1.420535e-02 6.879285e-02 1.636578e-02 2.369759e-03
9.793093e+00 7.246646e-02 2.276784e-02 1.827527e-03 -4.276940e-02 1.361283e-01 6.202899e-03
2.113112e+00 -7.985170e-01 5.431966e-02 5.266102e-02 -3.383842e-03 -4.974360e-02 -1.450201e-03
9.208555e+00 2.544054e-01 -6.934307e-01 -2.322524e-01 4.449659e-02 1.632488e-02 -2.275550e-03
1.907473e+00 -1.995369e-01 -5.934539e-02 1.353316e-02 2.713916e-02 -9.124997e-02 4.173939e-03
6.402768e+00 3.716223e-01 -1.815468e-01 -4.472325e-02 2.481552e-02 5.079682e-02 1.327570e-03
5.118643e+00 2.664254e-01 7.113534e-01 -1.884222e-01 -4.227014e-02 1.583156e-02 -4.708473e-03
3.376927e+00 5.230433e-01 1.904509e-01 -6.755757e-02 -1.762739e-02 4.841085e-02 2.065430e-04
1.864153e+00 7.181729e-01 -1.471706e-01 -9.028774e-02 1.045872e-02 5.103716e-02 -2.710767e-03
1.633069e+00 -3.024074e-01 3.114723e-01 -4.244898e-02 -4.127017e-02 -4.006907e-02 -3.941851e-04
1.255296e+00 2.426419e-01 2.725067e-01 1.838849e-02 -4.617623e-02 4.111563e-02 4.834778e-04
7.881770e+00 -3.495936e-01 -6.003410e-03 -5.711399e-02 9.958019e-04 -5.798804e-02 -1.311615e-03
1.232911e+00 -5.510765e-02 -2.229365e-01 2.653586e-02 8.008417e-02 -1.979600e-02 1.017035e-02
2.061425e+00 -6.658689e-01 2.757216e-01 1.531346e-01 -1.989135e-02 -4.803769e-02 -7.515793e-04
7.739550e+00 2.032238e-01 -1.008749e-01 1.694715e-02 3.320795e-02 6.690115e-02 1.700708e-03
2.633087e+00 8.133404e-02 8.815498e-01 4.879246e-02 -4.729399e-02 4.363465e-03 -2.045862e-03
5.307702e+00 2.471104e-01 -6.457975e-01 6.418303e-02 4.367595e-02 1.671233e-02 1.816133e-03
1.331074e+00 -5.468952e-01 3.843434e-01 -8.179664e-02 -2.733560e-02 -3.889674e-02 5.642465e-04
3.976740e+00 -9.357991e-02 1.155274e-01 -6.313135e-03 -8.884839e-02 -7.196929e-02 -1.923021e-03
1.901704e+00 1.401341e-01 2.633451e-01 9.082919e-04 -6.636035e-02 3.531240e-02 -7.379337e-04
2.056801e+00 -6.840130e-03 -9.969802e-01 -1.939283e-01 3.829150e-02 -2.627122e-04 1.862858e-03
7.152570e-01 -3.914491e-03 -7.464137e-01 -7.748539e-02 5.073430e-02 -2.660709e-04 3.248837e-03
5.451915e+00 -5.557874e-02 -9.441328e-02 -7.794494e-03 9.890402e-02 -5.822233e-02 -7.218831e-04
5.824065e+00 -4.104731e-01 -7.384915e-01 -2.173477e-02 4.052602e-02 -2.252543e-02 4.710090e-04
7.571717e+00 -5.477980e-02 3.855899e-02 1.398156e-02 -9.360008e-02 -1.329753e-01 -9.389738e-03
9.868913e+00 1.173228e-01 -8.510304e-01 1.368973e-01 4.693079e-02 6.469864e-03 -4.255515e-03
6.182754e-01 -6.649147e-01 -5.305965e-01 -6.205501e-02 2.955143e-02 -3.703224e-02 1.658442e-03
5.975592e+00 3.710948e-01 2.105894e-01 2.683799e-02 -2.608478e-02 4.596588e-02 -8.052155e-04
1.995257e+00 4.054053e-02 -1.275832e-03 2.497137e-03 6.447278e-03 2.048672e-01 -7.083384e-03
9.199234e+00 -6.946121e-01 -4.743592e-01 3.327824e-03 2.468821e-02 -3.615135e-02 -2.407155e-03
1.172025e+00 -8.362490e-01 4.751018e-01 -3.676835e-02 -2.196382e-02 -3.865954e-02 -1.156341e-04
9.471490e+00 3.683594e-02 9.892103e-02 4.502800e-03 -1.007307e-01 3.750981e-02 1.917083e-03
4.370353e+00 1.397737e-01 -5.246029e-01 -6.811526e-02 4.515479e-02 1.203092e-02 3.701535e-03
1.670761e+00 -1.365273e-01 -5.276593e-01 -3.593390e-02 4.752557e-02 -1.229684e-02 -9.382496e-04
8.616674e-01 -2.249433e-02 -3.361816e-02 -1.673446e-03 1.637092e-01 -1.095399e-01 -3.490158e-03
7.935106e+00 8.141575e-02 -9.909599e-03 -4.925841e-03 1.739564e-02 1.429199e-01 2.325618e-03
7.567799e+00 -5.545149e-01 6.443300e-01 -1.696979e-02 -2.929490e-02 -2.521140e-02 3.283305e-04
7.087888e-01 -3.489793e-01 6.999541e-01 -1.050828e-02 -4.516559e-02 -2.251841e-02 3.076953e-03
2.547933e+00 -4.627582e-01 2.888808e-02 -8.311599e-03 -4.037432e-03 -6.467563e-02 4.291186e-03
5.274291e+00 1.945320e-01 2.306277e-01 -6.860741e-03 -6.034289e-02 5.089860e-02 6.186678e-03
8.554145e+00 1.332684e-01 -2.508077e-02 -1.635325e-02 1.978402e-02 1.051237e-01 -3.270317e-03
4.810647e+00 2.733931e-01 3.521733e-01 -5.162826e-02 -5.051359e-02 3.921384e-02 -3.281521e-03
7.874155e+00 1.750357e-01 5.222910e-01 -5.167077e-02 -5.681965e-02 1.904200e-02 1.548964e-03
6.533830e+00 -2.856442e-01 1.882938e-01 3.067871e-02 -3.356478e-02 -5.091821e-02 5.948670e-05
3.327799e+00 2.447627e-01 8.121974e-02 -3.406774e-02 -2.192468e-02 6.607192e-02 -4.514448e-03
7.166657e+00 8.028837e-02 2.450080e-01 -3.601191e-02 -6.916051e-02 2.266368e-02 -2.651981e-03
7.971570e+00 -6.912865e-01 -6.572464e-01 1.959240e-01 3.095035e-02 -3.255333e-02 -3.512893e-03
4.069601e+00 -2.206463e-01 -6.296819e-01 3.751693e-02 4.357855e-02 -1.527032e-02 -8.717104e-04
4.937912e+00 3.807632e-02 7.961987e-02 4.029805e-03 -1.128643e-01 5.397469e-02 -2.379403e-03
7.471864e-01 -8.496584e-03 1.993856e-02 2.091351e-03 -2.518781e-01 -1.073349e-01 -7.341668e-03
8.910294e+00 7.596840e-01 -1.220008e-01 -4.218423e-03 6.914678e-03 4.305684e-02 -2.443392e-03
3.729180e+00 -5.040889e-01 1.475186e-01 3.477275e-02 -1.684538e-02 -5.756271e-02 -8.482358e-04
8.530465e+00 -3.248345e-02 1.321827e-01 -7.546101e-03 -1.059603e-01 -2.603938e-02 1.341438e-03
8.674382e-01 -1.432249e-01 1.422580e-01 2.029893e-02 -5.854501e-02 -5.894290e-02 1.271372e-03
3.088438e+00 -3.560930e-01 -3.478026e-01 4.063083e-02 3.627735e-02 -3.714207e-02 5.717596e-04
8.528875e+00 9.689488e-01 7.478201e-03 -2.218303e-02 -2.941588e-04 3.811409e-02 1.303919e-03
1.404476e+00 4.131580e-01 -1.438660e-01 4.387989e-02 1.821429e-02 5.230827e-02 -1.417705e-03
5.120466e+00 5.938433e-01 -7.613217e-01 4.330573e-03 2.841914e-02 2.216739e-02 -2.811972e-04
2.616352e+00 6.363688e-01 6.807064e-01 3.791879e-02 -3.164551e-02 2.958429e-02 1.202338e-03
4.166543e+00 -1.723466e-01 -6.988919e-02 2.907665e-02 3.865976e-02 -9.533491e-02 -2.337445e-03
5.965788e+00 -2.597857e-01 5.720493e-02 -1.223910e-02 -1.798801e-02 -8.168927e-02 2.092207e-03
4.256424e+00 1.989917e-01 3.585453e-03 8.617991e-03 -1.729699e-03 9.599785e-02 7.651047e-04
3.397657e+00 -7.540444e-01 -2.738285e-01 -3.344342e-02 1.481961e-02 -4.080891e-02 1.444963e-03
6.052619e+00 3.535121e-02 -1.058690e-01 -1.132824e-02 1.214925e-01 4.056814e-02 9.477069e-03
4.953651e+00 -4.801233e-01 4.534534e-01 -1.383799e-02 -3.623374e-02 -3.836483e-02 4.058385e-03
5.417145e+00 6.300019e-01 -4.436722e-02 -4.215256e-02 3.767818e-03 5.350194e-02 -5.299562e-04
7.987040e+00 4.610255e-01 -1.420284e-01 1.436180e-02 1.532354e-02 4.974035e-02 -3.244321e-04
4.341875e+00 -6.755071e-01 -6.071646e-01 -1.123999e-02 2.902627e-02 -3.229347e-02 2.021098e-04
2.927859e+00 -2.193382e-02 -7.187750e-03 3.308528e-03 7.474625e-02 -2.280924e-01 -2.593116e-02
4.144184e+00 -3.411558e-01 -7.104595e-01 1.037439e-01 4.141427e-02 -1.988673e-02 2.003779e-03
4.658577e+00 -1.123193e-01 4.539534e-01 1.182175e-01 -4.886504e-02 -1.209042e-02 9.545436e-04
5.246240e+00 1.010503e-01 -3.925328e-01 -5.139507e-02 5.824281e-02 1.499353e-02 -7.794435e-04
7.946246e+00 -7.996523e-01 3.133582e-01 -8.474909e-03 -1.663357e-02 -4.244685e-02 2.189585e-03
7.158305e-01 -5.453935e-02 8.867534e-01 -1.412401e-01 -4.248133e-02 -2.612794e-03 6.833337e-04
2.586225e+00 3.146648e-01 -1.057762e-01 -1.595726e-02 2.213986e-02 6.586199e-02 3.166949e-03
9.465613e+00 3.769439e-01 2.980929e-01 7.161525e-03 -3.721796e-02 4.706279e-02 7.866314e-04
7.927775e+00 9.227956e-01 -3.573334e-01 7.302789e-03 1.600164e-02 4.132344e-02 -1.795490e-03
6.392555e+00 1.268702e-01 2.565331e-01 6.643342e-02 -5.755421e-02 2.846382e-02 -7.752590e-04
8.145065e+00 6.910233e-01 2.174966e-01 -3.746802e-02 -1.394818e-02 4.431573e-02 4.830254e-03
1.552531e+00 -4.859430e-02 3.352570e-01 -2.213377e-02 -7.453699e-02 -1.080387e-02 3.613839e-03
3.009300e+00 3.682108e-01 7.809101e-01 1.136107e-01 -4.332065e-02 2.042634e-02 -3.439960e-03
3.521378e+00 1.948031e-02 -3.313831e-01 -4.408838e-02 6.263483e-02 3.681980e-03 1.430395e-03
7.630760e+00 -2.046686e-02 -2.423623e-01 -7.352599e-04 8.717562e-02 -7.361752e-03 -3.864177e-03
6.781274e+00 -6.402170e-01 3.404150e-01 -1.713924e-02 -2.443495e-02 -4.595471e-02 -1.229676e-03
6.844394e+00 1.436604e-01 1.218325e-01 -1.734548e-02 -5.874234e-02 6.926682e-02 -7.068929e-04
9.938175e-01 -4.362819e-01 1.574510e-01 6.510810e-02 -2.192046e-02 -6.073951e-02 6.951948e-05
1.985914e+00 -8.498465e-02 -2.588171e-02 2.789096e-05 4.254683e-02 -1.397059e-01 5.494084e-04
3.501712e+00 2.549454e-01 2.733420e-01 1.204458e-03 -4.744008e-02 4.424724e-02 -8.891647e-04
8.461476e+00 1.967909e-01 3.731888e-01 2.781095e-02 -6.081867e-02 3.207106e-02 8.149431e-04
2.177802e+00 1.005893e-01 8.795370e-02 3.852241e-03 -6.698963e-02 7.661351e-02 -1.206706e-02
9.931998e+00 9.671724e-02 1.770453e-01 -2.098449e-03 -7.046339e-02 3.849311e-02 -5.251647e-03
7.479182e+00 -1.202678e-01 -3.003842e-01 -4.595279e-02 6.355201e-02 -2.544496e-02 -3.606967e-03
6.836842e+00 -6.116466e-01 -5.990914e-01 1.510541e-01 3.185779e-02 -3.252544e-02 1.075111e-03
9.307933e+00 -6.886929e-01 6.587736e-01 -2.078646e-02 -2.717228e-02 -2.840636e-02 4.418544e-03
8.344951e+00 -3.832549e-01 -3.661262e-01 -2.535761e-02 3.702511e-02 -3.875729e-02 -2.230013e-03
8.220285e+00 8.718093e-01 1.874196e-01 5.811440e-02 -8.296075e-03 3.859040e-02 -1.439123e-03
7.813496e+00 2.705231e-02 -1.820236e-02 6.680609e-04 1.077177e-01 1.600898e-01 1.889597e-02
4.485063e+00 -2.932694e-03 -2.794187e-01 7.820424e-04 8.116600e-02 -8.518938e-04 6.492509e-03
8.128805e+00 4.902330e-01 -6.380900e-01 -1.141961e-01 3.294210e-02 2.530882e-02 -3.146515e-04
8.111075e+00 5.533881e-01 4.940568e-01 -3.371813e-02 -3.443657e-02 3.857206e-02 9.577215e-04
7.329079e+00 -5.215547e-01 -6.098095e-01 3.583967e-02 3.348125e-02 -2.863567e-02 2.268843e-03
8.423220e+00 8.532396e-01 -3.640869e-01 1.315352e-01 1.611611e-02 3.776819e-02 3.276822e-03
6.981304e+00 -3.206717e-02 4.120858e-02 1.023090e-04 -1.470840e-01 -1.144560e-01 9.755897e-04
1.838152e+00 9.106469e-01 -3.797641e-01 5.117233e-02 1.651944e-02 3.961242e-02 -1.810405e-03
6.983469e+00 9.016472e-02 -2.051249e-01 4.220513e-03 7.404942e-02 3.254916e-02 -7.476148e-03
3.702048e+00 2.449088e-01 -2.590809e-01 6.161956e-02 4.718151e-02 4.460062e-02 4.425365e-03
9.467369e+00 -3.147133e-01 -1.579983e-01 -1.074112e-02 3.272347e-02 -6.518116e-02 5.644489e-03
3.802985e+00 6.132491e-01 -6.314071e-03 1.143833e-01 5.803963e-04 5.637053e-02 1.711435e-03
2.380131e+00 -4.957098e-02 8.526372e-02 -1.263890e-02 -1.180575e-01 -6.863677e-02 -2.972682e-03
7.738130e+00 -5.161778e-01 5.505659e-01 1.049965e-02 -2.924282e-02 -2.741633e-02 1.998449e-03
9.822845e-01 -1.677692e-01 -3.745092e-02 -9.912963e-03 2.049289e-02 -9.180214e-02 6.381304e-03
8.759985e+00 1.666895e-02 -1.829824e-03 1.176804e-03 3.628237e-02 3.305175e-01 1.875165e-02
1.892975e+00 5.398009e-01 3.851311e-02 1.234954e-01 -3.658609e-03 5.127917e-02 -3.259509e-04
8.971364e+00 -2.085108e-01 8.951595e-01 1.563489e-01 -3.976391e-02 -9.262267e-03 -2.683274e-03
4.741794e+00 1.702970e-02 -4.052551e-01 1.892095e-02 6.272284e-02 2.635749e-03 7.321136e-04
5.215295e+00 -2.924382e-01 -9.827949e-02 -4.503795e-03 2.111591e-02 -6.283200e-02 -1.935676e-03
5.348206e+00 -1.539974e-01 2.078577e-01 3.174778e-03 -5.748077e-02 -4.258631e-02 -2.440466e-03
4.050826e+00 -4.278630e-01 -1.791107e-02 4.606135e-02 2.779659e-03 -6.640102e-02 -7.798038e-04
9.535703e+00 3.402223e-01 -5.677431e-01 6.212981e-02 3.958178e-02 2.371954e-02 2.032210e-03
8.366066e+00 6.102883e-02 -1.851105e-03 2.409133e-04 5.279507e-03 1.740593e-01 -4.571000e-03
9.134257e+00 5.168084e-01 -7.245207e-01 5.457657e-02 3.234519e-02 2.307217e-02 2.699679e-03
8.023373e+00 9.247967e-02 9.094995e-02 2.186220e-02 -6.943489e-02 7.060274e-02 1.172561e-02
6.528890e+00 3.861976e-02 -8.371585e-02 -1.423485e-02 1.233493e-01 5.690342e-02 -8.904580e-03
6.346885e+00 1.801463e-01 -6.723169e-01 -1.354787e-01 4.503674e-02 1.206753e-02 -3.349086e-03
7.206576e+00 5.720118e-01 2.498374e-01 2.043212e-02 -1.888108e-02 4.322891e-02 -4.446038e-03
8.316197e+00 3.136789e-02 -3.331510e-03 -8.659302e-06 2.608191e-02 2.455747e-01 -1.376735e-02
6.462396e+00 4.724640e-01 1.971244e-02 2.916130e-02 -2.369449e-03 5.679050e-02 -4.673553e-03
9.759387e+00 -2.154031e-01 -4.003489e-02 -2.132381e-02 1.610806e-02 -8.666753e-02 -2.869047e-03
8.201357e+00 -1.419322e-01 5.014262e-01 4.896660e-02 -5.132207e-02 -1.452708e-02 -2.701359e-03
8.257665e+00 1.655955e-01 -3.225515e-03 2.166284e-03 1.922570e-03 9.870327e-02 -3.851612e-03
9.291390e+00 7.633540e-01 2.371464e-01 5.759375e-03 -1.425375e-02 4.588161e-02 -1.688843e-04
9.155401e+00 6.222570e-01 -4.846734e-01 -3.560161e-04 2.732619e-02 3.508325e-02 7.272810e-04
5.102173e+00 7.188416e-01 -6.496764e-01 9.258190e-02 2.830515e-02 3.131854e-02 -1.715850e-05
1.045174e+00 -1.272876e-01 -8.058828e-01 -1.976999e-01 4.080264e-02 -6.444696e-03 -2.436137e-03
2.036152e+00 3.076886e-01 -2.412665e-02 1.418827e-02 6.305872e-03 8.041914e-02 2.821063e-03
4.232164e+00 2.859657e-01 7.375118e-02 -6.818226e-02 -1.720451e-02 6.670945e-02 1.059501e-03
8.897501e+00 -8.113871e-02 -5.845280e-02 -1.557748e-05 7.991687e-02 -1.109331e-01 1.500749e-02
4.671795e+00 4.767618e-01 6.995698e-01 -1.125787e-02 -3.888521e-02 2.650055e-02 7.529927e-04
9.154262e-01 -3.560688e-02 -9.003443e-02 -7.199780e-03 1.271467e-01 -5.028405e-02 6.084722e-03
6.937755e+00 4.156713e-01 -5.166672e-01 8.606064e-02 4.083760e-02 3.285484e-02 -2.812244e-03
1.160413e+00 -5.366329e-01 -1.069738e-01 6.171391e-03 9.571663e-03 -4.801614e-02 2.747957e-03
2.743780e+00 2.296762e-01 8.803165e-02 -9.116094e-03 -2.698942e-02 7.041590e-02 1.024446e-03
8.485066e+00 3.127422e-02 -3.620714e-01 2.903781e-03 5.728695e-02 4.948209e-03 -1.428316e-03
7.619748e+00 4.730094e-01 -1.009561e-01 -3.222850e-02 1.253168e-02 5.871464e-02 3.434090e-03
4.415262e+00 -5.203005e-01 -3.456921e-01 -9.630415e-02 2.698893e-02 -4.062099e-02 1.926041e-03
1.359842e+00 2.864513e-01 1.558432e-02 -7.316745e-04 -3.579788e-03 6.579916e-02 1.247703e-03
7.597827e+00 9.316623e-01 1.363198e-01 -1.274692e-01 -5.719057e-03 3.908626e-02 -1.381148e-03
4.792349e+00 4.749939e-02 6.457850e-02 1.311088e-02 -1.156859e-01 8.509042e-02 7.965918e-03
4.454177e+00 4.953490e-02 3.201407e-01 8.539204e-03 -6.283150e-02 9.721824e-03 3.870751e-03
8.234774e+00 -7.813561e-01 -2.366984e-02 -5.909518e-02 1.297142e-03 -4.281946e-02 8.993189e-04
7.331197e+00 7.361201e-02 2.379632e-01 1.947794e-02 -6.973276e-02 2.157127e-02 -1.975583e-03
9.873902e+00 -8.399254e-01 -5.282196e-01 -5.154613e-02 2.233595e-02 -3.551654e-02 8.123595e-04
6.692778e+00 -8.386919e-01 -5.085702e-01 9.558660e-02 2.156866e-02 -3.556925e-02 2.246325e-03
5.874209e+00 -4.233817e-01 5.625688e-01 7.482158e-02 -3.831594e-02 -2.883607e-02 2.986323e-03
2.311082e+00 -2.479005e-01 -1.875121e-01 3.969243e-02 3.914428e-02 -5.175074e-02 6.668229e-03
6.825860e+00 8.389660e-03 2.530875e-01 -7.925631e-04 -8.070449e-02 2.675293e-03 2.602189e-03
8.039294e+00 -3.611236e-01 1.795188e-02 2.185677e-02 -2.989389e-03 -6.013514e-02 2.907706e-03
1.413326e+00 2.477900e-01 -5.277505e-01 -9.064263e-02 4.944966e-02 2.321766e-02 -9.717103e-04
7.326942e+00 -3.378470e-01 -3.708265e-01 6.056264e-02 3.764089e-02 -3.429329e-02 -9.674382e-04
1.981434e+00 -1.356506e-01 -5.783419e-01 -4.920619e-02 4.661166e-02 -1.093281e-02 -2.223133e-03
1.667224e+00 3.083262e-01 -3.771931e-01 1.634635e-02 4.547026e-02 3.716842e-02 7.883265e-04
1.491610e+00 -1.727599e-01 5.381490e-01 4.751778e-02 -5.645779e-02 -1.812443e-02 5.746340e-03
9.333021e+00 -7.388592e-01 1.524656e-01 9.794060e-03 -9.734609e-03 -4.717461e-02 -7.894173e-04
4.769086e+00 1.299691e-01 3.497977e-01 -5.765233e-03 -6.804204e-02 2.528136e-02 4.275387e-03
4.555941e+00 1.195865e-01 -4.962924e-01 -4.852694e-02 5.737308e-02 1.382460e-02 -1.175311e-03
7.561209e+00 -1.382866e-01 -3.445852e-01 9.753664e-02 6.133807e-02 -2.461577e-02 -4.533185e-03
3.076195e+00 -4.434128e-01 -6.969760e-01 -1.357200e-01 3.889871e-02 -2.474717e-02 1.310606e-03
4.144096e+00 -1.598921e-01 -4.949695e-01 4.098432e-02 4.841464e-02 -1.563958e-02 -5.326545e-04
1.713539e+00 2.966898e-02 3.281093e-02 -9.491956e-03 -1.544886e-01 1.396949e-01 1.005533e-02
6.525438e+00 2.107528e-01 -3.416781e-01 -1.729130e-02 4.877200e-02 3.008339e-02 -2.153605e-03
3.786788e+00 -2.104741e-01 1.607836e-01 -4.376528e-02 -4.997928e-02 -6.542549e-02 2.547700e-03
9.743584e+00 4.904894e-01 8.398022e-03 2.621068e-02 -8.751122e-04 5.111123e-02 -4.137631e-03
4.810017e+00 -8.276069e-01 9.865632e-03 2.496689e-02 -4.842570e-04 -4.062329e-02 -2.124813e-03
5.816615e+00 -8.425680e-01 -3.809223e-02 1.572425e-01 1.979252e-03 -4.377939e-02 -3.918615e-04
3.676836e+00 -2.102048e-01 -9.376365e-01 -9.175047e-03 3.940795e-02 -8.834702e-03 7.415195e-04
9.035374e+00 5.297323e-01 -2.877227e-01 6.314410e-02 2.631663e-02 4.845209e-02 1.936379e-03
9.109107e+00 6.435480e-02 -4.445868e-01 2.694035e-02 6.535871e-02 9.460799e-03 -3.356456e-04
3.042937e+00 9.209933e-02 -6.652001e-03 5.694495e-03 1.060060e-02 1.467691e-01 -1.011354e-02
7.854074e+00 -2.090739e-01 -6.138397e-01 -5.396680e-02 4.353858e-02 -1.482925e-02 1.502164e-03
1.692809e+00 4.332381e-02 1.881863e-01 -3.371209e-03 -9.593235e-02 2.208532e-02 -3.429825e-03
6.818662e+00 -6.118198e-01 7.167789e-01 -9.899347e-02 -3.222998e-02 -2.751049e-02 -1.884394e-03
5.392565e+00 4.494565e-02 6.126108e-01 7.024690e-02 -4.571246e-02 3.353804e-03 -4.769786e-03
1.475547e+00 -1.323860e-01 3.300224e-01 7.043117e-03 -5.359325e-02 -2.149853e-02 -4.380815e-03
7.404051e+00 6.014089e-01 -3.685462e-02 -2.707745e-02 3.513942e-03 5.734195e-02 1.817924e-03
4.538313e+00 -1.752188e-01 1.583774e-01 -3.701053e-03 -6.142449e-02 -6.795617e-02 3.296015e-04
1.729346e+00 -2.433131e-01 -1.580848e-01 -2.040938e-02 4.346074e-02 -6.689175e-02 3.414127e-03
5.008987e+00 -3.168203e-01 -4.663667e-01 -4.811619e-02 4.662665e-02 -3.167522e-02 2.161074e-03
7.238862e+00 8.216937e-02 5.831424e-01 -5.547263e-02 -4.589742e-02 6.467310e-03 3.815683e-03
4.574495e+00 -2.799914e-02 8.362264e-01 -7.146091e-02 -4.492368e-02 -1.504167e-03 -3.095967e-03
4.110421e+00 7.059680e-01 5.272518e-02 -1.815134e-01 -3.795021e-03 5.081373e-02 2.422902e-03
1.224967e+00 4.874242e-02 1.017857e-02 2.302799e-03 -3.902437e-02 1.868772e-01 -3.503468e-03
3.862368e+00 3.387931e-01 1.060633e-01 -3.141551e-02 -1.758095e-02 5.615800e-02 2.087482e-03
3.194174e+00 4.056970e-03 6.330278e-03 4.185972e-04 -3.544620e-01 2.271688e-01 -1.531517e-02
5.584139e+00 9.247698e-02 -1.827538e-01 1.393664e-03 8.195437e-02 4.147050e-02 2.898815e-03
1.169070e+00 5.685262e-01 5.894679e-01 -5.814334e-02 -3.557527e-02 3.431141e-02 5.246107e-03
8.195883e-01 -6.408158e-01 4.156221e-01 -2.664984e-03 -2.483124e-02 -3.828538e-02 4.785688e-03
1.205520e+00 -5.569678e-02 6.545243e-01 2.965006e-02 -4.867172e-02 -4.141722e-03 4.488601e-04
1.729396e+00 8.957387e-02 -1.504753e-02 -2.550537e-03 2.018861e-02 1.201773e-01 1.751790e-03
9.341196e+00 2.349499e-01 -7.566581e-01 -6.855190e-02 4.126670e-02 1.281372e-02 2.688759e-03
4.824891e+00 6.207777e-01 -6.281970e-01 8.127898e-02 2.901373e-02 2.867107e-02 4.025877e-05
2.853658e+00 5.480622e-01 -6.619720e-01 4.322491e-02 3.519001e-02 2.913464e-02 2.398652e-03
8.924515e+00 -8.164746e-01 -5.598356e-01 2.746625e-02 2.198035e-02 -3.205655e-02 -1.339285e-03
7.286905e+00 7.453163e-01 4.409384e-01 -3.030015e-02 -2.298555e-02 3.885237e-02 3.567792e-03
5.721091e+00 -3.584711e-01 7.777049e-01 -5.684378e-02 -3.826449e-02 -1.763743e-02 -2.073828e-03
9.758415e-01 3.181755e-01 -2.071304e-01 6.978223e-03 3.655461e-02 5.615198e-02 7.344673e-04
1.309906e+00 2.497810e-01 2.423702e-01 1.781894e-02 -4.507271e-02 4.645086e-02 9.078533e-04
8.175853e+00 -4.848595e-01 -1.667863e-01 4.708068e-02 1.788771e-02 -5.200084e-02 -2.124822e-03
4.019145e+00 -4.152757e-01 -7.049414e-02 -1.387056e-02 9.904510e-03 -5.834672e-02 -3.377213e-03
2.173163e+00 -3.567926e-02 3.675553e-01 3.855830e-02 -6.124239e-02 -5.944909e-03 -5.360106e-03
2.144638e+00 5.284598e-01 4.445109e-01 6.077521e-03 -3.236416e-02 3.847635e-02 -2.577594e-03
5.233306e+00 -4.974421e-01 8.803742e-02 4.263859e-02 -9.281813e-03 -5.244547e-02 -8.497610e-04
7.749054e-01 -8.136466e-02 -9.455162e-01 2.225759e-01 4.128057e-02 -3.552324e-03 -9.067650e-04
2.041816e+00 -5.905800e-01 3.821859e-01 -1.485804e-02 -2.400821e-02 -3.709915e-02 3.508670e-03
7.582083e+00 -8.809183e-01 -3.915098e-01 -3.105524e-02 1.697977e-02 -3.820541e-02 3.713581e-03
6.118086e+00 7.619870e-01 2.728974e-01 -4.991586e-03 -1.304446e-02 3.642287e-02 2.260379e-04
7.358403e+00 1.762994e-01 1.425227e-02 2.663076e-02 -7.714062e-03 9.542234e-02 6.588073e-03
3.852861e+00 -8.093739e-03 3.012974e-03 4.951708e-04 -1.666190e-01 -4.475880e-01 1.236633e-02
7.939459e+00 2.135011e-02 4.268474e-02 -4.670399e-03 -1.428647e-01 7.145828e-02 -1.324745e-02
3.646130e+00 4.564301e-01 -8.331852e-01 1.745804e-01 3.504432e-02 1.919775e-02 6.994180e-05
7.113138e+00 1.893370e-01 8.643488e-01 2.843334e-02 -4.391754e-02 9.620211e-03 -4.861714e-04
4.032920e+00 1.384422e-03 2.757372e-05 -1.643300e-05 -2.319636e-02 1.164643e+00 7.703223e-02
9.195452e+00 2.225960e-01 -8.357981e-01 2.817641e-02 4.604232e-02 1.226233e-02 4.160408e-03
3.543453e+00 2.715827e-02 6.183555e-03 3.612504e-03 -5.788499e-02 2.542319e-01 1.613592e-04
6.900835e+00 -5.566509e-01 -5.338480e-01 1.056428e-01 2.751429e-02 -2.868954e-02 1.896514e-03
3.792477e+00 6.340971e-01 3.024069e-01 -6.409713e-02 -2.131736e-02 4.469896e-02 4.010667e-03
3.588775e+00 -3.769012e-02 7.927993e-01 1.370688e-01 -4.328620e-02 -2.057850e-03 1.423262e-03
4.940325e+00 9.183577e-01 1.400322e-01 1.066905e-03 -5.742364e-03 3.765952e-02 -2.162772e-03
2.507710e+00 2.669346e-01 -1.538002e-01 4.499757e-04 3.841464e-02 6.667220e-02 -5.770584e-04
9.979031e+00 -6.579749e-01 6.262855e-01 1.619926e-02 -2.648192e-02 -2.782188e-02 9.240310e-04
7.527463e+00 -2.129580e-01 -6.464990e-01 5.497234e-02 4.293929e-02 -1.414428e-02 4.585292e-04
9.996002e+00 2.313054e-01 6.245181e-01 1.584687e-01 -3.981670e-02 1.474708e-02 -2.167989e-03
7.619850e+00 -2.508930e-01 -2.503860e-02 -1.836628e-02 8.025293e-03 -8.041544e-02 1.193488e-03
4.153939e+00 -5.520068e-02 -6.357161e-02 -2.410461e-03 9.666457e-02 -8.393605e-02 5.175708e-03
2.169916e+00 5.162427e-02 -8.628050e-01 -7.023609e-02 3.711692e-02 2.220819e-03 3.262652e-03
9.349717e+00 -7.311966e-01 1.079218e-01 1.271531e-01 -6.227334e-03 -4.219171e-02 -2.741428e-03
9.696110e+00 5.957670e-01 -7.582002e-01 5.542281e-02 3.430059e-02 2.695219e-02 6.549121e-04
8.009846e+00 7.617391e-01 1.949133e-01 5.254424e-02 -1.245608e-02 4.867948e-02 3.010168e-03
1.728817e+00 1.128734e-01 -1.050298e-01 -2.277461e-02 6.717123e-02 7.218757e-02 -7.395923e-04
9.564839e+00 6.434485e-03 1.701863e-02 3.169789e-03 -2.996345e-01 1.132872e-01 -6.398197e-03
8.578667e-01 -5.604648e-01 -7.239658e-02 1.452672e-02 7.420729e-03 -5.744826e-02 4.233564e-03
3.803158e+00 2.649941e-01 -4.429321e-01 4.948099e-02 4.712198e-02 2.819178e-02 -1.905694e-03
4.812483e+00 -8.475352e-01 -3.530423e-02 1.165261e-01 1.886428e-03 -4.528677e-02 -1.389538e-04
2.309276e+00 3.049613e-01 2.615164e-01 4.956584e-02 -3.659851e-02 4.267851e-02 -2.399325e-04
6.435388e+00 -3.675145e-01 -7.917392e-02 1.419693e-03 1.381357e-02 -6.412068e-02 -5.279641e-03
2.275793e+00 -4.149364e-02 3.758034e-01 1.214686e-03 -6.659392e-02 -7.352845e-03 -4.470013e-03
3.420923e+00 -1.089742e-01 -3.549967e-01 -1.633023e-02 5.587391e-02 -1.715175e-02 5.335043e-03
4.488632e+00 8.281929e-01 3.621245e-01 3.287708e-02 -1.480251e-02 3.385392e-02 -2.822487e-03
4.060757e+00 -3.671091e-02 -1.045063e-02 8.517408e-03 6.209502e-02 -2.181271e-01 -3.721076e-03
3.695293e+00 3.291751e-01 -8.669146e-01 -1.308654e-01 3.486954e-02 1.324027e-02 8.681533e-04
4.315054e+00 -4.535140e-01 -3.567336e-01 8.950885e-02 3.214343e-02 -4.086380e-02 2.102050e-03
5.931847e+00 2.005799e-01 -1.827098e-01 2.905842e-02 5.031757e-02 5.523891e-02 -5.242053e-03
9.942600e+00 -7.343376e-03 -6.212640e-02 -2.726934e-03 1.742458e-01 -2.059595e-02 -8.147401e-03
6.706157e+00 2.008950e-01 -1.007494e-01 1.197394e-02 3.878608e-02 7.733970e-02 -5.338473e-03
4.553727e+00 -3.217564e-01 -8.482949e-01 1.877573e-02 3.402012e-02 -1.290376e-02 1.852113e-03
4.192982e+00 2.673134e-01 3.142496e-01 9.661362e-02 -4.275191e-02 3.636651e-02 1.454919e-03
4.340765e+00 2.139926e-01 3.133400e-02 9.246442e-03 -1.368519e-02 9.346174e-02 2.562557e-03
6.163759e+00 -1.889667e-01 1.947622e-01 1.864067e-02 -4.786581e-02 -4.644147e-02 3.655418e-04
8.933535e+00 -5.445647e-02 6.745174e-01 -6.529853e-02 -5.397079e-02 -4.357277e-03 -4.052030e-03
5.318676e+00 7.974721e-01 -1.432312e-01 -4.734434e-02 6.796652e-03 3.784189e-02 -3.520312e-03
3.120050e+00 -3.682698e-01 1.889015e-01 -5.654355e-03 -2.737258e-02 -5.336378e-02 3.989449e-03
2.100034e+00 2.327111e-01 3.682912e-01 7.547298e-02 -4.643950e-02 2.934359e-02 4.212153e-03
8.478028e-01 6.004159e-02 2.258506e-01 5.015940e-02 -8.807794e-02 2.341521e-02 7.728475e-03
2.789283e+00 -3.742136e-01 1.066413e-01 1.515614e-02 -1.745735e-02 -6.125934e-02 3.193338e-04
6.748739e+00 4.979373e-01 -4.718816e-01 5.253688e-02 3.704398e-02 3.908943e-02 1.309308e-03
7.958552e+00 6.838952e-01 4.073048e-01 -4.860364e-02 -2.431274e-02 4.082291e-02 2.568122e-03
5.854011e+00 3.063988e-01 -5.769963e-01 4.048133e-02 4.621262e-02 2.454000e-02 -9.451799e-04
2.273993e+00 3.860203e-01 -4.948338e-01 -1.173791e-02 4.027871e-02 3.142146e-02 -5.282011e-04
7.561717e+00 -4.493743e-01 -8.611434e-01 -6.908001e-02 3.788908e-02 -1.977183e-02 -4.290636e-03
6.433971e+00 -4.054781e-02 8.637621e-02 1.427472e-02 -1.202049e-01 -5.642812e-02 -6.301144e-03
5.223467e-01 -1.627775e-01 5.815309e-02 3.293824e-03 -3.364680e-02 -9.418145e-02 1.434733e-03
9.426591e-01 1.520226e-01 -1.009796e-02 5.050959e-03 6.464755e-03 9.732551e-02 2.778758e-03
8.427856e+00 4.448491e-01 -1.659307e-01 -3.860862e-02 1.924645e-02 5.159845e-02 1.584674e-03
6.004943e+00 -4.015366e-01 -2.133901e-01 -5.504826e-03 2.570987e-02 -4.837833e-02 2.885325e-03
2.053884e+00 -1.996914e-01 -4.564338e-01 -1.021340e-02 5.585868e-02 -2.443837e-02 -4.982405e-03
1.617260e+00 7.686682e-01 2.564564e-01 -1.242783e-01 -1.332750e-02 3.994607e-02 2.061855e-03
2.774822e+00 -3.190021e-01 6.853455e-01 3.822800e-02 -4.407605e-02 -2.051571e-02 -7.364265e-04
1.547325e+00 1.774173e-01 1.328174e-01 1.235660e-02 -4.940141e-02 6.599034e-02 1.406813e-03
6.918351e+00 3.021728e-01 -1.803027e-01 -6.689382e-03 3.325677e-02 5.573566e-02 5.324302e-03
3.464798e+00 1.964834e-02 -2.299056e-01 -3.190025e-02 8.658549e-02 7.399827e-03 3.172291e-03
1.538813e+00 9.944399e-02 2.242308e-01 6.178809e-03 -6.849050e-02 3.037481e-02 1.588656e-03
7.506879e+00 -8.293419e-01 1.321802e-01 -9.775608e-02 -7.349658e-03 -4.611418e-02 -4.071124e-04
4.696341e+00 3.527888e-02 1.316875e-01 -2.162677e-02 -1.033040e-01 2.767498e-02 -4.346386e-03
8.274394e+00 -1.318809e-01 -3.255645e-02 -1.568636e-02 2.880354e-02 -1.166785e-01 2.799635e-03
2.024258e+00 -8.062299e-02 -2.782348e-01 4.773153e-03 7.251196e-02 -2.101150e-02 -6.901563e-03
1.074869e+00 -2.618441e-01 -2.576800e-02 -2.737990e-02 7.150469e-03 -7.266020e-02 -2.987065e-03
7.486657e+00 3.396829e-01 -5.899933e-01 2.389352e-02 4.025950e-02 2.317901e-02 1.133000e-03
8.209382e+00 -8.359594e-02 5.256204e-01 -1.447344e-02 -5.756043e-02 -9.154550e-03 -2.751255e-03
3.644999e+00 2.804258e-01 -7.285989e-01 -4.383481e-02 3.643001e-02 1.402131e-02 8.639725e-04
5.117006e+00 8.213114e-02 -4.572629e-02 3.235923e-03 7.043333e-02 1.265086e-01 -9.514518e-04
1.395555e+00 2.927069e-01 -9.488493e-01 6.544142e-02 4.193960e-02 1.293778e-02 6.362531e-04
5.801373e+00 -6.015378e-01 -3.007265e-01 -6.984405e-03 1.956737e-02 -3.914026e-02 -2.442528e-03
9.789265e+00 -8.018969e-01 1.982722e-01 4.287197e-02 -1.133477e-02 -4.584263e-02 3.574431e-04
8.990660e+00 -9.624189e-02 -5.628014e-01 -5.319833e-02 4.804576e-02 -8.216068e-03 -1.184643e-04
5.163359e+00 -7.464921e-01 4.076772e-01 2.220604e-02 -2.244817e-02 -4.110454e-02 8.649704e-04
2.380610e+00 2.263252e-02 1.752380e-02 -2.497821e-04 -1.529742e-01 1.975708e-01 1.096241e-02
1.283064e+00 -5.625008e-02 1.490497e-01 -4.591889e-03 -1.001715e-01 -3.780386e-02 6.992171e-03
1.004040e+00 2.007356e-02 -2.098363e-01 -2.902174e-02 8.740459e-02 8.361384e-03 -1.594176e-03
7.434577e+00 -3.549922e-02 4.622545e-01 3.545165e-02 -5.250829e-02 -4.032418e-03 1.681377e-03
3.387301e+00 9.046821e-01 2.006793e-01 -4.402882e-02 -9.154985e-03 4.127158e-02 3.079099e-03
5.172174e+00 -1.983294e-01 2.467133e-01 -2.467420e-02 -5.564726e-02 -4.473406e-02 1.069756e-03
4.534450e+00 -1.129334e-01 -2.863664e-01 -1.924084e-02 6.829500e-02 -2.693328e-02 9.079951e-03
8.388149e+00 4.829263e-03 -6.377266e-01 -4.970652e-02 4.459250e-02 3.376822e-04 -4.651320e-04
5.427834e+00 9.175879e-01 2.974080e-01 -1.177801e-02 -1.218497e-02 3.759408e-02 8.070822e-05
6.140507e+00 9.074222e-01 -4.615577e-02 5.984966e-02 1.945927e-03 3.825692e-02 -4.985025e-04
7.122831e+00 2.221239e-02 2.525959e-02 2.589894e-03 -1.750460e-01 1.539292e-01 -6.519380e-03
7.863703e+00 1.421854e-01 -4.594755e-03 2.423420e-02 3.646549e-03 1.128430e-01 -2.015419e-03
1.399328e+00 4.224845e-02 1.870191e-01 2.075779e-04 -9.092765e-02 2.054096e-02 3.926969e-03
5.205893e+00 1.276245e-02 -1.561457e-01 3.369714e-03 1.007289e-01 8.233001e-03 1.157306e-03
6.028305e+00 1.790498e-01 2.799303e-01 4.343368e-02 -6.272779e-02 4.012211e-02 3.039545e-03
9.659798e+00 -4.113858e-02 -4.571172e-01 4.324801e-02 6.184399e-02 -5.565692e-03 -3.584642e-03
2.945026e+00 2.925795e-01 -6.012959e-01 9.094881e-02 4.567771e-02 2.222594e-02 -2.255952e-04
5.366826e+00 3.288987e-01 -1.749352e-01 7.853412e-02 3.401130e-02 6.394522e-02 -7.100056e-03
7.922013e+00 1.401662e-01 2.097013e-01 1.296690e-02 -7.364475e-02 4.922478e-02 -5.292169e-03
4.113703e+00 3.154221e-01 1.139990e-01 2.762668e-02 -2.086717e-02 5.773709e-02 -1.929293e-03
3.855825e+00 3.923222e-01 -2.864645e-01 1.934247e-02 3.521701e-02 4.823081e-02 -2.681541e-03
7.443002e+00 2.987682e-01 -5.325342e-02 4.777086e-02 1.190942e-02 6.681553e-02 3.089643e-03
6.230448e+00 -3.985106e-02 6.877702e-01 7.193972e-02 -5.068572e-02 -2.936852e-03 -4.564087e-03
4.245742e+00 -8.779218e-01 -4.440238e-01 5.624392e-02 1.698183e-02 -3.357639e-02 2.217642e-03
6.995972e+00 -6.299205e-02 -2.813898e-01 1.715427e-03 6.868368e-02 -1.537556e-02 -5.678979e-04
9.081459e+00 6.103318e-01 3.231069e-01 4.549791e-02 -2.472159e-02 4.669778e-02 -1.151134e-03
3.104016e+00 6.606209e-01 3.966713e-01 1.005429e-02 -2.201136e-02 3.665798e-02 -1.636545e-03
6.546053e+00 2.148082e-01 -3.848867e-01 -7.374428e-02 5.310802e-02 2.964000e-02 -1.844150e-03
5.631199e-01 -4.493719e-01 8.085120e-01 1.687669e-01 -4.008287e-02 -2.227810e-02 -9.618764e-04
6.537790e+00 6.658238e-01 -1.364943e-01 -5.555433e-02 9.378863e-03 4.575042e-02 -9.126804e-05
3.826167e+00 -1.970393e-01 -5.713074e-01 1.644613e-02 4.356776e-02 -1.502617e-02 1.582646e-04
4.505720e+00 8.380852e-02 -9.868152e-02 -3.557539e-03 8.744416e-02 7.426482e-02 6.747749e-04
8.407202e-01 2.248340e-02 9.505494e-02 1.934524e-02 -1.290692e-01 3.052882e-02 -4.669394e-03
5.268920e+00 5.376472e-01 1.379661e-01 -1.206273e-01 -1.397712e-02 5.446815e-02 -3.692320e-04
4.462349e+00 1.583244e-01 -4.144286e-01 -5.889299e-02 5.065001e-02 1.934986e-02 4.444464e-04
3.712229e+00 -8.160015e-01 -3.015712e-01 -1.061932e-01 1.434286e-02 -3.880940e-02 -9.186643e-04
3.704881e+00 -1.201653e-01 5.730599e-01 4.411089e-04 -5.491596e-02 -1.151536e-02 -5.055412e-03
5.326202e+00 -1.655958e-01 5.785529e-01 -2.907991e-02 -5.106112e-02 -1.461493e-02 -1.076665e-03
7.882359e+00 2.657531e-01 -2.287533e-02 3.592697e-02 6.472353e-03 7.519226e-02 -3.285449e-03
1.872062e+00 -7.493186e-01 1.492354e-02 2.141172e-02 -7.941198e-04 -3.987316e-02 -9.873439e-04
8.421847e+00 8.360287e-03 -7.289036e-01 -5.160005e-02 4.354614e-02 4.994600e-04 -1.627989e-03
3.248669e+00 6.212973e-01 -3.877776e-01 -5.459144e-02 2.349156e-02 3.763818e-02 1.857549e-03
8.271247e+00 -2.214247e-01 -7.316921e-01 -6.937607e-02 4.341846e-02 -1.313929e-02 2.741617e-03
9.128706e+00 6.232442e-01 1.145544e-01 -9.608873e-02 -8.138144e-03 4.427635e-02 -3.123009e-03
2.780878e+00 -1.450297e-01 -3.745115e-02 -1.156773e-02 2.609014e-02 -1.010342e-01 -1.938787e-03
5.488078e-01 5.862562e-01 4.855202e-01 -6.920799e-02 -3.210342e-02 3.876425e-02 -8.722415e-04
8.134735e+00 -1.228643e-03 2.183867e-02 -9.237628e-04 -2.545299e-01 -1.431984e-02 4.566077e-03
7.000929e+00 1.203745e-03 -3.414666e-02 -6.398979e-04 2.162466e-01 7.623173e-03 -1.690973e-02
9.592358e+00 -5.459457e-01 7.083220e-01 -2.147209e-02 -3.428456e-02 -2.642514e-02 1.837447e-03
6.277972e-01 6.188656e-01 1.893061e-01 3.843090e-02 -1.378497e-02 4.506480e-02 -6.063497e-05
9.956160e+00 -5.402834e-01 -1.898652e-01 2.105437e-02 1.604206e-02 -4.564954e-02 -1.615689e-03
7.912935e+00 1.607570e-01 4.314583e-02 -1.111923e-02 -2.675719e-02 9.969457e-02 1.954749e-03
9.094246e+00 -3.312857e-01 -8.829535e-01 -2.118516e-02 4.193563e-02 -1.573432e-02 2.153566e-03
8.470847e+00 3.368241e-01 -6.703500e-01 1.703365e-02 4.023089e-02 2.021442e-02 -5.003504e-03
8.089560e+00 1.188864e-01 6.484215e-01 1.601329e-01 -5.093341e-02 9.338506e-03 -2.935292e-03
2.859935e+00 -1.515472e-01 -1.476308e-01 -2.984267e-02 6.356381e-02 -6.525008e-02 -2.670671e-03
9.437455e+00 -9.410616e-02 -2.711618e-01 2.528773e-02 7.227491e-02 -2.508286e-02 2.573904e-03
4.349954e+00 -5.072080e-01 1.619369e-01 -8.720177e-02 -1.430889e-02 -4.481735e-02 -1.965539e-05
6.595170e+00 5.055511e-02 2.641000e-01 1.599095e-02 -6.854376e-02 1.312093e-02 -2.381591e-03
4.523943e+00 4.886862e-02 3.789668e-02 8.000107e-04 -1.073881e-01 1.384794e-01 -4.879352e-03
6.496755e-01 -2.141237e-01 -6.884199e-01 -1.732513e-02 4.550192e-02 -1.415275e-02 1.480147e-03
2.112055e+00 -5.400811e-01 4.501694e-01 4.767542e-02 -2.665414e-02 -3.197773e-02 5.968154e-03
7.697827e-01 -8.814908e-01 -2.531627e-01 -1.724406e-02 1.221476e-02 -4.253074e-02 -2.340523e-03
7.441948e+00 1.316000e-01 -4.049897e-01 -2.218386e-02 5.822003e-02 1.891840e-02 1.239747e-03
2.309907e+00 -1.578434e-01 -5.262935e-01 3.366798e-02 4.450574e-02 -1.334795e-02 -1.966858e-03
8.773428e+00 1.969381e-01 3.615834e-01 4.226853e-02 -5.882302e-02 3.203823e-02 -8.351934e-04
3.086623e+00 -5.370757e-02 -1.103431e-01 -1.063578e-02 9.959513e-02 -4.847620e-02 1.424561e-03
4.585736e+00 -1.775726e-02 6.922649e-02 2.841733e-04 -1.536585e-01 -3.941489e-02 5.122387e-03
7.116011e+00 7.473271e-02 -7.941207e-03 -8.078930e-03 1.339570e-02 1.260636e-01 4.907796e-03
6.935227e+00 -5.160961e-01 1.535521e-01 -1.008749e-02 -1.408772e-02 -4.734951e-02 1.685231e-03
4.276510e+00 -5.849889e-01 7.807765e-01 -5.565698e-02 -3.587371e-02 -2.687801e-02 -3.618805e-04
6.921864e+00 -2.613719e-01 4.432556e-01 2.355312e-02 -4.697369e-02 -2.769870e-02 3.203210e-03
3.634082e+00 -1.077651e-01 -5.924072e-01 3.255666e-02 5.164922e-02 -9.395541e-03 2.669753e-03
7.880788e+00 8.898184e-02 -9.324129e-02 2.213198e-03 7.542851e-02 7.198278e-02 4.679911e-04
1.049766e+00 -5.475906e-01 -2.618712e-01 9.332315e-02 2.157019e-02 -4.510475e-02 -1.499734e-04
1.848344e+00 -2.021753e-01 9.023938e-01 -9.933959e-02 -3.546117e-02 -7.944836e-03 -9.089870e-04
5.571682e-01 2.633601e-01 -1.248776e-01 1.125324e-02 3.140887e-02 6.623958e-02 -2.696988e-03
2.689088e+00 -5.584507e-02 1.827655e-01 -3.799660e-02 -9.391986e-02 -2.869777e-02 2.333711e-03
2.838568e+00 -1.715097e-01 -2.030754e-01 2.916473e-02 6.213479e-02 -5.247667e-02 1.760077e-04
9.426325e+00 -7.615521e-01 -3.864607e-01 3.639058e-02 2.052178e-02 -4.043983e-02 2.287156e-03
6.420582e+00 5.122226e-01 -5.956040e-01 3.273224e-02 2.966696e-02 2.551375e-02 -3.192416e-03
5.779183e+00 -6.360298e-01 -4.845169e-01 1.332021e-02 2.565596e-02 -3.367881e-02 -9.814576e-04
3.049982e+00 4.095512e-01 2.475850e-01 -1.119990e-02 -3.122933e-02 5.165907e-02 4.277887e-04
5.051790e+00 -7.621756e-01 6.076298e-02 -3.886748e-02 -3.966403e-03 -4.975226e-02 -5.032372e-03
8.669258e+00 -7.124396e-01 -8.174498e-02 1.786715e-01 5.845717e-03 -5.094771e-02 -2.862301e-03
3.084235e+00 -7.959375e-02 2.784148e-01 2.095498e-02 -6.219538e-02 -1.778053e-02 -4.152679e-03
2.775215e+00 -3.235674e-01 -8.478655e-01 -1.600274e-01 3.837029e-02 -1.464309e-02 -4.022565e-04
7.375292e+00 -3.613758e-01 2.353771e-01 4.371262e-02 -3.476790e-02 -5.337935e-02 2.101756e-03
9.545928e+00 -1.771920e-01 -2.293212e-01 -5.632805e-02 5.232730e-02 -4.043227e-02 7.871695e-03
1.036856e+00 1.587565e-01 -3.020340e-01 5.885963e-02 5.715327e-02 3.004117e-02 1.879331e-03
8.238052e+00 8.580845e-01 -2.231749e-01 3.415689e-02 1.035685e-02 3.982102e-02 2.532096e-04
9.881955e-01 3.509909e-01 4.715955e-01 -4.830053e-02 -3.625354e-02 2.698216e-02 -3.043438e-04
9.747856e+00 -3.113742e-02 6.010901e-01 -7.115640e-03 -5.608435e-02 -2.905258e-03 -1.440064e-03
6.850704e+00 -5.777033e-02 1.240819e-01 2.151872e-04 -8.632651e-02 -4.019209e-02 9.429601e-04
1.475960e+00 3.606125e-01 -1.274687e-02 4.438931e-02 2.373664e-03 6.715161e-02 -4.135606e-05
2.617646e+00 -9.009834e-01 -1.673126e-02 1.008545e-01 7.246622e-04 -3.902329e-02 8.766492e-04
7.857463e+00 2.618145e-01 -2.409887e-02 -5.331618e-02 6.095455e-03 6.622213e-02 -2.104778e-03
1.381692e+00 -2.051465e-01 -8.321896e-02 4.605584e-02 2.797549e-02 -6.896352e-02 2.967936e-03
4.087873e+00 -1.574516e-01 -1.762930e-01 -3.435232e-02 6.835029e-02 -6.104535e-02 3.687608e-03
5.783494e+00 1.065469e-01 -1.563747e-01 5.240021e-03 7.783328e-02 5.303219e-02 -2.898143e-05
8.512013e+00 3.347400e-01 7.688100e-01 5.973203e-02 -4.307951e-02 1.875683e-02 -4.666554e-03
4.805637e+00 2.922650e-02 4.878815e-02 3.652945e-03 -1.382499e-01 8.281847e-02 -8.986521e-03
4.859861e+00 2.310117e-01 -6.709892e-01 4.730951e-02 4.870998e-02 1.677013e-02 -3.373864e-03
9.387709e+00 1.793174e-01 6.033887e-01 9.852697e-02 -4.742554e-02 1.409411e-02 -1.233902e-03
7.590470e+00 4.307970e-01 -5.663699e-01 -7.003646e-02 3.783573e-02 2.877892e-02 -3.791103e-03
9.048555e+00 2.256474e-01 -2.120152e-01 -9.212450e-03 4.428239e-02 4.712967e-02 -1.161862e-03
7.384749e+00 -5.399972e-01 6.330617e-01 -9.520252e-02 -2.986167e-02 -2.547179e-02 2.691861e-04
5.692218e+00 5.941054e-01 -6.830156e-01 6.039163e-03 2.744624e-02 2.387348e-02 3.382365e-05
6.498263e+00 -2.607117e-03 -3.085969e-02 4.170507e-03 2.065435e-01 -1.744940e-02 -2.357739e-03
8.169509e+00 2.538167e-01 1.762175e-01 -6.123791e-04 -4.231834e-02 6.095366e-02 1.217247e-03
8.799734e+00 -9.873908e-02 -3.795347e-02 -5.021827e-03 4.902530e-02 -1.275434e-01 2.968610e-03
4.639742e+00 5.156583e-01 1.717899e-01 -2.250605e-02 -1.770685e-02 5.315028e-02 -1.275371e-03
2.864632e+00 4.614912e-01 4.771048e-01 4.042310e-02 -3.562490e-02 3.445905e-02 -3.662647e-03
3.698789e+00 -3.651452e-02 -2.662315e-01 -4.943362e-02 7.543647e-02 -1.034636e-02 9.423552e-03
7.150792e+00 -6.180968e-02 9.382357e-01 1.565038e-01 -3.549420e-02 -2.338310e-03 -1.103043e-04
4.903139e+00 5.288256e-02 2.109893e-01 -1.653341e-02 -8.709008e-02 2.182834e-02 2.078815e-03
5.519541e-01 6.159717e-02 -3.061568e-01 -2.636899e-02 7.642840e-02 1.537700e-02 2.084989e-03
6.455764e+00 8.167379e-01 2.842174e-01 -1.181162e-02 -1.530199e-02 4.397239e-02 3.154417e-03
8.100206e+00 2.323685e-01 2.614802e-01 2.276509e-02 -4.698122e-02 4.175061e-02 1.733541e-04
1.856224e+00 -4.703317e-02 4.907587e-02 -2.693913e-03 -1.022056e-01 -9.795143e-02 -5.782913e-03
8.592200e+00 8.448507e-02 3.697540e-01 9.417741e-03 -7.097467e-02 1.621700e-02 6.602764e-05
9.411879e+00 -2.259072e-01 -4.200585e-01 -3.719343e-02 4.976521e-02 -2.676371e-02 2.499102e-04
6.052590e+00 8.969827e-02 2.690769e-01 -3.600437e-02 -6.177107e-02 2.059173e-02 2.535991e-03
7.465191e+00 -7.285842e-02 -1.364284e-01 -2.106303e-02 9.984935e-02 -5.332368e-02 -6.705994e-03
8.523887e+00 6.649915e-01 6.801161e-01 -1.075346e-02 -3.203596e-02 3.132354e-02 1.726234e-03
8.384862e+00 -1.989950e-01 -1.038787e-01 1.922172e-03 4.341427e-02 -8.316643e-02 -5.818744e-04
5.680813e+00 -1.049600e-01 3.139035e-03 7.707558e-03 -3.225645e-03 -1.078560e-01 -4.375220e-03
3.418492e+00 -9.901511e-02 1.952331e-01 8.169633e-03 -6.862413e-02 -3.480365e-02 2.381726e-03
6.622242e+00 -4.543360e-02 -5.652862e-01 1.285802e-02 5.718725e-02 -4.596296e-03 4.334517e-03
9.566402e+00 -5.501533e-02 2.641589e-01 1.483166e-02 -7.333118e-02 -1.527239e-02 3.267140e-03
5.264861e+00 -3.707260e-01 8.859377e-01 -6.323269e-02 -3.254462e-02 -1.361849e-02 -2.279719e-03
8.266201e+00 4.912341e-01 7.503109e-01 -2.566396e-02 -3.835810e-02 2.511333e-02 -1.682774e-04
3.317175e+00 2.735352e-01 -8.150234e-02 -2.366142e-02 2.197955e-02 7.376697e-02 5.788402e-03
1.789339e+00 -3.699825e-01 -3.359089e-01 7.469247e-02 3.606235e-02 -3.972041e-02 -2.611519e-03
8.118033e+00 7.382044e-01 2.992999e-01 2.046246e-02 -1.466207e-02 3.616307e-02 1.924474e-03
8.505931e+00 1.255512e-01 3.077274e-01 -1.442880e-02 -6.448946e-02 2.631136e-02 8.144639e-03
9.163501e+00 -1.305983e-02 3.533246e-02 -9.795838e-03 -1.648754e-01 -6.094239e-02 4.506012e-04
3.289953e+00 1.945370e-01 -7.400619e-03 4.598886e-02 2.956104e-03 7.770589e-02 3.626800e-03
7.176742e+00 4.824469e-01 -6.153266e-02 -1.055333e-02 6.750253e-03 5.292536e-02 -2.449636e-03
8.176413e+00 1.517883e-01 -6.107505e-02 3.910246e-03 3.206877e-02 7.969973e-02 4.628479e-03
3.727875e+00 -5.344675e-02 -9.693792e-01 2.870980e-02 4.352725e-02 -2.399876e-03 3.106323e-04
4.860840e+00 -1.248576e-02 -4.667617e-02 6.903656e-04 1.588428e-01 -4.249006e-02 -3.644614e-03
1.446415e+00 9.325917e-02 -6.755917e-01 1.386277e-01 5.187715e-02 7.161159e-03 1.001746e-03
7.620465e+00 3.458217e-02 -5.587118e-02 6.184586e-03 1.222792e-01 7.568625e-02 -5.561811e-03
6.195211e+00 4.238695e-01 -6.464831e-01 -1.167698e-01 3.627716e-02 2.378527e-02 -4.182148e-03
8.400295e+00 -9.246712e-02 3.090438e-01 2.407947e-02 -7.183472e-02 -2.149324e-02 -2.929374e-03
1.855408e+00 9.047174e-01 4.122443e-01 -1.915413e-01 -1.515759e-02 3.326508e-02 -1.902311e-03
2.659903e+00 1.737512e-01 6.114831e-01 1.085747e-02 -4.324897e-02 1.228907e-02 -1.922488e-03
3.957199e+00 -1.524441e-01 4.433665e-01 1.484438e-02 -5.290665e-02 -1.819106e-02 -1.873795e-03
1.056804e+00 -9.525823e-01 1.664501e-01 -7.830112e-02 -6.482213e-03 -3.709726e-02 6.102284e-04
4.073240e+00 -5.288956e-01 5.816006e-01 -5.193681e-02 -3.553313e-02 -3.231310e-02 -3.636881e-03
4.568584e+00 -2.874076e-01 2.355864e-01 3.519361e-02 -4.391551e-02 -5.357546e-02 -3.091134e-03
5.002881e+00 1.090204e-01 -1.443617e-01 -1.602671e-02 6.523062e-02 4.926146e-02 -1.322014e-03
3.791962e+00 -1.003440e-02 1.560686e-01 -1.978006e-02 -1.104052e-01 -7.098483e-03 2.024178e-04
2.063566e+00 -2.732185e-01 2.669484e-01 1.422182e-02 -4.749468e-02 -4.861025e-02 -3.664710e-05
1.437870e+00 4.039434e-02 4.774280e-02 1.288340e-02 -1.282867e-01 1.085411e-01 -7.986048e-03
6.475196e+00 -9.900100e-02 -1.374806e-01 -9.544440e-03 7.888851e-02 -5.680830e-02 -9.792976e-03
1.699500e+00 7.398821e-01 -1.795342e-01 -6.243039e-02 1.169635e-02 4.820205e-02 4.370970e-03
7.077196e+00 8.549867e-01 1.198673e-01 9.469383e-02 -6.509881e-03 4.643351e-02 1.533946e-03
3.490277e+00 5.045272e-01 -4.905648e-01 -5.992055e-02 3.535416e-02 3.636041e-02 1.597274e-04
6.400993e+00 6.225215e-02 -3.707695e-01 7.447157e-02 6.960851e-02 1.168726e-02 1.131876e-02
9.717001e-01 -9.509073e-03 -4.816808e-01 6.437522e-02 5.162078e-02 -1.019069e-03 1.096570e-03
7.983908e-01 -6.463604e-02 -1.923835e-01 1.955767e-02 9.335240e-02 -3.136407e-02 2.762012e-03
5.075828e+00 -1.363665e-01 -3.484436e-01 -8.832722e-03 6.563051e-02 -2.568508e-02 5.790713e-04
3.056407e+00 -3.260704e-01 -6.576895e-01 1.577245e-02 4.623241e-02 -2.292118e-02 1.092614e-03
5.344676e+00 1.786944e-01 8.251639e-01 -2.498276e-02 -4.564782e-02 9.885319e-03 5.205948e-04
2.678088e+00 9.144212e-02 3.961686e-01 2.651705e-02 -6.165513e-02 1.423100e-02 1.518308e-03
8.259729e+00 3.001764e-01 -8.211553e-02 -1.219905e-02 1.700034e-02 6.214539e-02 1.825012e-03
3.771654e+00 -1.668234e-01 -6.142032e-01 -2.168184e-02 4.858687e-02 -1.319665e-02 1.500760e-04
9.160876e+00 -3.321283e-01 6.322935e-01 8.684680e-03 -4.424298e-02 -2.323975e-02 3.350005e-03
