1.854000e+09 0.000000e+00 0.000000e+00 0.000000e+00 0.000000e+00 0.000000e+00 0.000000e+00
8.774668e-01 1.620308e-02 1.193741e-02 6.608937e-04 -8.894755e-02 1.207317e-01 -6.421786e-03
7.882349e-01 9.358441e-02 7.652970e-01 1.096221e-02 -1.940581e-02 2.373041e-03 -2.001940e-04
3.264049e+00 3.217467e-02 -5.639408e-02 4.951603e-03 7.056872e-02 4.026176e-02 1.041037e-03
5.578772e+00 -4.826883e-01 -3.894770e-01 -8.764204e-02 1.461926e-02 -1.811800e-02 -1.366591e-04
3.143889e+00 -8.311079e-01 -1.992378e-01 4.023603e-03 5.352631e-03 -2.232816e-02 -5.996875e-05
5.069322e+00 -2.956113e-02 6.082024e-01 -4.176372e-02 -2.523997e-02 -1.226766e-03 5.436318e-04
1.209800e+00 1.068660e-01 -3.191193e-02 -7.146537e-03 1.522215e-02 5.097561e-02 1.847992e-03
1.415488e+00 7.692319e-02 4.881209e-01 -1.064761e-01 -2.394318e-02 3.773216e-03 1.621863e-03
4.154900e+00 1.912918e-02 8.951378e-01 -6.950202e-02 -2.263070e-02 4.836204e-04 -8.541688e-06
5.871886e+00 -1.698926e-01 3.323192e-01 -3.761020e-03 -3.199673e-02 -1.635779e-02 8.139964e-04
9.607948e+00 5.520328e-01 5.168604e-01 -2.385873e-02 -1.577909e-02 1.685285e-02 -1.386596e-03
9.182002e+00 8.076829e-02 -1.710002e-01 -2.992917e-03 4.536926e-02 2.142920e-02 -4.948744e-03
9.514572e+00 -7.199414e-02 -4.061052e-01 2.278837e-02 3.127735e-02 -5.544833e-03 2.642667e-03
3.238804e+00 -2.337210e-01 1.325116e-01 3.570421e-02 -1.709030e-02 -3.014350e-02 -7.779345e-04
5.218871e+00 2.620490e-02 -3.441782e-02 8.580096e-03 7.610034e-02 5.794097e-02 -5.590600e-03
7.265981e+00 1.003764e-01 -2.687737e-01 -2.391854e-02 3.206803e-02 1.197615e-02 1.284277e-03
2.023546e+00 -8.960846e-01 -3.477565e-01 -1.390318e-01 7.543738e-03 -1.943839e-02 3.605424e-04
2.032175e+00 5.966867e-01 5.810095e-01 9.371635e-02 -1.663116e-02 1.707992e-02 4.890444e-04
5.867494e+00 5.162066e-01 -4.555831e-01 -1.160048e-01 1.475202e-02 1.671505e-02 -1.234137e-03
2.921140e+00 1.847251e-01 3.941059e-01 -4.139971e-02 -2.895417e-02 1.357139e-02 1.589733e-04
5.810334e+00 -8.691638e-01 -1.439607e-02 -2.969554e-02 3.621539e-04 -2.186508e-02 -4.542172e-04
8.613324e+00 -3.123594e-01 -6.150078e-01 -1.598770e-02 2.318255e-02 -1.177430e-02 -8.397189e-04
6.306475e+00 1.696403e-01 8.588097e-01 -8.903838e-02 -2.200311e-02 4.346265e-03 -4.991742e-04
1.864272e+00 1.108483e-01 1.052631e-01 1.297867e-03 -3.328800e-02 3.505424e-02 -6.104740e-03
3.868046e+00 4.032443e-01 -5.903603e-01 -2.070289e-02 1.729526e-02 1.181349e-02 1.293934e-03
9.781960e+00 -5.010195e-01 -1.915119e-02 -5.588613e-02 9.777562e-04 -2.557934e-02 1.242118e-03
6.807907e+00 1.472863e-02 7.100804e-01 -5.356663e-02 -2.105260e-02 4.366773e-04 1.445548e-03
4.619005e+00 2.807667e-01 -5.399215e-02 2.820079e-03 6.767085e-03 3.518979e-02 -2.430541e-03
8.203439e+00 -6.501709e-01 2.691504e-01 -4.113822e-02 -8.332160e-03 -2.012751e-02 -3.897150e-04
7.796079e+00 3.034254e-01 -4.209551e-01 6.082451e-02 2.378157e-02 1.714181e-02 4.110683e-04
1.568942e+00 1.747058e-01 -5.305590e-01 -1.035107e-01 2.752390e-02 9.063241e-03 -2.265384e-03
5.114125e+00 2.134189e-01 2.028195e-03 1.138359e-02 -4.421794e-04 4.652880e-02 -8.972894e-05
3.237336e+00 8.335780e-02 -6.106699e-03 -8.095900e-03 4.997337e-03 6.821476e-02 -3.186628e-03
3.310886e+00 -3.687311e-01 -2.204139e-01 -3.163027e-02 1.552419e-02 -2.597048e-02 3.780376e-05
7.852333e+00 -2.234782e-01 2.820478e-01 -6.938493e-03 -2.822940e-02 -2.236733e-02 8.991097e-04
4.322913e+00 4.054297e-01 -3.520331e-01 -1.087817e-02 1.664870e-02 1.917399e-02 6.532521e-04
1.712115e+00 6.154800e-03 -7.218077e-01 -1.549965e-01 2.255525e-02 1.923269e-04 7.933199e-04
8.854389e-01 -8.239727e-01 5.015336e-01 -8.544226e-02 -1.000938e-02 -1.644447e-02 -1.157986e-03
1.990728e+00 -4.988779e-01 -6.705487e-01 9.872774e-02 1.906816e-02 -1.418642e-02 -1.800566e-04
7.771394e+00 -3.279366e-01 3.008674e-01 1.892493e-02 -1.943709e-02 -2.118585e-02 1.128231e-03
4.016967e+00 4.258303e-01 4.258133e-01 -2.979392e-02 -1.581829e-02 1.581891e-02 2.519042e-04
5.961938e+00 3.237116e-01 1.129882e-01 -1.375741e-04 -1.155708e-02 3.311110e-02 -8.039900e-04
7.160041e+00 4.842356e-02 1.082101e-01 -1.401992e-02 -5.791685e-02 2.591755e-02 8.539047e-04
4.852663e+00 1.557027e-02 6.070941e-02 4.859677e-03 -7.426795e-02 1.904766e-02 -1.491012e-03
2.375249e+00 2.422906e-01 -6.772349e-01 1.923276e-03 2.285781e-02 8.177712e-03 -8.318926e-04
8.977504e+00 5.536033e-01 -2.137196e-01 5.373169e-02 8.885413e-03 2.301611e-02 -1.052999e-03
5.611172e+00 2.958208e-01 -1.570564e-01 1.056677e-02 1.616890e-02 3.045465e-02 7.914374e-04
7.893413e+00 1.480298e-01 2.934219e-01 1.507240e-02 -2.707776e-02 1.366059e-02 -6.226756e-04
7.752246e+00 1.333573e-01 -5.909734e-01 6.066260e-02 2.131506e-02 4.809890e-03 -4.709974e-04
5.084899e+00 8.400218e-01 -4.227968e-01 1.558554e-01 8.205607e-03 1.630308e-02 -7.212745e-04
