3.720214e+09 0.000000e+00 0.000000e+00 0.000000e+00 0.000000e+00 0.000000e+00 0.000000e+00
5.206398e+00 3.646234e-01 -1.523543e-01 3.452118e-04 1.698951e-02 4.066032e-02 2.156019e-03
7.702006e+00 -9.225555e-02 6.610079e-01 -5.897867e-02 -3.349917e-02 -4.675413e-03 1.453600e-03
8.017866e+00 -4.290609e-02 9.565743e-02 -1.018651e-03 -7.411327e-02 -3.324270e-02 5.238362e-04
4.924896e+00 -1.500814e-01 1.825248e-01 1.615670e-02 -4.824963e-02 -3.967336e-02 -9.700698e-04
5.883401e+00 -3.295448e-01 4.431553e-01 7.270901e-02 -3.294201e-02 -2.449676e-02 3.546676e-03
6.560660e+00 2.785614e-01 -5.712475e-02 -2.859371e-02 1.063087e-02 5.184007e-02 1.353648e-03
6.890548e+00 -5.157821e-02 -8.195031e-02 8.930341e-03 8.457588e-02 -5.323070e-02 3.636254e-03
8.470059e+00 -8.825212e-01 2.840011e-01 -6.414900e-02 -8.616932e-03 -2.677675e-02 -4.856495e-04
6.543499e+00 -1.822196e-01 -2.471227e-01 7.788712e-04 4.422256e-02 -3.260815e-02 2.096795e-03
5.927022e+00 -1.796192e-01 7.030467e-02 -3.862824e-04 -2.170469e-02 -5.545266e-02 -3.919480e-03
9.854868e+00 -2.894969e-02 -9.514554e-01 -3.968962e-02 2.982480e-02 -9.074717e-04 -7.381064e-04
3.425230e+00 2.858659e-01 -2.438288e-02 2.175691e-02 4.130904e-03 4.843088e-02 3.250521e-03
1.169358e+00 -3.881557e-01 4.235604e-01 -5.078582e-02 -2.590615e-02 -2.374070e-02 -1.882666e-03
4.974239e+00 -1.759915e-02 -2.516867e-01 -2.023601e-02 5.488349e-02 -3.837720e-03 6.506454e-04
8.863683e+00 -1.080414e-01 -4.014342e-02 1.120876e-03 3.145892e-02 -8.466806e-02 -3.441687e-03
5.088425e+00 5.319538e-02 7.922270e-01 -6.200029e-02 -2.861622e-02 1.921483e-03 -1.415802e-03
5.194333e+00 -2.981949e-01 4.383828e-01 3.171540e-02 -2.820132e-02 -1.918298e-02 1.170395e-03
5.060360e+00 -3.445784e-01 -8.799225e-02 -1.359264e-03 1.162550e-02 -4.552554e-02 1.984681e-03
6.334818e+00 -3.364088e-02 -1.286486e-02 -5.881840e-03 5.262565e-02 -1.376131e-01 4.784035e-03
6.075134e+00 -3.044428e-01 7.819800e-02 6.679165e-03 -1.331675e-02 -5.184516e-02 -3.569183e-03
1.889335e+00 -9.324551e-02 -8.835686e-01 3.134160e-02 2.982772e-02 -3.147805e-03 -1.594262e-03
8.612179e+00 -2.053037e-01 -2.068612e-01 7.740937e-04 3.960186e-02 -3.930369e-02 7.946747e-04
1.108243e+00 -3.448421e-01 7.112515e-01 -6.417083e-05 -2.832757e-02 -1.373429e-02 1.896706e-03
8.014563e+00 4.967070e-01 -1.424197e-01 2.896492e-02 1.166799e-02 4.069364e-02 2.031867e-03
5.431523e+00 3.522370e-01 -7.471141e-01 2.231260e-01 2.970644e-02 1.400550e-02 -7.871457e-05
7.486620e+00 -8.269514e-03 -6.667512e-03 -8.103361e-04 1.672305e-01 -2.074109e-01 -3.922681e-03
9.161160e+00 -3.859897e-01 2.567755e-01 -2.402183e-03 -2.362433e-02 -3.551254e-02 -5.460217e-04
5.067615e+00 -5.806714e-01 7.996935e-01 -1.731841e-01 -2.054917e-02 -1.492111e-02 -3.573564e-04
1.933877e+00 1.473909e-01 7.715356e-01 6.384597e-02 -3.354439e-02 6.408179e-03 -1.188697e-04
4.463645e+00 -5.449845e-03 2.021122e-01 1.785838e-02 -5.359397e-02 -1.445132e-03 -3.382579e-03
8.141609e+00 7.979672e-01 4.653417e-01 2.382368e-01 -1.277143e-02 2.190043e-02 4.112178e-04
7.999600e+00 -2.068895e-01 -8.586765e-01 1.279684e-02 2.498137e-02 -6.019010e-03 -2.296682e-03
5.685371e+00 2.703421e-01 -5.766956e-02 -2.437372e-02 1.102670e-02 5.169072e-02 3.389698e-03
9.988960e+00 2.683337e-01 -5.506700e-01 -9.910230e-03 3.556128e-02 1.732851e-02 -2.873669e-03
8.021721e+00 6.861996e-01 3.254397e-01 -3.659049e-02 -1.516825e-02 3.198272e-02 5.675732e-04
1.801689e+00 1.282669e-01 -2.270351e-01 1.055885e-02 4.684933e-02 2.646825e-02 -5.644542e-03
3.778489e+00 -1.036459e-01 -2.327800e-01 3.525070e-02 4.753866e-02 -2.116670e-02 1.135691e-03
1.839489e+00 -1.850330e-01 6.916216e-02 -1.403928e-04 -2.159539e-02 -5.777523e-02 2.590687e-03
6.286580e+00 -2.417815e-01 -9.351509e-01 5.967937e-02 2.523931e-02 -6.525574e-03 1.643528e-03
7.848383e+00 5.098437e-01 -4.316707e-01 4.680103e-02 2.448269e-02 2.891636e-02 6.113025e-04
2.777488e+00 -3.745438e-01 -6.273013e-01 4.038314e-02 2.972697e-02 -1.774913e-02 -2.313975e-03
8.394164e+00 -4.561941e-01 -8.251355e-01 1.081261e-01 2.183365e-02 -1.207121e-02 9.383978e-04
9.060862e-01 1.275561e-01 -9.991930e-02 1.965866e-02 3.825749e-02 4.883917e-02 -3.569472e-03
8.040604e+00 -7.645068e-01 4.577713e-01 7.735764e-02 -1.518674e-02 -2.536281e-02 3.249594e-04
4.786003e+00 -8.623342e-01 1.330957e-01 9.062294e-02 -4.842249e-03 -3.137319e-02 1.688168e-06
4.322871e+00 -1.386014e-01 2.367490e-01 -7.615284e-03 -5.039651e-02 -2.950394e-02 -5.935005e-03
3.693560e+00 6.120501e-02 3.397967e-02 -5.958147e-03 -5.544082e-02 9.986136e-02 -4.463364e-04
7.167144e+00 -9.482600e-02 -5.880900e-01 -8.176980e-02 3.439451e-02 -5.545909e-03 4.429429e-04
4.907601e+00 -1.485572e-03 -4.763060e-02 -7.167921e-03 1.282490e-01 -4.000015e-03 1.496312e-03
5.070795e+00 3.458926e-01 -6.440053e-02 -5.057744e-02 8.579059e-03 4.607777e-02 -1.392235e-03
1.681070e+00 -3.118161e-01 5.744013e-01 2.803287e-02 -2.937055e-02 -1.594392e-02 5.723400e-04
8.945463e+00 -9.373338e-01 -3.133006e-01 -1.048659e-01 8.530225e-03 -2.552076e-02 5.967448e-05
7.782771e+00 4.962104e-01 -7.074113e-01 1.125752e-01 2.113921e-02 1.482800e-02 1.751007e-03
3.560295e+00 3.185021e-02 -2.651649e-01 -2.323810e-02 4.950520e-02 5.946304e-03 1.093783e-04
4.917932e+00 8.180292e-01 -1.529544e-01 -6.051040e-02 5.897615e-03 3.154155e-02 4.440938e-04
2.240314e+00 -4.716296e-01 -4.775106e-02 8.319083e-03 4.033223e-03 -3.983550e-02 -3.521488e-04
3.665023e+00 -8.229837e-01 1.406612e-01 -6.544923e-02 -4.774748e-03 -2.793619e-02 1.717808e-03
6.163947e+00 -5.540887e-01 8.159692e-01 1.330863e-02 -2.450355e-02 -1.663928e-02 1.697222e-03
1.275998e+00 6.434084e-03 -9.578887e-01 -1.284566e-01 2.871675e-02 1.928887e-04 -1.596356e-04
8.902086e-01 2.545274e-01 9.135290e-01 9.453951e-02 -2.955178e-02 8.233716e-03 -2.791190e-03
6.375913e+00 1.153246e-01 3.527618e-01 -2.590612e-02 -4.496765e-02 1.470079e-02 1.603698e-03
8.767818e+00 7.428100e-01 -3.281981e-01 -9.695405e-02 1.273499e-02 2.882308e-02 1.243459e-03
9.374555e+00 7.242956e-02 -4.770774e-01 4.184716e-02 3.898351e-02 5.918450e-03 1.254966e-03
9.088217e+00 6.870957e-01 6.434933e-01 -2.236814e-02 -2.202000e-02 2.351205e-02 -1.538585e-03
8.097166e+00 6.223680e-01 -5.212218e-01 -8.344804e-02 1.739238e-02 2.076748e-02 1.131193e-03
4.553355e+00 3.256667e-02 -1.507954e-01 -8.710997e-03 7.053145e-02 1.523239e-02 -5.496484e-03
1.622004e+00 3.125635e-01 -4.073507e-02 1.715839e-03 5.801761e-03 4.451738e-02 2.701571e-03
7.669401e+00 -3.069019e-01 7.440174e-01 1.225935e-01 -3.048459e-02 -1.257468e-02 1.607216e-04
9.188527e+00 1.514367e-01 2.745531e-01 -9.440334e-03 -4.655975e-02 2.568122e-02 -9.446309e-05
1.866971e+00 3.795911e-01 4.006922e-01 2.665143e-02 -2.625238e-02 2.486989e-02 -6.370883e-04
8.716099e+00 2.147411e-02 -1.189947e-01 2.508869e-03 8.316965e-02 1.500903e-02 -1.915830e-04
8.261557e+00 -6.411288e-01 4.487910e-01 -4.422544e-02 -1.862419e-02 -2.660593e-02 2.135075e-03
8.509211e+00 -2.611084e-01 5.491876e-01 1.237828e-01 -3.344496e-02 -1.590123e-02 2.441080e-03
9.535731e+00 -6.968805e-01 -1.483349e-01 -1.193836e-01 6.983768e-03 -3.280988e-02 2.696131e-04
1.414550e+00 4.949143e-01 -1.820378e-01 -1.615215e-02 1.409777e-02 3.832825e-02 1.744698e-04
5.965924e-01 -2.373989e-01 -2.152185e-01 -6.390810e-03 3.524580e-02 -3.887823e-02 7.638160e-04
9.147937e+00 -8.263615e-03 -1.196236e-02 8.513480e-04 2.057427e-01 -1.421273e-01 7.387332e-03
1.601888e+00 -7.848737e-01 -1.360358e-03 4.898275e-02 5.484888e-05 -3.164568e-02 1.380397e-03
9.166098e+00 -1.929731e-01 3.893175e-01 -2.558811e-02 -3.851576e-02 -1.909112e-02 -2.917217e-03
7.385071e+00 -7.678232e-01 6.074269e-02 -1.957791e-02 -2.229028e-03 -2.817622e-02 -7.958451e-04
1.595818e+00 2.790789e-01 4.135095e-02 -1.639360e-02 -7.939893e-03 5.358660e-02 1.645078e-03
5.640892e+00 -6.359979e-01 9.188003e-02 3.245248e-02 -5.561648e-03 -3.849799e-02 -6.373840e-05
4.939568e+00 -1.454177e-01 4.113224e-01 -3.022299e-02 -4.326038e-02 -1.529415e-02 -3.638534e-03
9.544514e+00 -3.559911e-01 -8.560836e-01 8.284573e-02 2.537358e-02 -1.055127e-02 -1.042875e-03
3.008470e+00 3.298666e-01 6.670382e-01 9.079606e-04 -2.849115e-02 1.408957e-02 1.881262e-03
5.925781e+00 7.706776e-01 -2.708814e-01 -6.535471e-02 8.913005e-03 2.535816e-02 -2.019635e-03
6.844433e+00 -6.075086e-01 -7.272385e-03 -6.603103e-02 4.206583e-04 -3.514027e-02 -1.215208e-03
7.005602e+00 2.356959e-01 7.799843e-01 -1.188306e-01 -3.293772e-02 9.953133e-03 1.222098e-03
4.448617e+00 -2.493652e-01 -9.007366e-01 1.842953e-02 2.940486e-02 -8.140613e-03 2.575286e-03
7.180683e+00 -3.640827e-01 2.531275e-01 3.686257e-02 -2.289906e-02 -3.293657e-02 2.541175e-03
5.067315e+00 -6.772173e-01 -2.796490e-01 -1.882281e-02 1.270432e-02 -3.076566e-02 -1.729114e-03
4.919302e+00 1.724828e-01 -6.111997e-01 8.719257e-02 2.919349e-02 8.238510e-03 -3.923984e-04
8.758379e+00 -1.596540e-01 5.389041e-01 -1.876681e-02 -3.794794e-02 -1.124234e-02 -1.802636e-03
1.677112e+00 3.694445e-01 2.407006e-01 7.437171e-03 -2.032342e-02 3.119384e-02 2.387696e-03
4.081252e+00 -2.973074e-01 4.946051e-02 3.975065e-02 -9.252474e-03 -5.561668e-02 -9.292613e-04
6.754673e+00 5.931754e-01 -3.989289e-01 8.601534e-02 1.798298e-02 2.673926e-02 -2.624344e-03
7.543334e+00 -2.247646e-02 -9.317812e-01 1.044516e-02 2.720464e-02 -6.562315e-04 -7.178999e-04
1.498351e+00 5.816290e-01 8.036777e-01 8.454799e-02 -2.157565e-02 1.561450e-02 6.689054e-04
2.938405e+00 3.225890e-01 3.267786e-01 -2.418716e-02 -3.145214e-02 3.104889e-02 -8.492607e-04
3.334937e+00 -3.940862e-01 1.621690e-01 -2.152835e-02 -1.411574e-02 -3.430260e-02 3.439811e-03
5.791788e+00 -1.144418e-01 3.144027e-01 -6.398526e-02 -4.635037e-02 -1.687143e-02 -1.805356e-05
4.658360e+00 9.292326e-02 7.421433e-01 -1.287127e-01 -3.245434e-02 4.063586e-03 -1.472296e-05
8.518864e-01 -1.215717e-01 -1.999727e-01 -2.094586e-02 5.163710e-02 -3.139233e-02 -1.612637e-03
5.210444e+00 -5.346914e-01 8.084397e-01 1.618956e-01 -2.510576e-02 -1.660462e-02 1.575183e-03
6.050825e+00 5.215284e-01 -3.963814e-01 -2.780981e-02 2.211240e-02 2.909381e-02 9.888246e-04
9.622991e+00 -2.514680e-02 -3.114950e-01 -3.449906e-02 5.111763e-02 -4.126695e-03 2.499829e-03
8.501423e+00 -2.387493e-01 -1.494287e-01 -2.746450e-02 2.947827e-02 -4.709883e-02 -1.340255e-03
4.640242e+00 -7.389984e-02 -2.743710e-01 -1.630234e-02 4.839624e-02 -1.303518e-02 3.118560e-04
7.516142e+00 -2.006984e-01 -2.727096e-01 -2.249924e-02 4.082449e-02 -3.004445e-02 -1.056271e-03
3.068320e+00 -1.795242e-01 4.204459e-01 -7.317692e-02 -3.507616e-02 -1.497700e-02 1.463843e-03
5.326257e+00 -8.671265e-02 -6.667627e-03 5.080019e-03 7.882643e-03 -1.025140e-01 -1.891872e-03
4.755891e+00 7.390809e-01 3.587016e-01 -1.337512e-01 -1.290964e-02 2.659947e-02 -2.090501e-03
7.020964e+00 -1.786273e-01 9.384464e-02 -3.483150e-03 -3.214406e-02 -6.118417e-02 2.037338e-04
8.023735e+00 1.010989e-02 7.804147e-02 -7.980985e-03 -9.385989e-02 1.215910e-02 1.508297e-04
7.792689e+00 3.555968e-01 7.845155e-01 -5.625024e-03 -2.883997e-02 1.307227e-02 1.644503e-03
8.523575e+00 8.313810e-01 -5.368839e-01 3.744270e-02 1.535169e-02 2.377256e-02 1.755747e-03
9.777071e-01 1.260573e-02 -7.102914e-02 3.929491e-03 8.907587e-02 1.580853e-02 -8.642768e-03
9.375447e+00 -3.818247e-01 5.921846e-01 1.297520e-01 -2.737106e-02 -1.764813e-02 1.348667e-05
4.321467e+00 1.313782e-02 -2.603491e-02 -4.300398e-04 1.322949e-01 6.675911e-02 -2.895840e-03
3.282666e+00 -9.140040e-01 5.309960e-03 1.885322e-01 -1.672172e-04 -2.878311e-02 -1.302016e-03
6.678413e+00 -4.284443e-01 9.001984e-01 9.712438e-02 -2.610308e-02 -1.242361e-02 -7.956216e-04
8.382022e+00 1.599524e-01 8.315617e-01 -4.182416e-02 -3.161458e-02 6.081123e-03 8.184241e-04
2.405141e+00 -7.312309e-01 -3.782203e-01 9.788057e-02 1.265351e-02 -2.446362e-02 -9.338483e-04
2.074608e+00 -5.694629e-01 -4.507931e-01 -5.607500e-03 2.214744e-02 -2.797768e-02 -2.887349e-03
9.902572e+00 6.482144e-02 3.843754e-02 2.876899e-03 -5.419057e-02 9.138749e-02 1.276460e-02
6.747516e+00 -1.742162e-01 -1.862790e-01 -3.714437e-02 4.459310e-02 -4.170539e-02 2.641626e-03
5.454957e+00 9.622979e-03 4.122299e-01 2.722922e-03 -4.782452e-02 1.116402e-03 -3.703909e-03
3.019495e+00 6.850284e-03 -1.784270e-02 1.332484e-03 1.969484e-01 7.561367e-02 -1.818996e-02
5.731110e+00 1.034666e-01 1.015296e-01 -2.243918e-03 -4.900936e-02 4.994439e-02 -2.876468e-03
6.073657e+00 -1.468859e-01 -5.351399e-01 -2.155539e-02 3.222451e-02 -8.845027e-03 -3.017651e-04
7.138285e+00 7.999113e-01 4.752260e-01 6.475191e-02 -1.577934e-02 2.656015e-02 -2.911014e-03
6.157747e+00 -9.347835e-02 -1.232563e-01 -3.663073e-03 5.498134e-02 -4.169818e-02 -1.369090e-03
7.208140e+00 2.022610e-01 -6.002505e-02 1.880636e-02 1.637064e-02 5.516267e-02 2.624732e-03
6.101457e+00 1.081504e-01 -5.300458e-01 -5.496049e-02 3.402624e-02 6.942705e-03 3.065457e-03
3.868178e+00 5.606248e-01 6.575187e-01 -1.861575e-02 -2.360281e-02 2.012463e-02 -7.312322e-04
3.060049e+00 3.801662e-01 -9.067066e-01 1.097212e-01 2.408811e-02 1.009972e-02 -3.412056e-03
1.878589e+00 -7.186983e-02 -8.172529e-02 -3.169601e-03 6.186917e-02 -5.440821e-02 1.320213e-03
3.159278e+00 2.950784e-02 1.810535e-03 -1.688026e-03 -1.110042e-02 1.809131e-01 1.161519e-02
7.542693e+00 -5.181553e-01 -2.523410e-01 6.467036e-02 1.654083e-02 -3.396483e-02 -1.210672e-03
9.712429e+00 -3.374263e-02 -3.352836e-01 3.547120e-02 4.191945e-02 -4.218735e-03 -4.711744e-04
5.386298e+00 1.188881e-01 5.378667e-01 2.550364e-03 -3.862632e-02 8.537822e-03 2.130659e-03
9.774533e+00 8.195488e-01 -4.244796e-01 -1.857794e-03 1.153775e-02 2.227610e-02 -1.724243e-03
9.233269e+00 -5.186497e-03 2.070106e-02 -2.801796e-03 -1.888674e-01 -4.731934e-02 -7.366610e-03
1.590843e+00 -1.200759e-01 -1.068472e-01 -8.093432e-03 4.095702e-02 -4.602787e-02 -2.451148e-03
9.034568e+00 5.362969e-01 1.243172e-03 -1.767883e-03 -8.475806e-05 3.656412e-02 -5.458415e-03
1.083412e+00 1.379542e-02 -2.061506e-03 -1.246401e-03 3.389149e-02 2.267990e-01 -1.566506e-02
5.545230e+00 2.120382e-01 5.880545e-02 -2.939860e-02 -1.534968e-02 5.534724e-02 -1.133937e-03
6.785933e+00 8.890420e-02 4.339483e-02 6.768186e-04 -3.856022e-02 7.899941e-02 -9.269973e-04
9.601144e+00 -3.314230e-01 7.742784e-02 4.089987e-02 -9.621250e-03 -4.118291e-02 -1.264562e-03
6.867226e+00 7.589829e-01 5.010580e-02 1.381145e-02 -1.874191e-03 2.838951e-02 8.706081e-04
1.595569e+00 3.301389e-01 -9.107551e-01 -6.246343e-02 2.911356e-02 1.055335e-02 -1.749895e-06
9.243135e+00 -3.305847e-02 9.213375e-01 -6.527223e-03 -2.714793e-02 -9.740937e-04 -2.996568e-03
5.243390e-01 -6.000600e-01 -5.973386e-01 4.247797e-02 2.269032e-02 -2.279370e-02 -1.967948e-03
8.387271e+00 -6.162242e-01 1.567185e-01 -8.144216e-03 -8.145997e-03 -3.203041e-02 6.898185e-04
9.654379e+00 -1.845922e-02 -5.247914e-01 1.338317e-02 3.773075e-02 -1.327157e-03 1.225824e-03
3.205479e+00 -9.866966e-01 -4.833478e-02 -3.657760e-02 1.225144e-03 -2.500986e-02 9.598356e-04
2.749898e+00 -3.248063e-01 -3.042052e-01 -7.114925e-03 2.554871e-02 -2.727889e-02 3.310380e-03
3.563773e+00 1.422958e-01 -1.166693e-01 1.043393e-02 4.231781e-02 5.161295e-02 -1.648905e-03
2.081777e+00 -6.069345e-02 -2.000132e-01 -4.267207e-03 6.285155e-02 -1.907213e-02 -4.273666e-03
4.601458e+00 -8.696351e-01 1.311346e-01 3.561145e-02 -4.876606e-03 -3.233980e-02 -2.199460e-03
7.203626e-01 -6.208292e-02 -9.102067e-02 -2.018557e-02 7.039686e-02 -4.801594e-02 1.345554e-03
3.427092e+00 -5.595567e-01 -1.324404e-01 -1.226941e-01 7.344550e-03 -3.103050e-02 1.169352e-03
4.651735e+00 1.108292e-01 -4.609527e-01 5.346196e-02 3.752708e-02 9.022825e-03 -1.157022e-03
8.713132e+00 -4.989547e-01 3.233785e-01 8.067385e-02 -1.913297e-02 -2.952108e-02 -2.411564e-03
3.482362e+00 1.109569e-01 1.131642e-01 -1.858305e-02 -4.511109e-02 4.423118e-02 -3.594251e-03
3.328092e+00 -2.991729e-01 1.661254e-01 -4.111548e-02 -2.484000e-02 -4.473401e-02 -1.110970e-04
7.089811e+00 1.136065e-01 3.154125e-02 9.238836e-03 -1.944291e-02 7.003020e-02 -1.465407e-03
4.643703e+00 6.217233e-01 5.254285e-01 -1.711066e-02 -2.019343e-02 2.389426e-02 -3.749284e-04
4.274697e+00 3.297080e-02 -3.854613e-02 5.275864e-03 8.697869e-02 7.439805e-02 -6.087492e-03
5.704850e+00 1.993286e-01 2.565238e-01 -2.220512e-02 -3.458147e-02 2.687110e-02 -1.806800e-04
2.532396e+00 8.308150e-01 4.543420e-01 1.656911e-01 -1.401422e-02 2.562657e-02 3.475549e-04
9.523936e+00 2.631359e-02 2.439287e-02 -2.944683e-03 -1.074201e-01 1.158784e-01 -1.622951e-03
4.729653e+00 -1.653952e-01 -3.375161e-01 -8.593523e-03 4.037125e-02 -1.978339e-02 6.400183e-03
9.182961e+00 -5.986601e-01 6.691322e-01 -2.097885e-01 -2.031820e-02 -1.817831e-02 1.555839e-03
5.633539e-01 6.687012e-01 4.676822e-01 2.164976e-02 -1.600355e-02 2.288219e-02 -3.731926e-03
4.772192e+00 -1.414502e-01 -1.387009e-02 -5.724741e-03 6.559945e-03 -6.689976e-02 2.794662e-03
5.597124e+00 -3.975896e-01 -1.554398e-01 2.612818e-02 1.397960e-02 -3.575753e-02 -1.011277e-03
8.962317e+00 4.046660e-01 -5.800524e-01 -6.132985e-02 2.556226e-02 1.783317e-02 2.513345e-03
6.618109e+00 6.838497e-02 4.761362e-02 6.473436e-03 -6.172554e-02 8.865320e-02 -1.964127e-03
8.558599e+00 2.615018e-01 -4.775083e-02 -2.621429e-02 1.004574e-02 5.501429e-02 2.558820e-03
8.838787e+00 -8.413990e-02 -7.832212e-02 2.506821e-02 5.065115e-02 -5.441353e-02 -2.530837e-03
2.567924e+00 -1.054732e-01 2.156628e-01 -1.490125e-02 -4.469784e-02 -2.186017e-02 -1.986401e-03
9.699878e+00 -6.445748e-01 -4.045286e-02 -3.686490e-02 1.955128e-03 -3.115295e-02 1.836330e-03
8.164185e+00 5.243586e-01 -8.144199e-01 -1.797257e-01 2.086693e-02 1.343503e-02 2.774634e-03
4.863244e+00 9.695325e-02 -1.741882e-01 4.116443e-02 5.014377e-02 2.791005e-02 8.081178e-04
2.128771e+00 6.130990e-01 -4.538821e-01 -8.717992e-02 1.658365e-02 2.240102e-02 2.425076e-03
2.748991e+00 1.009404e-01 1.710546e-01 3.491948e-02 -5.694003e-02 3.360067e-02 1.146306e-03
9.858438e+00 -1.061757e-02 1.971625e-02 -7.903822e-04 -1.523203e-01 -8.202734e-02 9.829637e-03
5.842251e-01 3.736820e-01 -7.635223e-01 -5.748531e-02 2.349383e-02 1.149832e-02 5.253648e-04
5.904900e+00 1.064140e-01 4.117722e-02 4.243449e-03 -2.689118e-02 6.949467e-02 4.615454e-04
7.323284e-01 1.526745e-01 1.479006e-01 4.642420e-05 -4.501687e-02 4.646992e-02 4.892992e-03
3.554431e+00 3.092502e-01 -5.232057e-01 2.552739e-02 3.296786e-02 1.948625e-02 -1.288622e-03
4.190973e+00 8.658504e-01 -7.870265e-02 -2.220608e-02 2.375504e-03 2.613420e-02 -1.543660e-03
4.332824e+00 3.434729e-01 -2.980903e-02 -4.169125e-02 3.951750e-03 4.553383e-02 -1.863952e-03
1.984130e+00 -8.508206e-03 6.957813e-02 2.954917e-03 -1.120657e-01 -1.370370e-02 1.087228e-02
5.497107e+00 2.861048e-02 3.770618e-01 -6.954807e-03 -4.192464e-02 3.181134e-03 2.295062e-04
6.605445e+00 4.817910e-01 -8.541639e-01 -1.105895e-01 2.438862e-02 1.375639e-02 5.368077e-04
4.741966e+00 8.212183e-01 -1.462592e-01 -8.403464e-02 4.712776e-03 2.646137e-02 9.426265e-04
6.926880e+00 -6.491116e-01 -4.428635e-01 -1.030804e-02 1.995668e-02 -2.925080e-02 -2.572087e-03
8.708699e+00 1.176849e-01 -6.844194e-01 -6.287980e-02 3.467201e-02 5.961799e-03 -1.299066e-03
