7.324044e+09 0.000000e+00 0.000000e+00 0.000000e+00 0.000000e+00 0.000000e+00 0.000000e+00
8.210949e+00 -2.793241e-01 -7.864158e-01 6.148226e-02 4.401036e-02 -1.563188e-02 -2.291697e-03
5.407139e+00 -1.137394e-01 -4.484717e-02 -1.392579e-02 4.398661e-02 -1.115569e-01 -3.713735e-03
6.111449e-01 2.495003e-01 9.236692e-01 -1.027177e-01 -3.490611e-02 9.428795e-03 -8.857880e-04
1.484620e+00 -6.973326e-01 5.815788e-01 1.317646e-01 -2.696603e-02 -3.233318e-02 -6.512190e-03
8.842458e+00 1.597479e-01 3.216638e-02 -2.405341e-02 -1.928861e-02 9.579309e-02 -9.611702e-03
7.984229e+00 5.165244e-01 2.465683e-02 2.588414e-02 -2.581645e-03 5.408167e-02 -1.495164e-03
8.794617e+00 2.703302e-01 3.715063e-01 9.908723e-02 -4.083264e-02 2.971227e-02 4.355792e-03
3.068549e+00 -3.709869e-01 -7.911006e-01 1.795230e-02 3.351977e-02 -1.571911e-02 -2.328489e-03
8.750523e-01 -7.752998e-01 5.166455e-01 -1.415060e-02 -2.275303e-02 -3.414415e-02 3.263657e-03
9.003590e+00 -7.418134e-01 3.104450e-01 -6.125854e-02 -1.892341e-02 -4.521778e-02 1.080284e-03
6.426355e+00 2.789004e-01 -2.559224e-01 -1.453456e-02 3.735314e-02 4.070689e-02 -3.322468e-04
6.013538e+00 1.071466e-01 2.918126e-01 2.537109e-02 -7.053466e-02 2.589864e-02 7.989792e-04
6.590503e+00 2.674073e-01 -1.814112e-01 -7.793918e-03 4.235633e-02 6.243491e-02 7.685191e-03
8.981454e+00 -3.181843e-01 -3.952767e-02 -2.369683e-02 7.489605e-03 -6.028876e-02 -1.756314e-03
2.526075e+00 -3.196552e-02 9.920253e-01 9.282639e-02 -3.447578e-02 -1.110895e-03 -6.166868e-04
5.477553e+00 2.496702e-01 7.104844e-01 -3.363625e-02 -4.274075e-02 1.501946e-02 -1.226331e-03
9.416827e+00 5.263991e-02 -2.200002e-01 2.974624e-02 7.597748e-02 1.817929e-02 5.140172e-03
8.578457e+00 6.524315e-02 9.867766e-02 6.664264e-03 -8.476365e-02 5.604356e-02 9.029151e-03
3.291599e+00 1.056403e-01 -1.498042e-01 -3.611982e-02 7.037995e-02 4.963118e-02 -4.832424e-03
8.918937e+00 -4.154683e-01 5.382381e-01 1.578265e-01 -3.675661e-02 -2.837258e-02 -3.585288e-04
2.300168e+00 1.862081e-01 -2.610848e-01 3.804843e-02 5.802324e-02 4.138270e-02 2.916175e-03
2.229662e+00 3.616646e-02 -6.447139e-02 -8.480709e-03 1.141281e-01 6.402234e-02 1.445404e-03
9.451579e+00 -8.768845e-01 2.687802e-01 1.204905e-01 -1.213094e-02 -3.957670e-02 4.543499e-04
8.433570e+00 6.398978e-01 1.123679e-01 -7.077914e-02 -7.571974e-03 4.311989e-02 -1.542074e-03
7.533449e-01 2.096442e-01 4.048785e-01 -5.749067e-02 -4.743046e-02 2.455927e-02 3.210905e-04
3.530076e+00 5.108285e-02 -7.153828e-01 -4.098904e-03 5.068933e-02 3.619539e-03 1.119607e-03
4.752362e+00 3.495038e-02 -7.524023e-01 -1.435229e-01 4.158420e-02 1.931657e-03 -5.923982e-03
1.548931e+00 1.755856e-02 1.094016e-02 -8.949041e-04 -1.243829e-01 1.996301e-01 1.247675e-02
8.912004e+00 -2.575745e-01 -3.471741e-01 2.497074e-02 5.172863e-02 -3.837837e-02 -3.162642e-03
8.063613e+00 -2.136952e-03 -1.246588e-02 -5.949602e-04 3.721520e-01 -6.379584e-02 5.611260e-03
9.902440e+00 -6.366242e-01 -2.911561e-01 9.249520e-03 2.122232e-02 -4.640343e-02 4.655076e-03
7.649049e+00 7.933924e-04 4.562481e-01 1.867985e-02 -5.210889e-02 9.061473e-05 -2.596759e-03
9.636193e+00 -3.442008e-01 -6.052061e-01 6.253581e-02 4.503097e-02 -2.561061e-02 2.411354e-04
5.804864e+00 -9.881612e-02 -1.070074e-02 2.230067e-03 1.442375e-02 -1.331963e-01 -5.505836e-03
9.951681e+00 1.253015e-01 7.544360e-02 2.120726e-02 -5.489282e-02 9.116946e-02 8.839792e-03
9.417672e-01 1.853662e-01 7.184738e-01 -2.219722e-02 -4.393889e-02 1.133623e-02 -4.210421e-04
9.227773e+00 2.848317e-02 -1.116125e-01 9.752871e-04 1.036750e-01 2.645755e-02 3.168329e-03
3.684111e+00 2.459411e-01 4.447330e-01 4.531305e-03 -4.896181e-02 2.707629e-02 -1.567879e-03
9.669925e+00 -2.126644e-01 4.728046e-01 1.943011e-02 -4.468982e-02 -2.010119e-02 2.332590e-03
2.529354e+00 -9.067391e-01 -3.348536e-01 -4.550479e-02 1.204402e-02 -3.261360e-02 -6.096035e-04
9.072437e+00 -5.959644e-01 3.336982e-02 -7.109060e-02 -3.083400e-03 -5.506762e-02 2.858569e-04
4.946594e+00 -1.956978e-01 -7.306562e-02 2.832399e-02 2.692084e-02 -7.210434e-02 -5.590972e-03
5.652284e+00 3.635690e-01 -5.418603e-01 7.079511e-02 3.951255e-02 2.651151e-02 2.458447e-04
4.889887e+00 6.810922e-01 -5.599169e-03 -2.761848e-02 3.702766e-04 4.504106e-02 -2.486530e-03
7.796309e+00 9.776627e-01 -5.855448e-02 -7.403435e-02 2.446274e-03 4.084455e-02 3.663513e-03
5.776220e+00 3.072470e-01 -2.979547e-01 -2.858384e-02 4.337212e-02 4.472476e-02 1.222433e-03
1.491536e+00 9.739324e-03 -2.496899e-03 9.006256e-04 9.869242e-02 3.849565e-01 -2.629330e-03
7.116598e-01 -6.529950e-01 -7.219925e-01 1.280826e-01 2.974289e-02 -2.690050e-02 -1.008376e-03
1.805436e+00 -4.943058e-03 8.222445e-01 9.374836e-02 -3.738895e-02 -2.247698e-04 -2.187310e-03
9.457523e+00 3.024531e-01 -7.332550e-01 -1.308576e-02 4.037158e-02 1.665247e-02 -8.507959e-04
7.561239e+00 6.936139e-01 1.743293e-01 -2.147147e-02 -9.974213e-03 3.968498e-02 -2.185525e-03
5.144162e+00 2.069121e-01 8.130885e-01 -1.517664e-01 -4.327493e-02 1.101246e-02 -8.829435e-04
1.249293e+00 3.244883e-02 -1.855203e-01 -3.778985e-02 7.672841e-02 1.342035e-02 4.568065e-03
1.048419e+00 -7.312347e-01 -2.925656e-02 3.532385e-02 1.956148e-03 -4.889172e-02 -2.019779e-03
1.822746e+00 -2.452197e-01 -5.329054e-01 -4.416228e-02 4.160106e-02 -1.914298e-02 -1.297550e-03
2.009333e+00 -1.378809e-01 5.573804e-01 -2.491445e-02 -4.408837e-02 -1.090628e-02 -7.123174e-04
2.776060e+00 -9.879726e-02 -4.067008e-01 5.725322e-03 6.295887e-02 -1.529420e-02 5.997820e-04
1.980825e+00 5.925746e-01 -6.258959e-01 1.165559e-01 3.372030e-02 3.192510e-02 -1.933083e-03
2.599165e+00 2.467187e-02 1.609428e-01 5.714899e-03 -9.015736e-02 1.382075e-02 2.688033e-04
4.320622e+00 -6.707384e-01 -3.685387e-02 7.161442e-02 2.795896e-03 -5.088515e-02 -1.948099e-03
3.240159e+00 4.624507e-02 8.914320e-01 -3.415187e-03 -3.763938e-02 1.952628e-03 -7.113797e-04
7.268080e+00 -6.909730e-01 -2.557025e-01 -2.616325e-02 1.761084e-02 -4.758897e-02 2.166058e-04
5.206227e+00 9.624511e-01 5.631888e-02 1.066958e-01 -2.023768e-03 3.458481e-02 1.338894e-03
4.275951e+00 4.656407e-01 4.972805e-01 -4.398525e-03 -3.764647e-02 3.525119e-02 -3.838529e-03
4.336413e+00 -1.005930e-02 1.016220e-02 -1.310719e-03 -2.317155e-01 -2.293690e-01 6.477981e-03
9.624432e+00 -7.148581e-01 -1.111065e-01 -7.343439e-02 7.703643e-03 -4.956517e-02 5.765563e-04
6.025705e+00 2.126219e-01 -7.598324e-01 7.803707e-03 4.570615e-02 1.278983e-02 1.838472e-03
7.089179e+00 7.141752e-01 -4.988674e-01 -9.125173e-03 2.610764e-02 3.737551e-02 3.701654e-03
3.483580e+00 3.147503e-01 -3.258355e-01 1.503213e-02 4.127279e-02 3.986865e-02 1.052445e-03
1.081659e+00 4.053184e-01 2.031408e-01 -8.495205e-02 -2.716383e-02 5.419884e-02 -5.797354e-04
4.656493e+00 3.010769e-01 1.416424e-01 1.424763e-02 -3.091934e-02 6.572252e-02 3.990125e-03
9.736681e-01 3.216469e-01 -5.321421e-01 -1.385123e-02 4.662773e-02 2.818357e-02 7.199783e-03
2.130315e+00 4.246417e-01 7.872885e-01 4.505125e-02 -3.797080e-02 2.048040e-02 -1.868831e-03
9.588956e+00 -4.765006e-01 -5.748936e-02 4.550865e-02 7.580126e-03 -6.282787e-02 6.046313e-05
4.909820e+00 9.629447e-02 2.910332e-04 7.965765e-03 -4.144064e-04 1.371151e-01 6.969413e-04
9.271026e+00 1.430478e-01 -5.346170e-02 1.999026e-03 3.236663e-02 8.660359e-02 4.893936e-03
4.601336e+00 6.358508e-02 9.840650e-02 -6.060281e-03 -9.822726e-02 6.346926e-02 -3.954769e-03
5.849306e+00 4.386157e-01 7.591097e-02 -9.630975e-03 -9.667103e-03 5.585679e-02 -2.865529e-03
4.358271e+00 -8.206222e-01 3.700685e-02 -1.600759e-01 -1.858519e-03 -4.121243e-02 1.486402e-03
8.573689e+00 -4.301910e-02 2.264590e-02 1.889251e-03 -8.668631e-02 -1.646730e-01 8.037864e-04
1.686066e+00 3.967684e-01 -7.190462e-02 -1.870842e-02 1.154343e-02 6.369646e-02 6.447260e-04
2.818865e+00 -3.799766e-01 -9.119045e-01 5.774934e-02 3.939788e-02 -1.641649e-02 -1.515285e-04
7.218739e+00 5.689356e-01 4.584685e-01 8.719816e-02 -2.778687e-02 3.448206e-02 -2.536724e-03
7.530548e-01 1.720119e-01 1.791950e-01 5.398664e-02 -5.722397e-02 5.493011e-02 -2.503182e-03
3.999330e+00 1.892338e-01 -6.337603e-01 -8.655668e-02 4.132457e-02 1.233906e-02 -4.572929e-04
8.671235e+00 8.072865e-02 -4.897718e-01 -6.043664e-02 5.285029e-02 8.711265e-03 1.462375e-03
6.832365e+00 2.793911e-01 -3.603296e-01 -6.848978e-02 4.984717e-02 3.865032e-02 -6.246139e-03
9.263384e+00 5.572266e-01 3.599820e-01 1.164849e-01 -2.482710e-02 3.843058e-02 -1.370688e-03
4.029621e+00 -7.276950e-01 -4.255221e-01 -2.215157e-04 2.278370e-02 -3.896291e-02 6.302152e-04
5.755658e+00 2.778805e-01 -8.362239e-01 5.796938e-02 4.002425e-02 1.330022e-02 -1.019352e-03
4.264356e+00 3.515876e-01 5.422279e-01 -4.849867e-03 -3.924382e-02 2.544620e-02 1.879332e-03
1.241265e+00 1.762464e-01 -1.170474e-01 -1.905611e-02 4.800350e-02 7.228220e-02 -2.066874e-03
1.145296e+00 -1.111089e-01 6.756739e-01 3.751329e-03 -4.811972e-02 -7.912886e-03 -6.819172e-04
1.497847e+00 -6.845822e-01 -5.877523e-01 1.432820e-01 2.419239e-02 -2.817799e-02 2.688319e-03
4.957495e+00 -4.096277e-01 -5.791400e-01 4.623441e-02 3.742069e-02 -2.646778e-02 -3.302611e-04
6.270352e-01 6.691196e-02 5.187419e-01 1.614492e-02 -5.630160e-02 7.262283e-03 2.085247e-03
7.137142e+00 4.295377e-01 5.695652e-01 -2.533379e-02 -3.804801e-02 2.869391e-02 4.310466e-03
3.214790e+00 9.960164e-02 -1.133630e-01 -6.902774e-03 8.481168e-02 7.451623e-02 -2.110704e-03
1.717631e+00 5.934302e-01 -5.919035e-01 -6.372319e-02 3.111590e-02 3.119616e-02 1.525295e-03
8.258321e+00 -8.182980e-02 -1.634083e-01 7.036441e-03 9.040631e-02 -4.527267e-02 -4.844271e-03
3.835238e+00 -2.890622e-02 -7.101206e-03 8.397978e-05 4.859163e-02 -1.977974e-01 -2.110565e-03
9.368693e+00 -3.151584e-01 -6.035898e-01 -3.633152e-02 4.463130e-02 -2.330379e-02 2.734137e-03
3.666323e+00 3.813770e-01 6.396939e-01 -7.887978e-02 -3.481828e-02 2.075820e-02 5.370215e-03
1.906764e+00 -6.765273e-01 4.146137e-01 -5.683363e-03 -2.563179e-02 -4.182351e-02 -4.848932e-03
4.706744e+00 4.275719e-02 -5.490317e-02 6.759386e-03 1.159237e-01 9.027839e-02 -6.876936e-03
6.600665e+00 -1.435792e-01 -2.386025e-02 -1.656297e-02 1.471640e-02 -8.855603e-02 7.839672e-03
7.747142e+00 -5.040235e-01 -1.157453e-01 2.879324e-02 1.087717e-02 -4.736565e-02 3.425380e-04
2.557728e+00 -1.876004e-02 -3.397639e-01 1.612802e-02 7.458632e-02 -4.118278e-03 -5.312635e-03
3.970020e+00 7.570593e-01 -1.371225e-01 1.026334e-02 7.292587e-03 4.026270e-02 -1.670695e-03
4.585521e+00 2.734097e-01 -1.137136e-01 2.717924e-02 2.889888e-02 6.948363e-02 -3.510923e-03
3.590138e+00 1.619432e-02 -4.552708e-02 3.266811e-03 1.563704e-01 5.562211e-02 3.375247e-03
3.858074e+00 -1.512929e-01 2.301591e-01 4.229480e-03 -6.781312e-02 -4.457632e-02 -6.713681e-04
5.245803e-01 9.290354e-01 -6.242148e-02 -2.910709e-02 3.014332e-03 4.486309e-02 -6.928867e-04
8.023910e+00 -2.892755e-01 -9.371964e-02 -2.539103e-02 2.060817e-02 -6.360928e-02 2.654349e-03
6.076850e+00 5.930000e-01 3.982116e-01 6.099090e-02 -2.300990e-02 3.426538e-02 -1.878190e-03
4.798540e+00 -8.375683e-01 -1.737253e-01 -1.890963e-01 9.241506e-03 -4.455535e-02 -5.027415e-03
4.639645e+00 3.890510e-01 2.646083e-01 -5.156148e-02 -3.042619e-02 4.473533e-02 -1.966373e-03
2.223302e+00 -3.503924e-02 1.338251e-01 -2.374900e-02 -1.068720e-01 -2.798216e-02 4.333269e-03
4.622536e+00 1.459706e-01 -2.886872e-01 5.061746e-04 5.435832e-02 2.748551e-02 -3.677680e-03
3.496343e+00 1.570737e-01 5.353082e-01 9.590379e-02 -5.340019e-02 1.566904e-02 4.601794e-03
2.179888e+00 -6.724638e-02 -2.320087e-01 6.546052e-02 7.907767e-02 -2.292021e-02 2.073503e-03
9.763647e+00 2.924383e-01 4.272605e-01 4.786274e-02 -4.667472e-02 3.194649e-02 -3.006452e-03
7.910739e+00 1.043776e-01 7.786887e-01 3.447555e-02 -4.741299e-02 6.355371e-03 4.635854e-03
4.364652e+00 2.991449e-01 -6.373146e-02 -2.508642e-02 1.606004e-02 7.538314e-02 -1.949837e-03
3.437838e+00 -1.081137e-01 -2.725238e-01 -4.063095e-02 5.834084e-02 -2.314456e-02 -1.262737e-03
4.870528e+00 7.571119e-01 3.750334e-01 -5.388299e-02 -1.662309e-02 3.355845e-02 -2.485618e-03
9.236100e+00 -6.741028e-02 5.281312e-01 -1.700062e-02 -4.931198e-02 -6.294145e-03 2.208163e-04
5.176032e+00 -2.298076e-02 -3.019939e-02 4.083897e-03 1.446482e-01 -1.100726e-01 -1.173749e-02
4.221974e+00 2.129409e-01 -4.578232e-01 5.434085e-02 5.458499e-02 2.538835e-02 2.232740e-04
7.586377e+00 -8.446847e-01 -3.250242e-01 6.743702e-03 1.291728e-02 -3.356991e-02 -1.924678e-03
9.694485e+00 3.930857e-01 7.602855e-01 -6.977978e-02 -4.141876e-02 2.141449e-02 -1.184499e-03
7.302902e+00 9.365493e-02 -6.746903e-01 1.430630e-01 5.121869e-02 7.109755e-03 -5.762434e-03
4.034698e+00 4.040077e-04 -8.678867e-03 2.996646e-04 4.358899e-01 2.029100e-02 -8.845717e-03
2.462343e+00 3.777446e-01 5.175357e-01 -2.701896e-02 -4.198302e-02 3.064303e-02 9.245273e-04
6.211779e+00 -1.417585e-01 5.777523e-01 1.125530e-02 -4.518911e-02 -1.108770e-02 2.324677e-03
7.294710e+00 5.049107e-01 6.142725e-01 -5.698603e-02 -3.750301e-02 3.082618e-02 -7.063613e-05
8.231620e+00 2.139531e-02 1.830514e-02 3.334855e-03 -1.314399e-01 1.536288e-01 -7.434210e-04
9.131035e+00 5.715917e-02 5.737919e-01 3.720677e-02 -5.619253e-02 5.597706e-03 3.759022e-04
5.492942e+00 -2.390015e-01 3.038293e-01 -6.812272e-02 -4.454425e-02 -3.503989e-02 3.993593e-03
4.862865e+00 1.696137e-02 -6.431556e-02 7.774953e-04 1.404076e-01 3.702844e-02 9.161172e-03
2.347257e+00 -1.440726e-01 -1.737309e-01 -4.292276e-02 6.944634e-02 -5.759089e-02 -5.068427e-03
9.542429e+00 2.786050e-01 4.284741e-01 4.396991e-03 -5.003408e-02 3.253346e-02 4.057830e-03
4.229172e+00 -8.254982e-03 -2.781353e-02 1.618761e-03 2.117555e-01 -6.284847e-02 -5.332420e-03
8.872612e+00 -2.892184e-03 -1.906833e-01 1.542611e-02 9.513393e-02 -1.442941e-03 -3.068866e-03
3.154414e+00 -1.064946e-01 1.698066e-01 2.350034e-02 -8.301222e-02 -5.206131e-02 -2.344741e-03
1.854593e+00 4.548857e-01 -4.582520e-01 8.261865e-03 3.817812e-02 3.789766e-02 3.779746e-03
3.429020e+00 -5.549172e-01 1.109112e-01 -2.489854e-02 -9.526018e-03 -4.766111e-02 1.360191e-03
5.461624e+00 -4.132445e-01 2.014077e-02 -3.028821e-03 -2.602091e-03 -5.338922e-02 2.376918e-03
9.289639e+00 1.600186e-01 4.242041e-01 1.629046e-02 -5.786014e-02 2.182604e-02 7.765331e-04
9.293692e+00 -2.065017e-01 -2.496189e-01 -4.672801e-02 5.249270e-02 -4.342554e-02 3.596505e-03
2.659883e+00 -5.325985e-02 -5.170699e-03 -1.397900e-02 1.739707e-02 -1.791954e-01 -5.236321e-03
1.612886e+00 4.307955e-03 9.887589e-03 6.047453e-04 -3.752180e-01 1.634799e-01 1.949873e-02
5.142387e-01 2.476938e-01 1.111076e-01 1.499491e-02 -2.872478e-02 6.403659e-02 -4.241379e-03
9.807749e+00 5.082568e-01 1.128856e-01 1.274443e-02 -1.238721e-02 5.577227e-02 -7.340888e-04
4.330880e+00 -1.403245e-01 5.421203e-01 2.819265e-02 -4.475923e-02 -1.158565e-02 -1.619180e-03
1.520648e+00 -7.394450e-01 -6.215560e-01 -3.492249e-02 2.601530e-02 -3.094956e-02 -2.338014e-03
7.169442e+00 6.372698e-01 9.156888e-02 3.157154e-03 -7.469406e-03 5.198302e-02 6.679784e-05
9.310648e+00 -7.669398e-01 9.321924e-02 3.901080e-02 -5.071674e-03 -4.172602e-02 1.860984e-03
1.746707e+00 5.527536e-02 1.766212e-01 -2.671074e-02 -9.480626e-02 2.967056e-02 -5.771780e-03
9.302022e+00 7.818533e-01 6.130222e-01 1.419522e-01 -2.646169e-02 3.374945e-02 2.147659e-03
1.058363e+00 1.326052e-01 6.921463e-01 1.425260e-01 -4.749353e-02 9.099071e-03 3.986049e-03
1.040861e+00 1.211182e-01 4.482382e-02 8.166293e-03 -3.670488e-02 9.918006e-02 1.022097e-02
5.990608e+00 -2.839047e-01 -6.442978e-01 3.574754e-02 4.455670e-02 -1.963355e-02 -9.766773e-04
9.720616e+00 -5.372258e-01 -8.055795e-01 3.934684e-02 2.988625e-02 -1.993058e-02 -6.335981e-05
1.136660e+00 1.311228e-01 4.108669e-01 8.926453e-03 -5.261758e-02 1.679222e-02 -2.035352e-03
1.674938e+00 -2.462611e-01 -1.547646e-01 4.365810e-03 3.654659e-02 -5.815286e-02 -5.646830e-04
7.430965e+00 3.820564e-01 -9.441503e-02 -9.730748e-04 1.562722e-02 6.323655e-02 3.257726e-03
9.573233e+00 -1.300603e-02 -3.436434e-01 -9.680990e-03 6.317219e-02 -2.390907e-03 2.866342e-03
3.388140e+00 -1.873455e-03 1.146327e-04 9.564873e-05 -5.153066e-02 -8.421711e-01 -2.050330e-03
7.801862e+00 -9.674614e-01 -6.131068e-02 1.137453e-01 2.641426e-03 -4.168079e-02 -9.493927e-04
9.356703e+00 -2.129163e-01 2.188970e-01 -2.978976e-02 -4.727939e-02 -4.598763e-02 -2.536568e-03
6.737189e+00 5.239625e-02 -6.955737e-01 -2.210871e-02 5.138485e-02 3.870723e-03 2.574074e-03
9.959871e+00 5.048052e-01 -5.346354e-01 4.613910e-02 3.612991e-02 3.411403e-02 -1.741794e-03
4.754433e+00 -3.572553e-02 3.841546e-01 1.514227e-02 -6.559739e-02 -6.100413e-03 1.062340e-03
6.178914e+00 1.049474e-01 -7.750174e-02 6.260582e-03 5.563596e-02 7.533830e-02 1.751051e-04
8.575529e+00 7.447990e-02 -9.809446e-01 -3.973007e-02 3.991367e-02 3.030514e-03 -4.704679e-05
1.236271e+00 9.918411e-02 -1.703227e-01 -8.570121e-03 8.115605e-02 4.725965e-02 4.409500e-03
1.806740e+00 -3.051778e-01 7.836471e-02 -6.684486e-02 -1.510096e-02 -5.880807e-02 -3.905455e-03
5.842468e+00 4.135813e-01 -7.026796e-01 -9.749575e-03 3.793652e-02 2.232858e-02 -1.815399e-03
5.543130e+00 -5.151495e-01 -3.197278e-01 -2.821928e-02 2.347453e-02 -3.782246e-02 2.403486e-03
5.848684e+00 6.297650e-01 4.503453e-02 4.978755e-02 -3.431774e-03 4.799009e-02 -2.432005e-04
2.116934e+00 -1.039562e-01 1.244016e-01 -1.476461e-02 -8.338306e-02 -6.967904e-02 6.086462e-04
8.889701e+00 -6.874936e-01 -6.785092e-01 -1.135451e-02 2.809146e-02 -2.846343e-02 -2.445851e-03
8.061735e+00 -1.013758e-01 7.936271e-02 -6.900771e-04 -6.750293e-02 -8.622643e-02 4.257022e-03
2.929924e+00 -4.291686e-01 -6.801048e-01 -2.261919e-02 4.060327e-02 -2.562200e-02 -3.743340e-03
2.880839e+00 7.763071e-01 -4.638942e-02 1.404112e-01 2.761628e-03 4.621467e-02 3.237678e-03
7.188370e+00 4.788970e-03 1.358732e-02 2.318043e-04 -3.156602e-01 1.112572e-01 -3.591024e-02
8.960840e-01 4.077403e-01 -2.377209e-01 -1.089511e-02 2.815797e-02 4.829672e-02 -6.773576e-04
1.411206e+00 -8.242340e-01 3.474924e-03 -8.963755e-02 -1.992927e-04 -4.727121e-02 -2.963395e-03
4.425264e+00 -5.117511e-02 4.445346e-02 5.492727e-03 -1.028650e-01 -1.184188e-01 -8.627564e-03
4.593380e+00 3.059165e-01 3.403453e-01 -2.203083e-02 -4.525864e-02 4.068036e-02 2.768900e-03
9.773889e+00 -1.620391e-01 2.533076e-01 -1.701440e-02 -6.741843e-02 -4.312710e-02 -2.465982e-03
4.871941e+00 3.406268e-01 -2.684213e-02 5.148012e-03 4.592526e-03 5.827920e-02 3.048778e-03
3.170115e+00 4.854447e-01 -1.523761e-01 1.033709e-01 1.692690e-02 5.392628e-02 2.167465e-03
2.762112e+00 -4.990953e-01 6.264987e-02 1.309108e-01 -6.609386e-03 -5.265316e-02 -1.154660e-04
7.662404e+00 1.144441e-01 7.611082e-03 -2.177744e-03 -6.771827e-03 1.018247e-01 -3.304622e-03
8.327211e+00 3.396711e-01 2.861084e-01 -1.308206e-02 -3.441708e-02 4.086035e-02 -1.101155e-03
3.994560e+00 4.429568e-01 7.852121e-01 -7.824475e-02 -3.993215e-02 2.252667e-02 -4.313905e-04
5.193359e+00 2.441124e-01 7.920694e-02 2.092282e-02 -2.620025e-02 8.074803e-02 1.382122e-03
8.656457e+00 -4.969588e-02 -1.166757e-01 3.018645e-03 9.767273e-02 -4.160192e-02 -8.939323e-03
8.945875e+00 1.892994e-02 -9.892430e-01 -3.466964e-02 3.716736e-02 7.112267e-04 -3.366708e-03
5.832239e+00 6.616516e-01 -1.108945e-01 1.508097e-02 8.700128e-03 5.190929e-02 -1.468086e-03
4.901747e+00 4.576294e-01 6.023031e-01 -3.178737e-02 -3.640005e-02 2.765673e-02 2.837222e-03
9.275946e+00 1.322673e-01 -2.777541e-01 2.450932e-02 5.892544e-02 2.806046e-02 -2.992619e-03
6.250850e-01 9.435010e-02 -5.611499e-01 -2.860140e-02 4.858507e-02 8.168951e-03 1.791751e-03
5.427264e+00 -8.088758e-02 -1.768001e-01 -8.700058e-03 7.311514e-02 -3.345082e-02 -1.305662e-02
1.715784e+00 1.142060e-01 -2.879061e-01 -1.677628e-02 6.615878e-02 2.624373e-02 3.277956e-04
8.513906e+00 -1.215303e-01 -2.097061e-01 -2.913833e-02 7.243740e-02 -4.197941e-02 -3.080951e-03
7.803141e+00 2.189744e-01 1.407075e-01 -1.458724e-02 -4.104001e-02 6.386805e-02 1.375817e-03
8.186098e-01 -3.346190e-02 -2.372805e-01 2.115345e-02 8.553531e-02 -1.206241e-02 -2.034314e-03
3.162553e+00 7.283951e-03 -1.820195e-02 -8.488306e-04 2.351441e-01 9.409861e-02 -1.216676e-03
9.015574e+00 3.541368e-01 -2.964691e-01 7.126331e-03 3.199903e-02 3.822333e-02 -3.051165e-03
2.467926e+00 -3.955806e-01 -5.764292e-02 -6.518627e-02 7.805062e-03 -5.356306e-02 2.917287e-03
3.853272e+00 -4.708866e-02 5.748316e-01 3.536635e-02 -4.929214e-02 -4.037880e-03 1.601452e-03
8.775201e+00 -7.209021e-01 -4.236497e-02 -1.778533e-02 2.864514e-03 -4.874392e-02 5.168457e-04
4.789549e+00 1.750306e-01 5.018253e-01 -1.372357e-03 -4.569805e-02 1.593893e-02 -1.291120e-04
1.333513e+00 -2.378355e-01 -2.092973e-02 1.106226e-02 7.167795e-03 -8.145139e-02 -1.632536e-03
2.149885e+00 1.863736e-01 -2.549277e-01 4.807435e-02 5.529521e-02 4.042545e-02 3.232740e-03
4.855658e+00 -5.871010e-01 4.035097e-01 -2.035570e-02 -2.482554e-02 -3.612081e-02 4.332284e-03
3.989819e+00 9.520646e-02 -7.727647e-01 -4.039793e-02 4.545318e-02 5.599941e-03 1.851611e-03
4.411640e+00 3.016627e-01 -3.133734e-01 -3.210264e-02 4.270938e-02 4.111334e-02 -7.732017e-04
7.126010e+00 3.244275e-01 -1.627978e-01 4.606823e-02 3.112312e-02 6.202294e-02 -4.708642e-03
4.272037e+00 -2.001474e-01 -2.683559e-01 7.507207e-03 5.730509e-02 -4.273976e-02 -3.956508e-04
3.392541e+00 -2.149380e-01 -8.182810e-01 -2.802448e-02 4.239269e-02 -1.113529e-02 2.685765e-03
2.923934e+00 1.009364e-01 -9.945462e-02 1.159526e-03 7.492058e-02 7.603683e-02 -3.358223e-03
3.559151e+00 -1.133941e-01 -9.297712e-01 4.997177e-02 4.242504e-02 -5.174119e-03 -3.380996e-03
4.536312e+00 -5.902074e-01 -8.040969e-02 7.961559e-02 7.352674e-03 -5.396864e-02 -2.618450e-03
8.159498e+00 -8.801565e-01 3.789520e-01 1.705632e-01 -1.734933e-02 -4.029568e-02 -1.039186e-03
6.431862e+00 -3.996700e-01 1.973838e-01 5.199317e-02 -2.857241e-02 -5.785446e-02 3.200137e-03
6.753789e+00 6.037621e-01 -5.013219e-01 2.180604e-02 2.480015e-02 2.986782e-02 6.362315e-04
7.423999e-01 6.583087e-01 -5.949058e-01 6.177690e-02 2.601250e-02 2.878482e-02 1.177175e-03
8.765191e+00 -1.336632e-02 2.166140e-02 -1.330970e-03 -2.328632e-01 -1.436898e-01 -5.790438e-03
2.868391e+00 3.092354e-02 -7.681208e-02 2.295436e-03 1.292112e-01 5.201873e-02 3.554950e-03
7.895808e+00 5.006288e-01 -5.570811e-01 -5.646418e-02 3.543046e-02 3.184009e-02 -3.784601e-03
4.052907e+00 -2.520052e-01 3.025042e-02 1.861987e-02 -9.882703e-03 -8.232921e-02 4.503614e-03
3.004048e+00 -3.962885e-02 -4.072709e-03 2.793071e-03 1.999907e-02 -1.945977e-01 -1.672590e-02
5.769462e+00 1.303823e-02 5.679400e-02 -9.795067e-03 -1.516987e-01 3.482553e-02 -1.996044e-03
8.565616e+00 2.616571e-01 6.687720e-02 2.973245e-02 -1.805384e-02 7.063567e-02 -8.871092e-04
2.782775e+00 -2.556946e-02 1.057007e-01 1.689545e-02 -1.166495e-01 -2.821801e-02 -1.028253e-02
7.543143e+00 7.329773e-01 6.015262e-01 5.220731e-02 -2.554443e-02 3.112664e-02 2.922537e-03
8.553319e+00 -1.870595e-01 1.332604e-01 2.383043e-02 -4.794345e-02 -6.729892e-02 -4.520068e-03
8.888457e+00 -6.553189e-02 4.661368e-01 -1.340564e-02 -5.266692e-02 -7.404184e-03 -1.610008e-04
5.585181e+00 6.086885e-01 1.881254e-01 2.796239e-02 -1.342281e-02 4.343011e-02 5.259596e-04
7.136728e+00 -6.943186e-01 3.532079e-01 2.749038e-02 -2.200384e-02 -4.325406e-02 -1.634291e-03
5.660195e+00 -8.617963e-01 2.599773e-01 2.090549e-02 -1.045839e-02 -3.466843e-02 2.577683e-03
6.016089e+00 -6.744158e-01 2.999773e-01 2.960168e-02 -1.973351e-02 -4.436532e-02 -1.413154e-03
7.983491e-01 -6.809761e-01 2.067038e-01 1.154824e-01 -1.393952e-02 -4.592310e-02 1.860072e-03
8.019212e+00 6.003010e-01 -4.106361e-01 -2.237194e-02 2.657615e-02 3.885116e-02 3.435148e-03
7.627494e+00 -5.162370e-01 -4.523815e-01 8.898405e-03 2.981563e-02 -3.402422e-02 1.149372e-03
5.113974e-01 1.395720e-01 1.603493e-02 -9.583139e-03 -1.069970e-02 9.313284e-02 -4.404909e-03
7.873056e+00 -2.715991e-01 1.132038e-01 6.445970e-02 -2.815390e-02 -6.754693e-02 1.558239e-03
7.879012e+00 4.226618e-01 4.008089e-01 -2.875581e-02 -3.664966e-02 3.864787e-02 1.276054e-06
1.192406e+00 5.815263e-02 2.974552e-01 -1.136551e-02 -6.821382e-02 1.333583e-02 -3.496968e-03
2.977775e+00 -3.228575e-01 -7.328835e-01 1.800712e-01 4.092279e-02 -1.802773e-02 4.189322e-04
9.290367e+00 1.768663e-01 1.352492e-01 1.574983e-02 -5.186718e-02 6.782706e-02 -5.750561e-03
7.069510e+00 -6.179519e-02 4.028480e-01 -5.307626e-02 -6.024715e-02 -9.241658e-03 5.762144e-03
5.799752e+00 -8.823973e-02 6.112508e-01 -3.125885e-02 -4.297808e-02 -6.204285e-03 -8.215744e-04
9.657405e+00 -6.552998e-02 -4.379049e-01 -3.350841e-02 5.520882e-02 -8.261686e-03 -7.886521e-04
9.835400e+00 6.348266e-01 -1.987327e-01 4.659807e-02 1.478894e-02 4.724141e-02 -3.238644e-03
1.744752e+00 -5.350771e-02 2.107822e-01 -2.211438e-02 -8.220201e-02 -2.086723e-02 6.591608e-04
3.682067e+00 -1.890328e-01 -1.851496e-01 2.381444e-03 5.198671e-02 -5.307706e-02 -4.301317e-03
2.303660e+00 -6.873658e-01 6.960423e-01 -7.665710e-02 -2.524254e-02 -2.492787e-02 -3.156403e-03
2.473808e+00 -3.104751e-03 5.931646e-03 5.489904e-04 -4.557535e-01 -2.385512e-01 1.247840e-02
7.332012e+00 1.416571e-01 1.065437e-01 1.052198e-02 -5.837819e-02 7.761772e-02 -2.416758e-03
8.537755e+00 6.318712e-02 9.432250e-03 1.661290e-02 -2.336943e-02 1.565530e-01 7.759200e-03
8.174148e+00 2.858510e-01 5.500876e-03 -4.660016e-03 -1.417400e-03 7.365466e-02 1.831925e-03
6.136185e+00 4.567610e-01 2.878824e-01 6.461265e-02 -2.654727e-02 4.212051e-02 -4.945241e-03
2.535644e+00 3.658767e-01 -3.152298e-01 -1.218909e-02 3.580677e-02 4.155972e-02 1.115940e-03
7.054459e+00 -1.869799e-02 -5.850635e-01 -2.321205e-02 4.508944e-02 -1.441009e-03 5.857232e-03
2.822423e+00 -6.063400e-02 1.074577e-01 -1.417656e-02 -8.934920e-02 -5.041609e-02 -3.422711e-04
7.573828e+00 -8.191986e-01 4.480528e-01 5.304124e-02 -2.011300e-02 -3.677365e-02 1.660920e-03
3.671396e+00 1.957473e-01 2.132018e-01 2.413830e-02 -6.020619e-02 5.527719e-02 -6.207008e-03
5.665532e+00 2.965909e-03 5.779571e-03 1.720487e-04 -4.235753e-01 2.173666e-01 -5.002324e-02
3.781342e+00 -4.211515e-01 -6.244339e-01 1.334910e-02 4.199008e-02 -2.832035e-02 -9.821839e-04
5.794719e+00 -2.619739e-02 -6.023140e-01 -1.291775e-01 5.401005e-02 -2.349144e-03 5.187284e-04
5.980544e+00 -4.555355e-01 5.831035e-02 -1.010067e-01 -7.662751e-03 -5.986339e-02 -5.617921e-04
2.951874e+00 4.698827e-01 -4.527622e-01 -5.016670e-02 3.599608e-02 3.735722e-02 -2.927429e-03
8.059092e+00 6.205784e-01 -1.111831e-01 -2.534587e-02 8.373478e-03 4.673731e-02 -9.988702e-04
8.342882e+00 -4.764695e-01 2.533913e-01 9.001862e-02 -2.664270e-02 -5.009815e-02 4.235274e-04
8.525012e+00 1.781619e-01 3.959439e-02 1.505301e-02 -1.935982e-02 8.711290e-02 1.035013e-03
8.557552e+00 1.552769e-01 5.680164e-01 1.334993e-05 -5.118569e-02 1.399248e-02 1.603568e-03
4.809241e+00 4.169665e-01 -1.470330e-02 2.633882e-02 1.914525e-03 5.429344e-02 -4.175276e-03
9.164586e+00 4.421838e-01 7.123525e-01 4.892432e-02 -3.404173e-02 2.113097e-02 -7.849701e-04
8.253779e+00 4.578677e-01 -1.186437e-01 7.693745e-02 1.399302e-02 5.400162e-02 -1.697478e-03
3.047111e+00 3.823724e-01 -2.634111e-01 7.424683e-02 3.109456e-02 4.513745e-02 1.798910e-03
3.185948e+00 -5.493103e-01 -6.717532e-01 -1.957790e-02 2.968053e-02 -2.427055e-02 -3.154711e-03
7.055432e+00 -1.451015e-03 -6.337911e-02 3.407414e-03 1.360103e-01 -3.113850e-03 -6.838642e-03
8.345729e+00 -9.582486e-02 9.102213e-02 3.541068e-04 -7.597025e-02 -7.997878e-02 -5.326202e-03
9.227647e+00 -2.851778e-02 -9.275235e-02 -6.944438e-03 1.331885e-01 -4.095034e-02 1.159465e-03
5.413284e+00 -1.969441e-01 -2.061987e-01 2.722159e-02 5.839643e-02 -5.577551e-02 -4.590993e-03
1.199719e+00 -2.782779e-01 8.361491e-02 -5.172841e-03 -2.009693e-02 -6.688439e-02 -6.557727e-03
4.610402e+00 -2.658459e-02 1.075357e-01 -1.148166e-02 -1.217247e-01 -3.009235e-02 7.782172e-03
6.155699e-01 6.499590e-02 -8.324415e-01 -3.460368e-02 4.475185e-02 3.494164e-03 2.643933e-04
2.336365e+00 -6.237305e-01 7.499173e-01 -1.523315e-01 -3.170766e-02 -2.637229e-02 1.542789e-03
9.155199e+00 -2.037000e-01 -3.335160e-01 -3.769121e-02 4.738174e-02 -2.893913e-02 5.621522e-04
9.981991e+00 2.492295e-02 2.244430e-01 6.629365e-03 -8.568480e-02 9.514743e-03 -3.640572e-03
6.344405e+00 8.303575e-03 4.039093e-02 -5.847478e-03 -2.040681e-01 4.195235e-02 1.614664e-02
6.740816e-01 5.725722e-02 5.953769e-02 5.220608e-03 -9.650217e-02 9.280586e-02 -3.208359e-03
2.380486e+00 -2.722348e-01 -4.687190e-01 -1.019997e-03 4.442204e-02 -2.580059e-02 -2.648328e-03
9.521151e+00 1.517840e-01 2.951711e-01 -1.928499e-02 -6.031960e-02 3.101778e-02 -3.829642e-03
1.373687e+00 3.223392e-01 -1.005755e-01 7.296625e-02 1.852065e-02 5.935769e-02 4.106930e-03
6.366279e+00 5.063839e-02 6.401152e-02 -2.525289e-03 -1.047065e-01 8.283149e-02 -3.547757e-04
3.988842e+00 -1.641474e-01 -3.838496e-01 -4.583369e-02 5.328160e-02 -2.278506e-02 -1.441172e-04
6.577518e-01 1.445509e-01 1.723380e-01 6.141498e-03 -6.277688e-02 5.265497e-02 -2.883322e-03
1.365431e+00 -1.723191e-01 -4.043743e-02 -1.938088e-02 1.957091e-02 -8.339903e-02 -1.747215e-03
7.991092e+00 -2.526048e-01 -1.194556e-01 -2.264746e-02 3.007359e-02 -6.359462e-02 2.377625e-03
1.090759e+00 -8.375093e-01 -8.059578e-03 -8.622855e-02 4.194486e-04 -4.358691e-02 -8.616972e-04
9.777113e+00 1.793374e-02 -2.170178e-01 1.536528e-02 8.901480e-02 7.355930e-03 -5.422518e-03
6.990998e+00 2.582956e-01 9.039291e-01 -5.396059e-02 -4.160833e-02 1.188948e-02 6.495966e-04
3.665398e+00 5.959896e-05 4.625646e-03 -4.040205e-04 -6.440316e-01 8.298000e-03 -6.229300e-03
2.365983e+00 -1.840020e-01 1.206792e-01 1.699212e-02 -5.102336e-02 -7.779635e-02 -5.704746e-03
1.955043e+00 -7.723407e-02 1.363717e-01 1.147477e-02 -8.026469e-02 -4.545789e-02 -2.473710e-03
1.648192e+00 5.657115e-01 7.936391e-01 4.754198e-02 -3.415519e-02 2.434606e-02 1.767207e-03
5.551935e+00 2.116784e-01 1.163612e-01 -3.436046e-02 -3.931338e-02 7.151689e-02 -8.212468e-04
3.436468e+00 8.225727e-01 -3.458397e-01 9.231190e-02 1.788470e-02 4.253838e-02 6.654627e-04
7.445021e+00 2.212080e-01 8.921513e-02 1.298647e-02 -2.813712e-02 6.976572e-02 -1.625948e-03
8.677762e+00 -4.100370e-01 -7.226173e-01 6.261516e-02 3.609560e-02 -2.048184e-02 -1.623587e-03
9.871289e+00 -9.426595e-01 1.004521e-02 1.971893e-01 -3.694862e-04 -3.467321e-02 4.042680e-04
5.930636e+00 2.168086e-01 3.251846e-01 -3.989409e-03 -5.132256e-02 3.421802e-02 2.881826e-04
8.145918e+00 -8.795934e-01 -4.009076e-01 9.435896e-03 1.787640e-02 -3.922092e-02 -1.760267e-03
8.612148e+00 3.095643e-02 -6.242284e-04 1.059565e-03 4.123476e-03 2.044894e-01 9.579022e-04
9.592497e+00 -4.782600e-01 -3.857317e-01 -3.884384e-02 3.467686e-02 -4.299506e-02 2.762419e-03
4.004578e+00 -3.076412e-02 4.411890e-01 -3.827180e-02 -5.768602e-02 -4.022448e-03 9.902494e-04
8.760114e+00 -4.894374e-01 3.259105e-03 1.287520e-02 -4.145474e-04 -6.225482e-02 2.741301e-03
2.184617e+00 -7.913966e-02 3.287857e-01 -9.163750e-02 -7.092545e-02 -1.707196e-02 -5.361810e-04
4.582308e+00 1.112036e-01 -8.717583e-01 -1.203620e-01 4.168359e-02 5.317260e-03 -3.971982e-03
9.518353e+00 7.087306e-01 1.195488e-01 6.856658e-02 -7.425835e-03 4.402318e-02 1.868115e-03
4.960102e+00 -8.570470e-01 7.143462e-02 1.607740e-01 -3.651638e-03 -4.381105e-02 -9.254416e-04
4.384844e+00 -2.840801e-03 -4.134284e-03 9.282112e-05 4.739404e-01 -3.256598e-01 -4.449337e-02
8.989895e+00 4.404854e-02 3.251340e-02 3.681648e-03 -1.028196e-01 1.392981e-01 -4.457750e-04
6.999526e+00 -1.499711e-01 3.282526e-03 -7.169156e-04 -2.303508e-03 -1.052420e-01 5.363173e-03
8.056811e+00 -5.458788e-01 2.036314e-01 -1.800682e-02 -1.701861e-02 -4.562214e-02 -6.534578e-03
9.650563e+00 -1.750819e-01 2.456475e-03 -4.890175e-03 -1.146388e-03 -8.170724e-02 -5.503422e-03
1.915249e+00 5.556097e-01 -2.632353e-01 -8.768661e-03 2.371468e-02 5.005448e-02 -4.382568e-04
6.421718e+00 2.199258e-01 -2.023194e-01 -7.275974e-03 5.200149e-02 5.652679e-02 -1.041019e-03
7.555318e+00 4.373867e-01 2.079674e-01 3.233667e-02 -2.151975e-02 4.525925e-02 -1.751902e-04
9.632783e+00 4.741926e-01 8.594128e-01 -1.083169e-01 -3.053835e-02 1.684995e-02 -1.841257e-03
5.484926e+00 -3.133617e-01 -8.288611e-01 1.179666e-03 3.841459e-02 -1.452314e-02 5.818853e-04
6.085577e+00 -4.045158e-01 4.520088e-01 1.263996e-02 -3.396363e-02 -3.039504e-02 -1.550011e-03
1.114249e+00 4.169106e-02 2.981061e-01 -6.999872e-03 -7.377780e-02 1.031805e-02 -2.212646e-04
1.879016e+00 -9.268030e-01 -1.513344e-01 -1.952323e-01 6.133825e-03 -3.756480e-02 -1.273921e-04
8.244746e+00 3.899297e-01 2.733092e-01 -1.444505e-02 -2.838973e-02 4.050357e-02 -1.384333e-03
8.100420e-01 5.253098e-01 -5.852051e-01 1.980647e-02 3.268232e-02 2.933730e-02 -2.358520e-03
5.652336e+00 7.112108e-01 3.811132e-01 3.133138e-02 -2.159632e-02 4.030177e-02 -1.297079e-03
9.790919e+00 3.765302e-01 5.378790e-01 -9.287377e-02 -3.553734e-02 2.487713e-02 -2.317704e-03
8.351365e+00 3.033550e-01 3.226323e-02 -6.949295e-03 -7.719223e-03 7.258000e-02 2.182927e-03
8.671011e+00 -4.947685e-01 4.763121e-01 5.157743e-02 -3.406457e-02 -3.538452e-02 5.363855e-04
9.250504e-01 -3.698717e-02 -5.702915e-01 2.595915e-02 4.591566e-02 -2.977934e-03 -1.234225e-03
8.000063e+00 3.527769e-01 -3.964217e-01 -1.053802e-01 4.009326e-02 3.567911e-02 -3.815728e-03
7.027342e+00 -2.508145e-01 4.121687e-02 -8.711986e-03 -1.394822e-02 -8.487824e-02 3.986363e-03
6.625411e+00 1.281048e-01 -9.181573e-01 -3.286404e-02 3.625457e-02 5.058377e-03 2.050807e-03
9.504693e+00 -5.412707e-01 4.526522e-01 5.756220e-02 -2.673106e-02 -3.196437e-02 -3.053934e-03
1.110691e+00 8.290066e-01 2.046190e-01 -7.479939e-02 -1.104494e-02 4.474818e-02 1.328313e-03
8.785150e+00 3.844635e-02 -2.841211e-01 2.168041e-02 7.021066e-02 9.500680e-03 -2.905947e-03
2.884995e+00 -5.175387e-01 -4.443884e-01 1.133947e-01 3.180755e-02 -3.704336e-02 2.687874e-03
2.740641e+00 -4.306640e-01 3.711434e-01 -4.485838e-02 -3.609968e-02 -4.188902e-02 -1.361053e-03
2.093526e+00 3.339177e-01 -3.263775e-01 5.704602e-02 4.347020e-02 4.447447e-02 -6.714169e-03
8.572768e+00 -1.927597e-01 -9.506422e-01 1.007598e-01 3.634205e-02 -7.369000e-03 -7.041606e-04
1.637380e+00 9.600342e-01 2.733676e-01 -9.233715e-02 -1.126999e-02 3.957884e-02 -3.947920e-03
8.910662e-01 -1.910013e-01 -3.104190e-01 2.376819e-02 6.103704e-02 -3.755619e-02 7.022572e-04
6.701231e+00 -4.492001e-03 -6.565033e-01 2.276217e-02 4.231242e-02 -2.895148e-04 -5.757094e-04
6.020807e+00 5.879033e-01 1.468067e-01 5.970052e-02 -1.175915e-02 4.709078e-02 2.246327e-04
6.776151e+00 5.952957e-01 -3.995101e-01 5.166820e-02 2.651866e-02 3.951450e-02 3.203433e-04
3.010802e+00 -2.062926e-01 6.146826e-02 1.035023e-02 -2.374971e-02 -7.970603e-02 1.115559e-03
4.488906e+00 1.191132e-02 9.777175e-02 1.622535e-02 -1.199973e-01 1.461902e-02 4.015228e-03
1.627041e+00 1.037917e-01 2.511720e-02 1.257657e-02 -2.550863e-02 1.054092e-01 -9.892766e-04
2.056928e+00 -7.503126e-01 -2.874400e-01 -7.382926e-02 1.575723e-02 -4.113153e-02 1.538300e-03
8.985767e+00 -8.583824e-02 -1.784832e-02 7.927146e-03 2.644104e-02 -1.271633e-01 6.823914e-03
1.413161e+00 1.018381e-01 1.086085e-01 1.774149e-02 -7.627895e-02 7.152386e-02 -2.046939e-06
9.276350e+00 -7.726277e-01 -3.930958e-01 -6.286757e-02 1.656785e-02 -3.256402e-02 1.625344e-03
6.350450e-01 -2.267657e-01 2.685225e-01 2.518011e-02 -4.986138e-02 -4.210764e-02 3.774261e-03
9.257021e+00 -3.247349e-01 -4.607334e-01 4.402791e-02 3.721827e-02 -2.623224e-02 -2.220570e-03
8.233827e+00 -7.056530e-01 -4.774582e-01 -8.186315e-02 2.310995e-02 -3.415504e-02 -2.804626e-03
2.168676e+00 -2.403779e-02 5.382419e-01 -8.614854e-02 -4.659089e-02 -2.080741e-03 -3.386378e-03
9.140867e+00 3.578139e-01 1.213614e-01 -1.961503e-02 -2.040003e-02 6.014611e-02 3.453703e-03
2.288963e+00 6.010835e-01 -1.263622e-01 -6.465755e-02 9.599686e-03 4.566406e-02 1.992102e-03
5.879974e+00 -1.533117e-02 -3.744667e-01 7.919758e-04 6.651306e-02 -2.723135e-03 -5.357747e-04
7.100505e+00 -5.074598e-01 3.348088e-01 -1.002990e-01 -3.018703e-02 -4.575359e-02 -2.935682e-03
1.868698e+00 4.529082e-02 1.377416e-02 -1.210889e-02 -5.337356e-02 1.754976e-01 4.775054e-03
1.920176e+00 -1.004401e-01 -2.257294e-02 4.210977e-03 2.723805e-02 -1.211979e-01 6.232922e-03
3.463293e+00 -3.584709e-01 4.400263e-01 -6.020697e-02 -3.592495e-02 -2.926654e-02 2.334372e-03
4.464729e+00 1.074443e-01 8.386047e-01 -4.866682e-02 -4.707657e-02 6.031576e-03 -1.897269e-03
3.386258e+00 -6.412383e-01 1.272117e-01 4.662053e-02 -1.055750e-02 -5.321741e-02 -3.419565e-03
8.280366e+00 4.090426e-01 -7.145817e-01 3.925794e-02 3.952138e-02 2.262293e-02 4.905893e-03
2.869721e+00 -4.054085e-01 -3.643427e-02 -1.440220e-02 4.965295e-03 -5.524943e-02 -3.752225e-03
6.217433e+00 -5.387077e-02 -3.175063e-02 2.575473e-03 7.328252e-02 -1.243372e-01 -5.390021e-03
4.088711e+00 -5.119446e-01 -4.310527e-01 -5.057303e-02 3.405219e-02 -4.044245e-02 1.053775e-03
3.807392e+00 8.871029e-01 1.181087e-01 -4.272407e-02 -5.718807e-03 4.295341e-02 1.750202e-03
2.582682e+00 5.101141e-02 5.722520e-03 3.946444e-03 -2.040658e-02 1.819074e-01 1.975585e-03
7.757124e+00 7.505673e-01 2.733430e-01 3.794824e-02 -1.300467e-02 3.570926e-02 -1.725145e-03
7.675074e+00 -1.073180e-01 -5.832012e-01 -7.718704e-02 4.669687e-02 -8.592939e-03 -2.400698e-03
5.327230e+00 -5.425471e-01 -6.254894e-01 -4.281058e-02 2.879702e-02 -2.497842e-02 -1.289592e-03
1.401649e+00 -4.793845e-02 -7.208059e-02 5.400608e-03 1.119440e-01 -7.445033e-02 5.815457e-03
8.943287e+00 -2.327120e-01 -3.916908e-01 1.057283e-02 4.660396e-02 -2.768842e-02 -2.212975e-03
2.513712e+00 1.135028e-02 5.835367e-03 2.993221e-04 -1.429363e-01 2.780231e-01 4.428783e-03
9.797877e+00 -6.614092e-01 4.130602e-01 2.940864e-02 -2.367051e-02 -3.790220e-02 -1.520380e-03
6.492102e+00 9.362893e-01 -3.476299e-01 8.130320e-02 1.425635e-02 3.839736e-02 1.606633e-03
5.404342e+00 1.191734e-01 -8.543809e-01 -9.660204e-02 4.542733e-02 6.336433e-03 9.463946e-04
3.160006e+00 -7.335764e-01 4.858420e-01 -1.562005e-01 -2.015029e-02 -3.042507e-02 3.952455e-03
5.615434e+00 3.192460e-01 -3.487415e-01 -5.018573e-02 3.623578e-02 3.317106e-02 -1.973099e-04
8.182829e+00 5.951203e-02 5.959185e-02 -1.899910e-02 -1.017471e-01 1.016108e-01 1.070051e-03
6.587420e-01 -7.653352e-01 5.626368e-01 -9.083580e-02 -2.220998e-02 -3.021146e-02 8.377366e-04
5.758752e+00 -1.166445e-01 -9.143081e-01 5.059499e-02 4.519847e-02 -5.766278e-03 2.128440e-03
6.131405e+00 -1.232549e-01 -1.208476e-01 -1.158644e-03 7.117479e-02 -7.259261e-02 -2.132401e-03
7.080779e-01 2.499000e-01 4.342669e-01 8.889812e-02 -4.981435e-02 2.866579e-02 6.584801e-03
7.193296e+00 -1.336845e-01 5.294240e-01 3.762343e-02 -5.011846e-02 -1.265538e-02 3.313676e-03
2.567950e+00 8.415709e-03 -1.600192e-01 -3.082905e-03 9.520239e-02 5.006872e-03 3.112622e-03
7.636113e+00 -2.526047e-01 -7.540319e-01 -2.166920e-02 4.190214e-02 -1.403744e-02 -4.785446e-03
8.962866e+00 -9.661996e-03 -1.786307e-03 -1.372114e-03 7.424440e-02 -4.015822e-01 1.993730e-03
8.163313e+00 -9.010815e-03 2.818067e-02 -1.959424e-03 -1.987940e-01 -6.356471e-02 -3.701766e-03
4.686232e+00 -2.159866e-01 -7.232729e-01 -7.563838e-02 4.278165e-02 -1.277562e-02 -2.211306e-05
1.992821e+00 1.388368e-01 3.925689e-02 1.773667e-03 -3.074218e-02 1.087234e-01 5.283035e-03
5.484405e-01 5.054705e-01 -2.615894e-01 4.056213e-02 2.214067e-02 4.278253e-02 -2.158242e-03
7.261868e+00 5.286021e-02 -6.294956e-01 1.381068e-01 4.276052e-02 3.590701e-03 1.582544e-03
1.363442e+00 -5.114919e-01 4.468645e-01 2.000442e-02 -2.900660e-02 -3.320166e-02 3.273256e-04
4.188933e+00 -4.750197e-01 3.573656e-01 1.388254e-02 -3.040869e-02 -4.042002e-02 3.212623e-03
1.367168e+00 9.986712e-02 3.351911e-03 -1.671787e-02 -3.630187e-03 1.081581e-01 -3.137712e-03
7.500919e+00 3.340031e-01 1.595527e-03 1.624703e-02 -3.393964e-04 7.104829e-02 -6.181761e-03
8.332782e+00 8.627009e-01 4.363117e-01 3.077531e-02 -1.769567e-02 3.498891e-02 -1.009873e-03
5.440958e+00 5.806685e-02 2.623321e-02 -5.494182e-04 -7.095379e-02 1.570552e-01 4.873759e-03
9.378364e+00 2.237007e-01 -5.374286e-01 -6.587147e-02 4.766764e-02 1.984130e-02 -1.488488e-03
4.520711e+00 1.017110e-01 -3.119884e-02 -7.997331e-03 3.468788e-02 1.130856e-01 1.281238e-03
2.383550e+00 3.072524e-01 -6.299712e-02 -1.075195e-02 1.283218e-02 6.258570e-02 -4.437039e-03
2.320030e+00 -6.675132e-01 -4.758701e-01 6.269919e-03 2.241309e-02 -3.143933e-02 -1.015069e-03
3.355501e+00 -1.493890e-01 -5.814468e-02 -1.769247e-02 3.479422e-02 -8.939554e-02 1.524250e-03
2.031381e+00 -4.475786e-01 -2.816554e-01 -2.699341e-02 2.830575e-02 -4.498067e-02 3.015744e-03
6.891969e+00 9.022074e-03 4.145287e-02 -5.163244e-03 -1.784866e-01 3.884699e-02 8.665945e-03
7.127394e+00 3.434701e-01 -2.518836e-01 -1.810734e-03 3.983680e-02 5.432173e-02 -3.278226e-03
2.639336e+00 -7.243818e-03 7.478798e-03 -1.012293e-03 -2.434709e-01 -2.358212e-01 1.587080e-02
5.696050e+00 9.160385e-01 4.391609e-03 1.138349e-01 -2.160642e-04 4.506848e-02 1.838542e-03
5.575970e+00 -4.068251e-01 4.305281e-01 -4.937593e-02 -3.324856e-02 -3.141804e-02 2.930797e-03
8.716858e+00 -4.471913e-01 -3.351032e-01 5.307588e-02 2.798253e-02 -3.734237e-02 -2.047358e-03
6.518291e+00 -1.426459e-01 -5.277245e-01 -6.533291e-02 4.816480e-02 -1.301913e-02 8.962816e-04
9.876320e+00 -1.157570e-01 -9.471105e-02 4.844959e-03 5.566091e-02 -6.802947e-02 -3.102694e-04
5.047625e-01 1.986337e-01 -6.408855e-01 -4.135456e-02 4.087300e-02 1.266803e-02 2.920864e-04
4.416485e+00 6.549330e-01 -1.366927e-02 -5.810382e-02 9.212525e-04 4.413980e-02 6.378057e-04
5.978511e+00 -4.213659e-01 -6.207064e-01 2.668858e-02 3.594611e-02 -2.440198e-02 -4.468262e-04
3.288275e+00 3.513619e-02 8.672146e-03 7.928969e-04 -4.422035e-02 1.791638e-01 1.166621e-02
8.633690e+00 -1.742538e-01 -2.189758e-01 -6.101704e-03 5.214591e-02 -4.149601e-02 -3.814710e-03
6.266842e+00 3.425229e-01 -1.748148e-01 -9.571101e-02 2.693965e-02 5.278412e-02 1.387752e-04
5.093100e+00 3.134060e-01 8.067695e-01 -1.000668e-01 -4.398480e-02 1.708679e-02 -1.224718e-03
4.593039e+00 1.035458e-01 -6.688438e-01 1.765577e-02 5.126333e-02 7.936238e-03 -6.122140e-03
1.915026e+00 7.349127e-01 1.238048e-01 4.022878e-02 -7.673221e-03 4.554870e-02 1.418158e-03
8.119510e-01 -6.954802e-01 -1.306691e-01 -5.444655e-02 7.557428e-03 -4.022405e-02 2.101912e-04
4.259555e+00 -1.978460e-01 2.150051e-01 3.444595e-03 -5.484518e-02 -5.046812e-02 -4.913852e-03
7.119941e+00 3.176597e-01 8.996987e-01 -8.140141e-03 -3.964257e-02 1.399674e-02 4.177914e-03
2.973348e+00 -4.485470e-01 -6.667643e-01 -7.348635e-02 3.395339e-02 -2.284120e-02 -9.980623e-04
8.440290e+00 3.600503e-01 -3.721364e-01 -7.260739e-02 3.732004e-02 3.610798e-02 7.368245e-04
9.497120e+00 9.118965e-02 -1.851060e-01 2.294017e-03 8.450640e-02 4.163079e-02 -5.675212e-03
7.104001e+00 8.295692e-01 -2.480528e-02 2.120038e-01 1.367639e-03 4.573828e-02 -1.090024e-03
8.886891e+00 -2.537448e-01 -1.838342e-01 -1.942159e-02 4.595403e-02 -6.342995e-02 -6.584504e-03
3.780812e+00 -2.212341e-01 -4.964799e-01 -2.187813e-03 4.812638e-02 -2.144538e-02 6.413938e-04
3.387280e+00 1.567144e-01 1.506914e-01 -8.358235e-03 -6.109773e-02 6.353975e-02 -1.695202e-04
6.541029e+00 2.824856e-02 -5.007668e-01 -4.306046e-02 5.528171e-02 3.118475e-03 5.176667e-03
2.307535e+00 -2.705149e-01 -4.078902e-01 -8.983877e-02 4.226887e-02 -2.803294e-02 2.333782e-03
1.206914e+00 3.558369e-01 -2.407616e-01 -2.068614e-02 3.208842e-02 4.742552e-02 2.246686e-03
3.799987e+00 1.681594e-01 2.806856e-01 -7.191883e-03 -5.674763e-02 3.399764e-02 -5.299521e-03
7.105226e+00 -4.013659e-01 1.844097e-01 -3.766381e-03 -2.172026e-02 -4.727394e-02 2.184134e-03
8.463733e+00 -8.758285e-01 3.670621e-01 -1.413891e-01 -1.676349e-02 -3.999853e-02 -3.186560e-03
2.376847e+00 3.726865e-01 6.585247e-01 7.849524e-02 -3.973441e-02 2.248736e-02 1.672805e-03
7.029542e+00 -6.662309e-01 6.372964e-01 5.999543e-03 -2.553424e-02 -2.669355e-02 3.987478e-04
8.676825e+00 7.365103e-02 -2.722850e-01 -3.469283e-02 7.332837e-02 1.983477e-02 2.054756e-04
7.013520e+00 6.018150e-01 -6.331920e-02 5.323471e-02 5.759644e-03 5.474233e-02 3.325572e-03
6.223974e-01 -4.347453e-01 -3.009961e-01 5.353143e-03 3.406141e-02 -4.919677e-02 -2.197538e-03
3.573370e+00 -4.887376e-01 -1.625865e-01 -5.289427e-02 1.493538e-02 -4.489600e-02 6.604347e-04
2.714154e+00 1.797158e-01 4.217076e-01 2.827831e-02 -5.180103e-02 2.207563e-02 -4.282542e-03
5.265478e-01 -6.005078e-01 -5.303115e-01 -4.542412e-02 3.231273e-02 -3.658989e-02 -1.849560e-03
4.658808e+00 -2.885196e-01 -1.843952e-02 -4.110878e-03 4.491368e-03 -7.027558e-02 5.793127e-03
4.202727e+00 -8.536353e-02 -2.619574e-01 2.593205e-02 7.651193e-02 -2.493278e-02 2.782149e-03
6.918327e+00 -4.563186e-02 -4.859507e-01 3.489336e-03 5.213199e-02 -4.895312e-03 -4.132255e-03
4.860358e+00 1.112684e-01 -7.025922e-02 3.307074e-04 5.554729e-02 8.796936e-02 -7.835319e-03
2.784442e+00 1.322419e-01 4.652293e-02 -1.424215e-02 -3.267833e-02 9.288846e-02 -1.075585e-02
3.309019e+00 3.446180e-01 5.425005e-01 2.011247e-02 -3.960916e-02 2.516132e-02 1.097554e-03
9.899449e+00 6.212317e-02 -1.999266e-03 -3.805218e-03 5.492152e-03 1.706576e-01 4.349171e-03
6.637695e+00 -4.115477e-01 5.323569e-01 3.824174e-02 -3.512157e-02 -2.715133e-02 -3.733829e-03
8.109366e+00 1.653611e-01 -2.404277e-01 -2.348482e-02 5.378469e-02 3.699198e-02 4.564672e-03
1.400789e+00 8.769716e-02 5.384430e-01 2.679402e-03 -4.977149e-02 8.106371e-03 5.044360e-03
9.984696e+00 6.465305e-01 3.086184e-01 2.493899e-02 -2.069369e-02 4.335161e-02 5.415216e-04
3.467325e+00 -3.835377e-01 -3.240846e-01 1.852665e-02 3.857498e-02 -4.565154e-02 7.352289e-04
1.097000e+00 4.039102e-01 -9.173077e-02 -1.510705e-03 1.252468e-02 5.514883e-02 -7.181473e-03
8.869449e+00 -2.273275e-01 -9.112825e-02 -2.093676e-02 3.241094e-02 -8.085194e-02 -6.312213e-03
8.834718e+00 -1.906041e-01 1.930687e-01 4.511591e-02 -5.643330e-02 -5.571288e-02 4.524302e-03
1.147002e+00 -3.893403e-01 -2.089861e-01 2.458960e-02 3.102378e-02 -5.779718e-02 3.252999e-03
9.471167e+00 -3.055446e-01 2.712962e-01 3.238115e-02 -4.213436e-02 -4.745340e-02 7.667146e-03
4.303319e+00 -5.232422e-01 2.065507e-01 3.284821e-03 -1.836783e-02 -4.653010e-02 -3.620809e-03
8.003275e+00 4.018560e-02 7.838995e-01 -7.061094e-02 -3.863057e-02 1.980347e-03 -1.018234e-03
6.358362e+00 1.577626e-01 2.191975e-02 -2.557029e-02 -1.284774e-02 9.246875e-02 -3.302640e-03
5.525561e+00 -2.750153e-01 6.471944e-01 -2.844833e-02 -4.539556e-02 -1.929015e-02 1.035513e-03
8.315956e+00 -2.762554e-01 -9.438234e-01 -1.427256e-01 3.963777e-02 -1.160190e-02 1.214551e-04
3.209024e+00 2.950254e-02 4.619604e-02 3.439383e-03 -1.464570e-01 9.353298e-02 4.756153e-03
8.176877e+00 6.212794e-01 2.701255e-01 1.015149e-01 -1.803561e-02 4.148130e-02 2.620342e-04
6.766988e+00 7.949150e-02 3.221142e-01 -3.999669e-03 -6.055324e-02 1.494336e-02 -2.056042e-03
9.982139e+00 5.383526e-01 -5.720694e-01 -7.884251e-02 2.819939e-02 2.653737e-02 -3.512043e-03
3.843932e+00 6.623798e-01 4.596551e-01 4.179848e-02 -2.227530e-02 3.209952e-02 4.217723e-04
9.741063e+00 8.396012e-01 -4.069208e-01 1.712070e-01 1.533413e-02 3.163897e-02 -1.396200e-03
9.041583e+00 4.241128e-01 -5.204187e-01 -7.481803e-02 3.676528e-02 2.996169e-02 1.417191e-03
2.728473e+00 -5.513991e-01 -2.595069e-01 6.197400e-03 2.259051e-02 -4.800021e-02 -5.172911e-04
3.344222e+00 -1.465243e-01 5.477205e-01 3.147603e-02 -5.527454e-02 -1.478686e-02 1.318742e-03
5.005200e+00 2.259363e-01 3.254966e-01 -1.770359e-03 -5.544239e-02 3.848410e-02 -2.697410e-03
6.616529e+00 9.679547e-02 -2.109205e-01 -1.506550e-02 7.385557e-02 3.389374e-02 -3.184006e-03
9.940465e+00 -6.860202e-01 8.799772e-02 -5.707771e-02 -6.594466e-03 -5.140971e-02 -1.378920e-03
4.855613e+00 1.627173e-01 5.912937e-01 -4.062614e-02 -4.176569e-02 1.149345e-02 -1.067543e-03
5.952206e+00 -8.524963e-02 -5.113440e-01 3.169388e-02 4.747849e-02 -7.915462e-03 3.614581e-03
8.625648e+00 -3.137628e-01 -2.341042e-01 -5.263170e-02 3.343803e-02 -4.481598e-02 -9.569453e-04
3.681175e+00 4.065308e-01 -3.372128e-01 -4.531944e-02 3.019132e-02 3.639749e-02 -6.058128e-04
3.541651e+00 6.717817e-02 5.801249e-01 -1.452240e-02 -5.372124e-02 6.220892e-03 1.760584e-03
9.186765e+00 -4.148459e-01 -1.796610e-01 -7.603165e-03 2.492579e-02 -5.755485e-02 -1.109692e-03
3.947018e+00 -4.711536e-02 1.614191e-02 5.674837e-04 -6.133429e-02 -1.790239e-01 -5.843040e-03
2.409051e+00 3.432568e-01 3.158523e-01 4.343854e-02 -4.021696e-02 4.370634e-02 2.178361e-03
6.217426e+00 -2.405038e-01 6.531438e-01 2.482568e-02 -4.063067e-02 -1.496123e-02 -2.656737e-04
3.982215e+00 1.490336e-01 1.115856e-01 1.872668e-02 -4.685890e-02 6.258473e-02 -7.276078e-04
5.906311e-01 2.911856e-02 5.900744e-02 4.026071e-04 -1.187422e-01 5.859603e-02 -4.999198e-03
4.887358e+00 -3.726479e-01 7.950096e-02 1.169227e-03 -1.275574e-02 -5.979045e-02 1.408217e-03
3.326824e+00 -1.408217e-02 2.800276e-01 -1.132222e-01 -6.676917e-02 -3.357723e-03 2.585364e-04
4.858940e+00 3.102324e-01 -2.226401e-03 2.763502e-02 5.478668e-04 7.634117e-02 2.312830e-03
5.969707e+00 8.690172e-01 -4.672420e-01 2.992252e-02 1.838622e-02 3.419629e-02 -1.120983e-03
5.226256e+00 -2.957301e-01 9.282273e-02 7.141782e-02 -2.248365e-02 -7.163215e-02 3.616490e-03
3.861610e+00 2.561358e-02 -4.370255e-02 -5.908195e-03 1.473294e-01 8.634813e-02 -5.619373e-03
5.329910e+00 1.214689e-01 -8.359110e-02 -1.605733e-02 5.358153e-02 7.786101e-02 -8.775520e-03
6.372336e+00 -8.008820e-01 1.242876e-01 4.225485e-02 -6.261770e-03 -4.034948e-02 -1.279057e-03
4.728736e+00 -2.541239e-01 -2.466926e-01 -3.163118e-02 5.019273e-02 -5.170474e-02 3.278106e-03
5.949206e-01 -6.595829e-01 -7.227961e-01 8.971124e-02 2.783303e-02 -2.539885e-02 8.928503e-04
5.722244e+00 -6.363658e-01 3.923570e-01 -1.741556e-01 -2.561800e-02 -4.154996e-02 -4.609892e-03
6.616150e+00 -2.695455e-01 2.440064e-01 -2.311742e-02 -4.652902e-02 -5.139901e-02 -1.498281e-03
9.713528e+00 1.007994e-01 1.290590e-02 -7.292086e-03 -1.510285e-02 1.179583e-01 -5.069824e-03
3.185983e+00 -7.511461e-03 -2.738765e-02 9.862979e-04 2.485507e-01 -6.816864e-02 -2.974843e-02
1.232251e+00 7.858334e-01 -5.645809e-01 2.766033e-02 2.423798e-02 3.373655e-02 6.034781e-04
7.299629e+00 4.719322e-01 7.282152e-01 -1.197396e-01 -3.551000e-02 2.301286e-02 1.282461e-04
8.278434e+00 9.358624e-01 -1.772018e-01 1.280592e-01 7.951643e-03 4.199530e-02 -3.318194e-03
1.307433e+00 -5.163078e-01 -3.915451e-01 -3.196469e-03 2.612468e-02 -3.444910e-02 1.202130e-03
8.114233e+00 8.308167e-02 -9.832888e-01 3.548561e-02 3.618360e-02 3.057285e-03 -2.564294e-04
7.949371e-01 1.210874e-02 -3.523431e-02 -1.613034e-03 1.806551e-01 6.208451e-02 -2.515452e-03
1.225263e+00 7.070604e-02 -1.181213e-01 5.064580e-03 7.884601e-02 4.719629e-02 4.963916e-03
5.671676e+00 5.806483e-01 1.241396e-01 2.387705e-02 -9.246259e-03 4.324826e-02 -7.347971e-05
8.067175e+00 7.591180e-01 -3.306866e-01 1.261986e-02 1.851410e-02 4.250061e-02 4.004519e-04
9.117679e+00 9.031809e-01 3.267281e-01 1.465445e-02 -1.289145e-02 3.563608e-02 9.342759e-04
5.293059e+00 -3.799798e-02 2.319425e-02 7.623142e-03 -1.072773e-01 -1.757470e-01 -1.659393e-02
3.550544e+00 -2.743942e-01 -4.954896e-01 -4.241589e-02 4.284894e-02 -2.372905e-02 -4.416140e-03
3.286703e+00 -7.389933e-02 8.671041e-01 -7.273129e-02 -4.173016e-02 -3.556472e-03 3.508065e-03
1.421655e+00 -1.536293e-01 4.354254e-01 -2.123142e-02 -4.690644e-02 -1.654981e-02 -7.709489e-04
4.572103e+00 -9.218552e-01 -3.159040e-01 -1.766357e-01 1.110813e-02 -3.241519e-02 8.454185e-04
7.610849e+00 -1.069117e-01 -5.059444e-01 -5.765455e-02 5.649180e-02 -1.193735e-02 5.615180e-04
9.553068e+00 -6.986464e-02 1.453132e-01 1.500588e-02 -7.685498e-02 -3.695084e-02 -5.524728e-04
1.397343e+00 3.182236e-01 -6.892573e-01 2.632744e-03 4.420002e-02 2.040673e-02 -2.485667e-03
2.821521e+00 -1.982538e-01 -4.437322e-01 7.689795e-03 4.781063e-02 -2.136117e-02 -4.170259e-03
8.737881e+00 1.423657e-01 -1.851002e-01 -1.182326e-02 6.834704e-02 5.256759e-02 -4.686617e-03
3.938872e+00 1.281715e-01 -2.499801e-01 -1.677204e-02 6.606032e-02 3.387089e-02 4.344984e-03
8.681050e+00 9.924048e-02 -6.095856e-01 1.688341e-02 4.672076e-02 7.606137e-03 -3.536087e-05
7.401935e+00 3.055680e-01 2.432708e-01 3.549701e-02 -4.303915e-02 5.406067e-02 2.205291e-03
7.222708e+00 -2.060986e-01 2.364322e-01 -6.297405e-02 -5.137219e-02 -4.478128e-02 4.463240e-03
3.724203e+00 -7.834314e-03 9.706234e-03 -1.933109e-03 -2.894586e-01 -2.336343e-01 1.908452e-03
7.108317e+00 3.756156e-02 -6.802110e-01 1.754994e-01 4.090281e-02 2.258672e-03 -3.194451e-03
1.959832e+00 5.441297e-02 1.506761e-02 -7.454533e-03 -4.154716e-02 1.500374e-01 1.720890e-03
9.510375e+00 -8.834787e-01 3.956713e-01 6.841617e-02 -1.475968e-02 -3.295630e-02 2.565880e-03
8.374929e+00 2.309856e-01 -1.669886e-01 1.873946e-02 4.190935e-02 5.797077e-02 -2.957835e-03
7.096619e+00 4.252017e-02 -1.956111e-01 7.933911e-03 8.484896e-02 1.844370e-02 -2.790130e-03
8.698436e+00 -1.106675e-01 -3.224276e-01 1.438145e-02 6.270607e-02 -2.152273e-02 -7.152282e-03
4.283987e+00 3.194984e-02 5.537051e-02 -1.904736e-03 -1.491481e-01 8.606130e-02 2.935485e-03
5.676232e+00 -6.465521e-01 6.992356e-02 3.590017e-02 -5.163882e-03 -4.774812e-02 9.635086e-04
8.048071e+00 9.034111e-04 8.884163e-01 8.630713e-02 -4.185989e-02 4.256640e-05 -1.268442e-03
1.374043e+00 6.358072e-02 -6.380517e-02 -9.054957e-03 9.472453e-02 9.439132e-02 1.137240e-02
2.568971e+00 -7.946045e-02 -7.172430e-01 -3.009833e-02 5.032434e-02 -5.575230e-03 8.066092e-04
3.614162e+00 -3.078194e-01 -7.376865e-01 -9.240148e-02 4.449936e-02 -1.856854e-02 -6.514920e-04
2.832994e+00 1.073075e-01 6.206429e-01 -2.507257e-02 -4.604273e-02 7.960668e-03 2.684382e-03
4.211203e+00 -3.242923e-01 8.824259e-01 3.609524e-02 -4.114930e-02 -1.512240e-02 -1.560757e-03
1.513574e+00 1.324545e-01 -1.875278e-02 -1.582712e-02 1.677163e-02 1.184613e-01 3.223586e-03
8.844479e+00 4.102850e-01 -4.449336e-01 -8.387810e-03 3.433663e-02 3.166271e-02 -3.492118e-03
7.769914e+00 4.638907e-01 7.392023e-01 2.861210e-02 -3.973784e-02 2.493771e-02 2.354894e-03
6.447122e+00 2.854236e-01 -2.002238e-02 2.576473e-03 4.750810e-03 6.772388e-02 -5.986592e-03
9.826542e+00 8.206743e-02 -7.611626e-02 3.843153e-03 8.469397e-02 9.131579e-02 -3.888468e-03
7.520901e-01 -2.938200e-01 3.198669e-01 2.854797e-03 -4.324736e-02 -3.972572e-02 -7.054050e-04
9.694449e+00 2.117076e-01 9.375989e-01 5.254242e-04 -3.863270e-02 8.723174e-03 -4.112009e-04
2.108667e+00 -5.308132e-01 5.901927e-02 -1.006700e-01 -6.010020e-03 -5.405350e-02 -2.078988e-03
1.017380e+00 2.344569e-01 1.034441e-01 -1.222561e-02 -3.015820e-02 6.835381e-02 -1.076951e-03
8.583025e+00 1.370887e-01 -2.917319e-02 -3.300493e-02 2.145084e-02 1.008004e-01 -3.146104e-03
9.253442e+00 3.749732e-01 -7.350444e-01 4.062512e-02 3.596618e-02 1.834767e-02 1.035152e-03
8.933683e+00 1.113441e-01 1.090021e-01 -1.771737e-02 -7.567958e-02 7.730561e-02 4.783920e-03
8.688176e+00 -6.482376e-01 2.972785e-01 2.504467e-02 -1.706707e-02 -3.721601e-02 2.034368e-03
1.956026e+00 -2.749635e-02 -1.052604e-02 3.958142e-03 7.013438e-02 -1.832066e-01 2.723589e-03
2.827845e+00 -4.264884e-02 -8.253696e-02 2.578976e-03 1.225287e-01 -6.331355e-02 -2.727564e-04
2.579410e+00 2.042783e-01 -4.204459e-02 1.948719e-02 1.893849e-02 9.201475e-02 2.086681e-03
9.554587e+00 -3.185146e-01 -9.726905e-02 1.182957e-02 1.725728e-02 -5.651024e-02 -2.361786e-03
8.665759e+00 2.437079e-01 -7.335507e-01 6.134696e-02 4.491960e-02 1.492366e-02 2.261180e-03
1.401134e+00 1.882283e-01 1.133544e-01 3.893619e-02 -4.161224e-02 6.909835e-02 3.526720e-03
8.884044e-01 -1.483001e-01 -8.906901e-02 -1.680420e-02 5.307674e-02 -8.837290e-02 -4.057520e-03
5.503240e+00 2.405003e-01 3.175955e-01 1.158753e-02 -5.014215e-02 3.797032e-02 -2.221771e-03
7.325494e+00 -6.243243e-02 6.896424e-02 -8.449565e-03 -8.539093e-02 -7.730330e-02 -1.668573e-03
6.634443e-01 -3.754805e-01 -1.358796e-01 -1.677551e-02 2.246062e-02 -6.206618e-02 1.186573e-04
7.142141e+00 7.146239e-01 4.323027e-01 2.798969e-02 -2.198674e-02 3.634547e-02 2.595849e-04
8.116554e+00 2.591287e-01 9.575550e-01 4.504493e-02 -3.515154e-02 9.512533e-03 6.788976e-04
8.085383e+00 5.282037e-01 3.358605e-02 -6.839994e-02 -3.404385e-03 5.354035e-02 7.177228e-04
5.658797e+00 1.703665e-01 -5.744855e-02 -1.196043e-02 2.871549e-02 8.515722e-02 4.185071e-03
7.424039e+00 -3.229614e-01 -2.890660e-01 -5.750690e-02 3.840424e-02 -4.290747e-02 1.058784e-03
4.431915e+00 -1.673608e-02 2.007064e-02 7.180723e-04 -1.852483e-01 -1.544709e-01 -2.081445e-03
1.869990e+00 -9.342684e-02 6.089569e-01 2.747286e-02 -4.731153e-02 -7.258587e-03 -3.788738e-03
6.961344e+00 2.446199e-01 -1.742202e-01 3.451262e-02 4.075256e-02 5.722003e-02 -6.189267e-03
1.826928e+00 -4.331791e-01 -1.479900e-01 6.490896e-02 1.663774e-02 -4.870003e-02 -1.044389e-03
8.382294e+00 3.632484e-01 -3.404071e-01 -6.375147e-02 3.567132e-02 3.806487e-02 1.266309e-03
6.091586e+00 -8.649501e-02 6.015085e-01 2.473975e-02 -4.862255e-02 -6.991768e-03 -1.586780e-03
1.209877e+00 1.020823e-01 3.559858e-01 6.201054e-02 -5.740351e-02 1.646099e-02 -1.132150e-03
8.051435e+00 -8.681995e-02 -8.095374e-02 1.127521e-02 8.097102e-02 -8.683849e-02 1.013041e-02
9.576035e-01 -9.743948e-02 -8.193396e-02 -2.167514e-03 7.105531e-02 -8.450212e-02 3.183635e-04
3.471453e+00 2.321048e-03 2.008500e-01 -9.353273e-03 -8.024882e-02 9.273652e-04 3.751856e-03
8.176687e-01 -3.502696e-02 -1.640612e-02 2.684155e-03 7.998171e-02 -1.707604e-01 -6.790758e-03
1.641506e+00 5.519441e-01 -6.525298e-01 1.422919e-01 2.853001e-02 2.413219e-02 4.928497e-04
7.937111e+00 -3.981851e-01 -1.650935e-01 1.281621e-03 1.995399e-02 -4.812657e-02 6.165240e-06
3.800696e+00 5.859381e-02 -1.467514e-01 4.434864e-03 9.710454e-02 3.877118e-02 4.683133e-03
2.089179e+00 -4.888300e-01 -8.101909e-02 -6.221261e-02 8.577696e-03 -5.175367e-02 -4.564644e-03
2.451992e+00 -3.012746e-01 4.673885e-01 -4.263094e-02 -4.057436e-02 -2.615388e-02 4.971463e-03
6.964755e+00 -3.010262e-01 -7.316862e-01 -4.677593e-02 4.111826e-02 -1.691664e-02 4.207687e-03
3.740163e+00 -7.465950e-01 -1.142619e-01 2.712693e-02 7.054947e-03 -4.609749e-02 4.941881e-03
9.556236e+00 -4.575988e-01 -1.213835e-01 -5.060223e-02 1.479360e-02 -5.576977e-02 6.417243e-04
4.953605e+00 1.037957e-01 4.681012e-02 1.187591e-02 -4.300047e-02 9.534824e-02 -4.857888e-03
7.958647e+00 1.625765e-02 -5.139120e-02 -1.838458e-03 1.684769e-01 5.329781e-02 7.877369e-03
5.756101e+00 6.405290e-02 -5.291153e-01 2.441978e-02 5.405856e-02 6.544145e-03 1.557199e-03
5.033068e+00 -2.226445e-02 -7.900062e-01 -2.663412e-02 4.449770e-02 -1.254062e-03 -8.695501e-04
9.640512e+00 8.365819e-01 2.592092e-01 -2.404808e-02 -1.221267e-02 3.941566e-02 -2.022911e-03
1.386989e+00 -7.715068e-03 -5.465574e-01 -6.541367e-02 5.097965e-02 -7.196161e-04 -1.183772e-03
1.493687e+00 2.108784e-01 -5.951816e-01 -6.502791e-03 5.109115e-02 1.810207e-02 2.446264e-03
9.111751e+00 -6.090579e-01 -1.539455e-01 5.629528e-03 1.346771e-02 -5.328261e-02 -2.382709e-03
5.557271e+00 3.396921e-02 -1.514652e-02 1.084395e-03 7.398099e-02 1.659177e-01 -1.350221e-03
2.051117e+00 -5.107656e-01 -7.027916e-02 -6.389852e-02 7.869802e-03 -5.719511e-02 -3.807510e-03
9.338549e+00 7.941883e-01 5.982800e-01 -1.756033e-01 -2.350533e-02 3.120221e-02 5.609262e-04
7.694251e+00 6.143625e-01 1.389425e-01 -5.113416e-02 -1.116017e-02 4.934697e-02 -2.889759e-03
6.133971e+00 3.830081e-01 6.521322e-01 -6.488197e-03 -3.569999e-02 2.096720e-02 4.685574e-04
6.222377e+00 1.714147e-01 1.741236e-01 3.698829e-02 -5.816955e-02 5.726456e-02 1.243444e-03
9.414144e+00 3.964527e-01 -7.164536e-02 4.076638e-02 1.175840e-02 6.506562e-02 -1.254240e-03
7.981173e+00 1.936520e-01 -5.225351e-03 1.430858e-02 2.355522e-03 8.729584e-02 1.612686e-03
8.748431e+00 9.776774e-02 1.733317e-01 -4.394850e-03 -8.469847e-02 4.777417e-02 -3.662832e-03
5.924042e+00 6.986223e-02 -4.350247e-01 -1.893236e-02 5.641149e-02 9.059329e-03 3.008930e-03
7.159173e+00 2.005952e-02 1.026996e-01 -7.697168e-04 -1.286287e-01 2.512406e-02 1.354052e-03
6.206785e+00 5.719549e-01 -6.762020e-01 -4.774497e-03 2.801284e-02 2.369422e-02 -2.779775e-03
9.420104e+00 3.873072e-01 3.905990e-01 -7.850027e-02 -4.083923e-02 4.049505e-02 7.205373e-04
2.596974e+00 -2.669063e-02 -7.650854e-02 -1.050169e-02 1.425349e-01 -4.972447e-02 -4.730114e-03
9.517436e+00 -3.747668e-01 -2.860454e-01 -7.687910e-03 3.789289e-02 -4.964594e-02 -5.141422e-03
3.417675e+00 -2.272503e-01 4.239513e-01 -3.929273e-02 -5.202712e-02 -2.788806e-02 -5.492735e-04
5.640821e+00 -4.040892e-01 -3.621010e-01 1.213193e-01 3.886778e-02 -4.337478e-02 2.834664e-03
8.600948e+00 -6.161315e-01 7.451434e-02 4.611170e-02 -6.165682e-03 -5.098174e-02 2.749903e-03
9.525294e+00 1.217436e-01 -9.139221e-01 3.053132e-02 3.770827e-02 5.023121e-03 -5.479564e-04
8.276247e+00 1.385527e-01 1.629338e-01 -6.051479e-04 -5.988740e-02 5.092596e-02 1.220276e-03
3.269356e+00 -8.654893e-01 4.975769e-01 4.255788e-02 -1.988227e-02 -3.458339e-02 9.761363e-04
3.008425e+00 -1.019011e-01 -1.132638e-01 1.360245e-02 6.521817e-02 -5.867545e-02 -3.452602e-03
8.575541e-01 -1.389970e-01 2.744662e-02 -2.557555e-02 -2.115222e-02 -1.071205e-01 -5.491569e-05
8.535218e+00 7.023731e-03 4.783645e-01 3.167494e-02 -5.585646e-02 8.201294e-04 -5.615067e-03
4.027558e+00 -3.973568e-02 5.675026e-01 -7.635248e-02 -5.697671e-02 -3.989424e-03 2.969992e-04
2.034921e+00 -9.201977e-01 3.218650e-02 1.362361e-01 -1.400309e-03 -4.003421e-02 -2.185485e-04
1.600116e+00 -1.497410e-04 -2.292446e-02 2.396534e-03 2.795845e-01 -1.826227e-03 -2.329846e-02
1.122794e+00 -1.149493e-01 -2.634780e-01 -1.579907e-02 7.517684e-02 -3.279790e-02 -1.595427e-03
3.218573e+00 -6.762522e-01 -1.925750e-01 -7.146833e-02 1.365544e-02 -4.795284e-02 -2.201223e-03
2.677934e+00 8.111666e-02 -2.696966e-01 -1.465797e-02 6.123871e-02 1.841877e-02 5.663658e-03
5.852199e+00 -6.167217e-01 7.034622e-01 -8.191460e-02 -2.887554e-02 -2.531504e-02 1.064066e-03
4.092691e+00 -2.866978e-01 -4.087741e-02 7.422890e-03 1.008688e-02 -7.074533e-02 1.618773e-03
8.255208e+00 8.609266e-01 -1.453721e-01 5.957989e-02 7.457720e-03 4.416632e-02 3.619301e-04
6.539360e+00 2.151133e-02 -4.537611e-02 8.656383e-03 1.743259e-01 8.264217e-02 -1.336202e-02
9.832054e+00 1.378132e-01 -4.707774e-01 2.500261e-02 5.095797e-02 1.491720e-02 2.214659e-04
8.067744e+00 -7.345668e-01 -3.207224e-01 1.232171e-01 1.693275e-02 -3.878194e-02 -3.397556e-03
2.086164e+00 -9.571293e-01 -1.750709e-01 1.133376e-02 6.475469e-03 -3.540201e-02 -2.106931e-03
7.368196e-01 -8.200382e-02 -1.498322e-01 -6.035526e-03 7.270727e-02 -3.979300e-02 -2.531626e-03
5.751716e+00 8.793371e-02 -2.400612e-01 5.931083e-02 7.086509e-02 2.595767e-02 -4.510278e-03
4.740993e+00 6.142166e-01 -7.279310e-01 -8.336685e-02 2.998728e-02 2.530279e-02 -2.557673e-03
4.016916e+00 -4.869613e-01 -7.931376e-01 -7.110729e-02 3.057083e-02 -1.876952e-02 2.935664e-05
1.421617e+00 -5.705720e-01 -4.445907e-01 -6.846484e-02 2.536852e-02 -3.255705e-02 2.382091e-04
9.617474e+00 -9.286491e-02 -6.980336e-02 -1.048492e-02 6.264583e-02 -8.334268e-02 -9.677329e-03
7.997897e+00 -2.359303e-01 -7.863295e-02 7.709631e-03 2.359712e-02 -7.080080e-02 -4.343147e-03
6.313882e+00 7.167295e-01 -3.429731e-01 1.236322e-01 1.922854e-02 4.018292e-02 -1.223382e-03
1.374574e+00 1.858430e-01 -1.517891e-01 -1.812726e-02 4.512405e-02 5.524764e-02 -1.594322e-03
4.468092e+00 6.450717e-01 -6.751177e-01 -1.616194e-03 2.608819e-02 2.492714e-02 -9.783572e-04
7.869746e+00 4.081840e-01 -6.105441e-01 -3.531432e-02 3.724490e-02 2.490037e-02 4.513843e-04
9.036835e+00 2.770811e-01 1.021080e-01 -5.071701e-02 -2.539284e-02 6.890626e-02 -1.796068e-03
2.991230e+00 5.673660e-01 7.323404e-01 1.755497e-01 -3.579163e-02 2.772885e-02 -6.611848e-04
1.464745e+00 6.231444e-03 1.129641e-01 -1.186754e-02 -1.234248e-01 6.808487e-03 4.496694e-04
8.114420e+00 2.767835e-02 5.342377e-01 -2.793230e-02 -5.222067e-02 2.705504e-03 3.258366e-03
1.535892e+00 -9.015321e-01 -4.310643e-01 -4.803155e-02 1.463394e-02 -3.060557e-02 2.174970e-03
2.498140e+00 -2.065525e-01 -8.499274e-01 3.581204e-02 4.069125e-02 -9.888940e-03 -1.741091e-03
9.016813e+00 -8.614645e-01 -4.693432e-01 -1.990473e-02 1.792984e-02 -3.290966e-02 -5.360437e-04
8.256154e+00 1.078151e-01 -3.600876e-01 -1.621680e-02 5.564133e-02 1.665977e-02 3.601545e-04
7.209848e-01 -3.583212e-02 -1.927180e-01 7.603191e-03 8.968796e-02 -1.667571e-02 3.195038e-03
6.190729e+00 5.691522e-01 4.971573e-01 -6.727396e-02 -2.735530e-02 3.131670e-02 -1.887717e-03
3.629013e+00 3.978457e-03 -4.136343e-02 -1.511769e-03 1.859237e-01 1.788269e-02 -8.622243e-03
5.002410e+00 -6.812069e-01 -4.730592e-01 -2.565254e-02 2.456942e-02 -3.538005e-02 9.503239e-04
5.238211e+00 -4.021731e-01 -8.832295e-01 -6.839431e-03 3.859042e-02 -1.757191e-02 -3.491063e-04
9.638063e+00 2.559725e-01 -5.381353e-01 6.136434e-03 4.062685e-02 1.932480e-02 -1.992248e-05
2.384758e+00 -5.015290e-01 1.895323e-01 4.017758e-02 -1.842094e-02 -4.874439e-02 3.722323e-04
7.807806e+00 -9.446395e-02 -5.072654e-01 4.681750e-02 5.950875e-02 -1.108183e-02 2.959785e-04
5.212347e+00 2.686293e-01 9.023064e-01 -2.404265e-02 -3.757462e-02 1.118649e-02 -1.331809e-03
4.607291e+00 -7.551369e-01 -3.126965e-01 -3.378069e-02 1.713919e-02 -4.138977e-02 3.074521e-03
3.650900e+00 1.665514e-01 2.244636e-01 2.363975e-02 -6.318536e-02 4.688337e-02 6.265406e-04
9.682878e+00 5.594316e-01 1.674366e-02 -9.296062e-02 -1.617540e-03 5.404452e-02 -1.991157e-04
7.543097e+00 1.262216e-01 6.902663e-01 4.707013e-02 -4.391481e-02 8.030230e-03 -9.470987e-04
8.155798e+00 -1.188804e-02 -4.433410e-03 4.408030e-05 1.329223e-01 -3.564266e-01 -2.295727e-02
9.803957e+00 -1.283876e-01 -1.954873e-01 1.149017e-02 6.633512e-02 -4.356604e-02 1.098094e-03
5.171695e+00 2.578748e-01 8.100110e-01 8.130399e-02 -4.143922e-02 1.319257e-02 -2.911386e-03
8.536843e+00 1.652091e-01 1.545149e-01 1.688080e-02 -5.534230e-02 5.917261e-02 5.818876e-03
8.319778e-01 -1.409750e-03 9.627116e-03 -4.160053e-04 -3.773219e-01 -5.525325e-02 -1.406518e-05
4.723359e+00 -4.864047e-01 2.488300e-02 -1.792000e-02 -2.965664e-03 -5.797182e-02 -1.085251e-03
1.477487e+00 -5.420844e-02 -4.888348e-01 -5.834572e-02 6.057744e-02 -6.717624e-03 1.396339e-03
7.633947e+00 2.646661e-01 -2.670762e-01 -5.868175e-02 4.128899e-02 4.091638e-02 -1.007391e-03
4.526917e+00 -1.907246e-02 -8.104263e-02 -1.646313e-03 1.333320e-01 -3.137816e-02 1.646217e-03
2.842424e+00 -4.183158e-01 -5.223941e-01 1.008757e-01 3.833880e-02 -3.070044e-02 5.972805e-04
7.599697e+00 -9.812059e-02 3.038542e-01 7.796691e-03 -6.970348e-02 -2.250865e-02 1.638778e-03
8.438506e+00 -1.584824e-01 2.641303e-01 -7.005638e-02 -5.383287e-02 -3.230059e-02 -7.355790e-04
2.078673e+00 1.530620e-01 -2.076503e-01 -2.255811e-02 5.564215e-02 4.101462e-02 3.827101e-03
5.142288e+00 -7.892591e-01 -2.325676e-02 -1.305752e-02 1.131220e-03 -3.838994e-02 -1.069909e-03
8.503411e+00 -2.364465e-02 3.270572e-01 -8.378330e-03 -7.564862e-02 -5.469029e-03 -2.365040e-04
2.203783e+00 -2.758598e-01 -5.944042e-01 7.844593e-02 4.171549e-02 -1.935994e-02 -2.865879e-03
8.596342e+00 -1.448714e-01 3.415295e-01 3.275086e-02 -5.416158e-02 -2.297449e-02 2.773185e-03
1.707702e+00 1.611718e-01 3.918549e-01 -2.724597e-02 -6.005509e-02 2.470095e-02 2.766593e-03
7.313877e+00 3.008183e-01 -2.885883e-01 2.673241e-02 3.847000e-02 4.010030e-02 2.032402e-03
8.304549e+00 -5.980732e-01 4.440843e-01 -1.058549e-01 -2.822985e-02 -3.801872e-02 1.176962e-03
5.022860e+00 -5.065941e-02 -2.179014e-02 -6.665449e-04 6.504905e-02 -1.512311e-01 1.563651e-03
7.720221e+00 -5.986189e-01 -7.917056e-01 2.154979e-01 3.314573e-02 -2.506192e-02 1.725148e-03
2.369927e+00 -2.469241e-02 -2.028092e-02 2.310076e-05 1.215689e-01 -1.480124e-01 -1.580324e-02
7.606617e+00 -1.598073e-01 6.370458e-01 -1.179775e-01 -5.072910e-02 -1.272574e-02 -6.219113e-03
9.760945e+00 -2.915174e-01 -3.655225e-02 5.064965e-02 8.354107e-03 -6.662702e-02 -2.876866e-03
8.680041e+00 2.978023e-01 5.321696e-01 2.375156e-02 -3.835440e-02 2.146313e-02 1.764510e-03
7.935994e+00 3.522202e-01 -7.340004e-01 -5.244311e-03 4.349905e-02 2.087362e-02 1.039943e-03
5.831029e+00 1.751638e-01 -1.634277e-02 1.794509e-02 7.788322e-03 8.347619e-02 -2.483820e-03
2.986828e+00 2.122735e-01 -1.074098e-01 -2.566509e-02 4.061738e-02 8.027193e-02 -8.407263e-03
4.201027e+00 -4.014344e-01 -8.625898e-02 2.939077e-02 1.234942e-02 -5.747205e-02 1.292062e-03
9.350453e+00 9.958992e-02 3.149111e-01 1.589812e-02 -5.755196e-02 1.820068e-02 5.479804e-03
5.777102e+00 3.872633e-02 1.877944e-01 -1.787877e-02 -8.420557e-02 1.736459e-02 -1.899990e-03
9.165938e+00 -1.390898e-03 -1.830930e-02 -1.416645e-03 3.158537e-01 -2.399438e-02 -3.253907e-06
9.317950e+00 1.527784e-01 -2.179898e-01 2.030017e-02 5.525786e-02 3.872753e-02 -3.316129e-03
8.416590e+00 6.327661e-01 3.972769e-01 -1.106219e-01 -2.321118e-02 3.696980e-02 1.226358e-03
7.426771e+00 -2.316712e-01 -2.321558e-03 -9.768145e-03 8.282102e-04 -8.264816e-02 -1.319731e-03
8.600672e+00 6.647660e-01 -4.029554e-01 8.633697e-02 2.216942e-02 3.657346e-02 -3.236564e-04
1.858840e+00 4.458008e-01 -7.919295e-01 9.492187e-02 3.692775e-02 2.078774e-02 -1.638002e-03
1.799683e+00 -8.384027e-01 4.334582e-01 -2.311107e-02 -1.658596e-02 -3.208088e-02 -1.647059e-03
6.137918e-01 3.946240e-01 -4.733634e-01 3.843760e-02 4.266931e-02 3.557168e-02 -1.350351e-03
4.261777e+00 4.189189e-01 -8.728601e-03 1.690455e-02 1.138445e-03 5.463835e-02 8.467746e-04
7.193002e+00 -9.858938e-02 3.639728e-01 7.107463e-02 -5.484316e-02 -1.485538e-02 -6.949183e-04
8.818538e+00 1.686109e-01 5.255712e-01 -1.326118e-02 -5.170462e-02 1.658760e-02 -1.331384e-03
4.124185e+00 -4.277598e-01 -7.882365e-01 2.369938e-01 3.336051e-02 -1.810407e-02 4.685761e-04
6.783693e+00 5.017801e-01 9.246558e-02 -1.879521e-02 -1.117738e-02 6.065595e-02 -2.660186e-03
4.065170e+00 -3.436213e-01 -1.562138e-01 4.159202e-02 2.906730e-02 -6.393893e-02 -6.679128e-04
7.963612e+00 1.228013e-01 6.186617e-02 -2.283133e-02 -4.702808e-02 9.334839e-02 -6.983940e-03
8.584158e+00 -5.033790e-01 -3.490881e-01 2.297199e-02 2.790069e-02 -4.023232e-02 -3.343299e-03
3.882844e+00 -5.850950e-02 6.865578e-01 -6.653693e-02 -4.338052e-02 -3.696954e-03 -6.056985e-04
5.839292e-01 7.987211e-01 -4.222739e-01 -3.023146e-02 2.067170e-02 3.910003e-02 -2.937411e-04
8.474985e+00 -1.759071e-02 4.355424e-02 1.137159e-02 -1.640260e-01 -6.624691e-02 1.320031e-03
9.662367e+00 -2.147524e-01 -7.818225e-01 2.853882e-03 4.047268e-02 -1.111711e-02 -1.338149e-03
1.537374e+00 -4.517337e-01 -1.503658e-01 8.300843e-02 1.880833e-02 -5.650461e-02 -2.276127e-04
3.260436e+00 1.697165e-01 9.037632e-01 4.472272e-02 -3.901587e-02 7.326740e-03 -1.678263e-03
4.043318e+00 -3.397158e-01 1.843514e-01 -4.604704e-02 -2.903887e-02 -5.351172e-02 4.416929e-04
9.959173e+00 1.780141e-01 2.035863e-01 -4.362309e-02 -4.885265e-02 4.271635e-02 6.901837e-03
5.416005e+00 -8.392075e-01 -3.777576e-01 -5.604994e-02 1.499604e-02 -3.331446e-02 -9.780748e-04
6.205109e+00 -9.382350e-01 -2.704139e-01 -1.042133e-01 1.070084e-02 -3.712791e-02 4.908854e-03
2.436158e+00 -4.094724e-01 -1.027162e-01 -2.606544e-02 1.541662e-02 -6.145752e-02 2.198545e-03
6.964636e+00 -5.139420e-01 -2.490979e-01 2.269785e-02 2.026527e-02 -4.181156e-02 -2.929797e-03
8.031360e-01 -4.746854e-01 -6.189731e-01 -1.195555e-02 3.486001e-02 -2.673385e-02 -2.003883e-03
5.935743e+00 -1.588200e-02 -3.493243e-02 1.599645e-04 1.847909e-01 -8.401500e-02 8.152641e-03
9.607356e-01 8.578396e-01 -3.671057e-01 1.113851e-01 1.413742e-02 3.303583e-02 -3.195291e-03
1.506477e+00 -3.762311e-02 4.654625e-02 -1.055308e-04 -1.280250e-01 -1.034820e-01 2.795446e-03
4.696395e+00 4.424591e-02 -2.496956e-01 1.697471e-02 8.000786e-02 1.417734e-02 3.185275e-03
3.260605e+00 -3.366718e-01 -1.124483e-01 -3.349788e-02 2.196377e-02 -6.575987e-02 -1.203654e-03
8.040666e+00 1.206267e-01 2.853335e-01 -5.092123e-02 -5.651757e-02 2.389319e-02 3.344770e-03
9.364411e+00 -1.281476e-02 -6.638279e-02 -1.031367e-02 1.543402e-01 -2.979436e-02 -7.233815e-03
9.911468e+00 2.803374e-02 3.603478e-01 -3.824692e-02 -6.421772e-02 4.995904e-03 -1.610845e-03
7.191946e+00 -1.164076e-02 4.733494e-03 8.525621e-04 -1.214360e-01 -2.986393e-01 -2.759770e-03
1.784764e+00 -1.975916e-01 -1.820771e-01 1.382129e-02 4.953123e-02 -5.375171e-02 -1.147838e-03
6.396702e-01 -2.571894e-01 -6.052605e-01 4.562399e-02 4.418157e-02 -1.877378e-02 3.339666e-04
9.245949e+00 3.145943e-01 8.519908e-01 -8.338845e-02 -4.240562e-02 1.565811e-02 -1.838660e-03
4.815949e+00 1.633215e-01 4.701791e-03 -5.626389e-03 -2.496180e-03 8.670733e-02 2.442040e-03
3.907591e+00 -4.852738e-01 3.110653e-01 2.764032e-02 -3.130261e-02 -4.883327e-02 -7.315699e-04
5.376260e+00 -1.938814e-01 2.488369e-01 8.762446e-03 -4.748684e-02 -3.699939e-02 -3.682896e-04
3.498850e+00 9.787042e-02 4.460704e-02 9.658182e-03 -5.514099e-02 1.209825e-01 -7.771351e-03
6.785966e+00 2.834213e-02 -4.030286e-01 6.784674e-02 6.384757e-02 4.489945e-03 -3.934790e-03
7.261699e+00 -9.675913e-02 2.240862e-01 -3.858162e-02 -6.781176e-02 -2.928073e-02 -6.303939e-07
8.564934e-01 -1.831046e-01 4.546050e-01 7.607066e-02 -4.514959e-02 -1.818523e-02 -2.775166e-03
9.947210e-01 8.728421e-01 2.806215e-01 1.305718e-01 -1.178121e-02 3.664415e-02 9.958491e-04
2.829611e+00 -6.420777e-01 2.217506e-01 -3.577440e-02 -1.442673e-02 -4.177251e-02 1.494644e-03
7.129149e+00 -1.913528e-01 1.371571e-01 2.074626e-02 -4.792517e-02 -6.686213e-02 3.504786e-03
5.999611e+00 4.068243e-01 2.589395e-01 -4.028132e-03 -3.089288e-02 4.853634e-02 -9.455556e-04
3.884957e+00 -7.823140e-01 -3.393871e-01 -7.079660e-02 1.557897e-02 -3.591075e-02 2.724092e-03
3.974214e+00 1.814198e-01 3.240831e-01 -1.808810e-02 -5.434765e-02 3.042349e-02 -2.104589e-03
8.209653e+00 8.479012e-01 9.844382e-02 -4.064417e-02 -5.332557e-03 4.592956e-02 1.023880e-03
9.825533e+00 -2.639760e-01 -9.034123e-02 4.287880e-02 2.582666e-02 -7.546517e-02 3.303406e-03
7.627865e+00 -3.032825e-01 -6.072852e-01 6.060063e-02 4.607463e-02 -2.301000e-02 3.734916e-04
8.125933e+00 5.768673e-01 5.418619e-01 4.407495e-02 -2.765060e-02 2.943689e-02 1.481053e-03
7.883018e+00 1.467809e-01 2.246596e-01 -2.003806e-02 -6.938392e-02 4.533182e-02 -6.195753e-05
9.307059e+00 -3.365797e-01 -4.678400e-01 -4.682418e-02 4.384801e-02 -3.154572e-02 -1.722000e-03
1.648923e+00 -5.210265e-01 -2.496107e-01 -3.433191e-02 2.170550e-02 -4.530712e-02 4.075080e-05
4.120389e+00 3.363181e-01 -3.412626e-01 -5.210602e-02 4.209862e-02 4.148865e-02 -4.726319e-05
1.616804e+00 -1.182759e-02 4.044915e-02 5.394285e-03 -2.051289e-01 -5.998101e-02 -1.891567e-02
6.855653e+00 7.782262e-02 -3.534610e-01 -1.115151e-02 6.425205e-02 1.414657e-02 2.534306e-03
4.695952e+00 1.749503e-01 -4.723493e-02 1.949974e-02 2.267744e-02 8.399344e-02 6.098023e-03
9.281395e+00 -1.443632e-01 3.583018e-03 -9.109777e-03 -2.254215e-03 -9.082444e-02 5.848888e-03
9.822790e+00 -3.092319e-02 -8.123201e-02 -1.204147e-03 1.342437e-01 -5.110355e-02 3.995164e-03
7.014948e+00 -7.716288e-01 -6.082845e-01 1.484747e-02 2.313191e-02 -2.934359e-02 1.320665e-05
5.110115e+00 -2.329237e-01 -7.314508e-01 4.495409e-03 3.691083e-02 -1.175391e-02 2.650156e-03
4.318081e+00 -4.250793e-01 2.703197e-01 -5.368485e-02 -3.210641e-02 -5.048751e-02 -4.293922e-04
8.527040e+00 -4.694735e-01 1.138989e-02 -8.283267e-02 -1.211388e-03 -4.993151e-02 -1.308655e-03
9.296033e+00 8.171523e-01 4.618398e-01 1.194545e-01 -2.219847e-02 3.927667e-02 -4.122694e-04
4.973500e+00 -3.337369e-01 2.649568e-01 -9.250976e-04 -4.077715e-02 -5.136249e-02 4.294873e-03
9.444082e+00 1.714418e-01 2.499540e-01 -4.647414e-02 -5.197967e-02 3.565251e-02 -1.300752e-03
5.008992e-01 -2.105719e-01 -6.613032e-02 2.437348e-02 2.575677e-02 -8.201463e-02 -8.252644e-04
2.895652e+00 -2.142868e-01 -4.600048e-03 -2.195794e-03 1.934391e-03 -9.011092e-02 -5.047971e-04
5.064713e+00 1.818685e-01 -4.461399e-01 5.976236e-02 5.182575e-02 2.112671e-02 7.967609e-04
1.711311e+00 -8.863217e-01 -1.269506e-01 3.474265e-02 5.432355e-03 -3.792669e-02 -2.903126e-03
7.458863e+00 1.649992e-01 -4.057637e-01 -8.461768e-02 5.800412e-02 2.358671e-02 2.297754e-03
8.145501e+00 -5.140352e-01 -2.721163e-01 -3.915855e-02 2.657008e-02 -5.019161e-02 6.199790e-03
4.373711e+00 -1.816424e-01 -2.957915e-01 1.896414e-02 5.297446e-02 -3.253104e-02 3.461998e-03
5.959795e+00 -2.553678e-01 -1.286371e-01 -1.755724e-02 3.158109e-02 -6.269419e-02 3.350777e-03
5.976081e+00 6.872277e-01 4.727919e-01 -3.963041e-02 -2.368274e-02 3.442410e-02 -1.727110e-03
8.175823e+00 9.327428e-01 -1.529204e-01 1.076209e-02 6.586628e-03 4.017535e-02 5.516481e-04
3.592069e+00 6.964747e-01 -6.702752e-01 -6.734133e-02 2.629312e-02 2.732086e-02 -1.433283e-03
6.320829e+00 -3.363924e-01 4.359544e-01 4.131866e-02 -3.982501e-02 -3.072988e-02 -7.362332e-04
5.966202e+00 7.948449e-01 -3.463818e-01 7.779202e-02 1.814541e-02 4.163841e-02 -1.338321e-03
4.647312e+00 -2.106613e-01 -6.448860e-01 3.727642e-03 4.942375e-02 -1.614498e-02 -3.739138e-03
8.598689e+00 6.124961e-03 9.479760e-02 2.073949e-03 -1.359843e-01 8.786070e-03 -1.395939e-02
3.607605e+00 -9.662652e-02 -3.109374e-01 -1.058423e-02 6.013401e-02 -1.868717e-02 -4.219363e-03
5.256020e+00 5.493311e-01 -5.513764e-01 -1.120291e-01 3.318444e-02 3.306135e-02 3.421324e-03
5.763944e+00 2.675526e-01 -5.366990e-01 -3.530066e-02 4.798478e-02 2.392114e-02 -3.972577e-03
6.993990e+00 -6.626266e-01 5.017762e-01 5.448444e-02 -2.443874e-02 -3.227287e-02 1.268270e-03
6.531420e+00 -7.364244e-02 5.236515e-01 -2.367627e-02 -5.184745e-02 -7.291439e-03 5.298901e-04
4.589725e+00 3.167461e-01 -2.861999e-01 1.585107e-02 3.583085e-02 3.965509e-02 -1.967780e-03
4.033102e+00 -1.877694e-01 1.945426e-01 -1.486322e-02 -5.099969e-02 -4.922408e-02 -2.491991e-03
8.661796e+00 5.712465e-01 -1.051051e-01 -3.205495e-02 8.327068e-03 4.525765e-02 -2.578366e-04
6.315340e+00 -2.428540e-03 -3.299993e-02 -4.442549e-03 2.366752e-01 -1.741747e-02 -3.164910e-03
5.470009e+00 9.153000e-01 -3.534113e-01 -7.252690e-02 1.331187e-02 3.447641e-02 -5.105402e-03
7.364518e+00 6.240465e-01 -6.146965e-01 7.872108e-02 3.046351e-02 3.092688e-02 -3.464013e-03
2.523223e+00 -6.025520e-03 -4.603878e-01 -9.107604e-02 6.135996e-02 -8.030744e-04 -3.466248e-03
9.876437e+00 -8.972240e-01 -1.942098e-01 -4.656030e-02 9.181733e-03 -4.241842e-02 -2.045719e-04
1.295891e+00 -6.490497e-01 7.146076e-01 2.815229e-02 -3.113327e-02 -2.827711e-02 2.758531e-04
3.585349e+00 -1.348722e-01 -3.371584e-01 7.796016e-02 5.444789e-02 -2.178058e-02 -1.258944e-03
7.854282e+00 -4.185481e-02 6.754287e-01 -3.070331e-02 -4.873514e-02 -3.020008e-03 1.725103e-04
1.015744e+00 -5.800004e-01 -5.188184e-01 -3.665807e-03 2.587350e-02 -2.892465e-02 -4.617784e-03
2.177725e+00 -4.364210e-02 6.443366e-01 -3.279751e-02 -5.285029e-02 -3.579647e-03 -2.978914e-03
2.817336e+00 5.725213e-02 -1.243450e-01 -1.138128e-02 9.513210e-02 4.380166e-02 -6.235839e-03
3.904740e+00 3.461565e-01 5.107170e-01 -2.160338e-02 -4.101954e-02 2.780244e-02 -7.868491e-04
8.500529e+00 -1.764069e-01 -4.834016e-01 -1.667781e-02 5.514788e-02 -2.012502e-02 3.518475e-03
9.155860e+00 1.613706e-01 7.278347e-01 -1.426196e-01 -4.270516e-02 9.468298e-03 1.058553e-03
2.302831e+00 -8.089082e-02 -1.951874e-01 -1.941634e-02 8.379647e-02 -3.472748e-02 4.209611e-03
9.615898e+00 -2.185453e-03 -2.542724e-01 -8.174258e-03 8.182919e-02 -7.033158e-04 2.125359e-03
7.436199e+00 6.188393e-01 -2.039575e-01 4.018722e-02 1.397638e-02 4.240653e-02 -5.761199e-04
7.139618e+00 6.504801e-01 1.817193e-01 1.419667e-01 -1.231171e-02 4.407084e-02 5.075202e-04
6.335561e+00 -1.675408e-01 2.679719e-01 4.090933e-02 -5.569062e-02 -3.481878e-02 3.928894e-03
7.686958e+00 3.259153e-01 -8.978834e-01 -3.880137e-03 4.049404e-02 1.469860e-02 3.699017e-03
8.776191e+00 3.289974e-02 -8.291104e-02 3.578751e-04 1.079548e-01 4.283730e-02 8.031888e-03
3.101296e+00 1.050057e-01 4.282397e-02 4.273830e-03 -3.854098e-02 9.450369e-02 6.349756e-03
9.760583e+00 8.101172e-02 -2.771980e-01 -2.136847e-02 7.016404e-02 2.050559e-02 5.180869e-03
5.420166e+00 2.723293e-01 9.613986e-01 -5.217058e-02 -4.176262e-02 1.182984e-02 1.274404e-03
1.353583e+00 -4.521817e-02 -1.776752e-01 6.580219e-03 9.259577e-02 -2.356554e-02 1.736350e-03
5.139090e+00 1.267432e-01 1.365942e-01 -6.180789e-03 -6.721093e-02 6.236377e-02 -7.908140e-04
9.326027e+00 4.798673e-02 1.253485e-01 -5.593506e-03 -1.035477e-01 3.964082e-02 8.940053e-03
1.012746e+00 -8.118082e-01 1.116641e-01 -7.611805e-02 -5.743886e-03 -4.175859e-02 -1.387410e-03
4.034902e+00 3.447613e-01 9.941436e-03 -2.610004e-02 -1.802975e-03 6.252579e-02 -1.290657e-03
3.481054e+00 2.830353e-01 -7.172307e-01 5.450098e-02 3.595822e-02 1.418992e-02 -1.424183e-03
6.730863e+00 2.771290e-01 -2.527043e-01 5.351173e-02 3.798190e-02 4.165298e-02 -3.799504e-04
2.114004e+00 -1.017653e-01 -7.702727e-02 -3.639140e-03 7.144319e-02 -9.438788e-02 -8.932978e-03
6.321214e+00 -7.072295e-01 -4.887212e-01 -6.623324e-02 2.593066e-02 -3.752431e-02 1.066908e-03
6.936519e+00 -6.009982e-01 -7.753452e-01 -7.925725e-02 2.960393e-02 -2.294708e-02 2.429256e-03
2.360934e+00 3.431870e-02 3.200901e-02 -6.984296e-03 -1.233362e-01 1.322359e-01 1.780391e-03
6.491287e+00 1.750560e-01 -7.544900e-01 -5.273054e-02 4.141235e-02 9.608450e-03 -3.391207e-03
1.891631e+00 -1.524825e-01 9.609392e-01 6.322031e-03 -3.891900e-02 -6.175692e-03 -1.471627e-03
1.098974e+00 2.571232e-01 -2.732092e-01 -3.000374e-02 4.284031e-02 4.031795e-02 3.898676e-03
2.641037e+00 -5.517977e-02 -1.280121e-01 1.603199e-02 1.009095e-01 -4.349713e-02 3.349634e-04
9.834393e+00 4.904640e-01 2.248385e-01 -1.235140e-01 -2.190501e-02 4.778371e-02 -1.435078e-04
1.512259e+00 -2.149624e-01 -2.360397e-01 -4.110501e-02 5.005598e-02 -4.558621e-02 1.121897e-03
3.680719e+00 7.855778e-02 -9.858679e-01 5.508604e-03 3.455529e-02 2.753500e-03 -3.867559e-04
5.409195e+00 -5.738097e-01 -3.627466e-01 2.152872e-02 2.847701e-02 -4.504627e-02 -1.062348e-03
4.760915e+00 -7.572535e-01 5.257368e-02 7.556457e-03 -3.329296e-03 -4.795406e-02 2.191466e-03
6.544025e+00 1.142851e-01 1.292866e-01 -2.973590e-02 -6.073183e-02 5.368496e-02 -2.049837e-03
3.971224e+00 -4.359996e-01 1.728866e-01 8.447405e-03 -2.190788e-02 -5.524908e-02 5.433911e-03
6.552346e+00 -1.128486e-01 1.524307e-01 6.393382e-03 -8.011141e-02 -5.930868e-02 -6.282610e-03
4.220994e+00 1.136565e-01 5.660392e-01 -1.024555e-01 -4.927113e-02 9.893283e-03 9.713832e-04
6.085799e-01 -8.917333e-01 -4.092011e-01 2.032955e-02 1.781814e-02 -3.882938e-02 2.395988e-03
2.109098e+00 -4.841218e-02 2.708359e-02 -6.790595e-03 -7.667850e-02 -1.370636e-01 -9.144405e-04
8.122824e+00 -2.643066e-01 -8.367752e-01 -9.041645e-02 4.469497e-02 -1.411750e-02 7.904534e-04
9.656508e+00 -5.749430e-01 5.591668e-01 1.723495e-02 -3.248445e-02 -3.340095e-02 2.311937e-03
6.344797e+00 5.465163e-01 2.680712e-02 -1.907909e-02 -2.413520e-03 4.920439e-02 3.497839e-03
5.433441e+00 2.114517e-01 -4.105701e-02 1.161204e-03 1.673248e-02 8.617555e-02 1.339732e-03
2.005307e+00 1.246179e-01 2.935399e-02 -1.030098e-02 -2.776891e-02 1.178887e-01 -1.547869e-03
9.379640e+00 7.677326e-01 2.870001e-01 7.067997e-02 -1.335997e-02 3.573826e-02 4.530300e-03
3.468773e+00 -6.366494e-01 4.541956e-01 1.268722e-01 -2.853464e-02 -3.999722e-02 -8.920919e-03
2.471323e+00 -2.926019e-02 -3.704532e-01 5.678525e-03 5.889210e-02 -4.651584e-03 -3.359728e-03
4.052472e+00 1.217500e-01 4.757015e-02 8.966873e-03 -3.606356e-02 9.230030e-02 1.932606e-03
6.045721e+00 -6.977242e-02 -4.013574e-01 1.970094e-02 5.542902e-02 -9.635843e-03 -9.074131e-04
7.213687e+00 2.496020e-01 8.559879e-02 -3.473694e-02 -2.602462e-02 7.588655e-02 4.649990e-03
6.146614e+00 8.827932e-03 6.061256e-01 1.220344e-02 -5.649962e-02 8.228902e-04 -1.717722e-03
6.012938e+00 -5.741186e-01 -4.085929e-01 7.601844e-02 2.980433e-02 -4.187840e-02 6.107539e-04
4.830328e+00 -2.872032e-01 2.595013e-02 1.744976e-02 -6.548422e-03 -7.247470e-02 7.549600e-04
4.465928e+00 4.176287e-01 3.055213e-01 7.988429e-02 -3.233198e-02 4.419582e-02 -2.749890e-03
7.642260e+00 5.847862e-02 -1.100858e-03 1.229842e-02 3.256099e-03 1.729670e-01 6.463351e-03
3.524352e+00 -9.442584e-02 -4.515561e-01 2.100010e-02 5.536261e-02 -1.157699e-02 -1.726624e-03
4.485627e+00 2.932583e-01 7.096429e-01 -3.252381e-02 -4.502616e-02 1.860695e-02 1.291577e-05
5.915850e+00 2.934903e-02 1.103108e-02 1.478530e-03 -8.669018e-02 2.306458e-01 6.535833e-03
8.080411e+00 7.788447e-01 -5.927754e-01 7.653829e-02 2.081989e-02 2.735515e-02 -1.589088e-03
3.380834e+00 1.777398e-01 5.157555e-01 -9.290616e-02 -4.904649e-02 1.690242e-02 1.746800e-03
1.500305e+00 -1.502230e-01 3.193173e-01 5.506832e-02 -6.060988e-02 -2.851395e-02 8.024710e-04
4.105510e+00 6.132076e-01 2.431494e-01 -2.640269e-02 -1.648981e-02 4.158627e-02 -1.102215e-04
8.563424e+00 4.069050e-02 7.044267e-01 -1.524730e-01 -4.738624e-02 2.737219e-03 -7.627498e-04
6.478725e+00 -3.079336e-01 4.179758e-01 -8.483113e-04 -4.437108e-02 -3.268932e-02 -6.009531e-04
4.297854e+00 2.000134e-01 1.036920e-01 1.828900e-02 -3.826199e-02 7.380423e-02 -4.103018e-03
3.292865e+00 -1.756237e-01 7.036991e-01 -8.901307e-02 -4.901522e-02 -1.223283e-02 5.335401e-03
5.108895e+00 8.309758e-02 1.172155e-01 1.925999e-02 -9.095199e-02 6.447860e-02 8.775746e-04
8.927122e+00 -5.510714e-01 6.575580e-01 -4.645063e-02 -2.796863e-02 -2.343932e-02 1.650063e-03
3.130370e+00 3.798578e-02 3.207323e-01 1.316069e-02 -7.154019e-02 8.472827e-03 -1.757596e-03
3.723946e+00 -1.598103e-01 7.907323e-01 -1.434487e-02 -4.770888e-02 -9.642167e-03 3.761069e-03
4.532882e+00 7.549865e-01 1.973005e-01 -5.059391e-02 -1.149862e-02 4.400042e-02 -1.249669e-03
2.231188e+00 -2.012905e-01 -7.354260e-01 -4.290933e-02 4.680395e-02 -1.281052e-02 3.813767e-04
7.187181e+00 -1.093586e-01 5.303009e-02 -4.285675e-03 -4.891665e-02 -1.008758e-01 -2.881794e-03
8.686449e+00 -8.051128e-02 -2.061179e-01 -1.137873e-02 6.885182e-02 -2.689406e-02 1.055642e-03
6.288743e+00 -3.355931e-01 1.144740e-01 -2.724099e-02 -2.366694e-02 -6.938225e-02 -2.807778e-03
9.480424e+00 5.953066e-01 -4.891358e-01 -5.547301e-02 2.489086e-02 3.029362e-02 2.260220e-03
4.549433e+00 -3.941690e-01 -4.180182e-02 -2.757451e-03 6.941388e-03 -6.545361e-02 -2.193022e-03
7.597522e+00 1.759909e-01 9.615778e-01 -3.477624e-02 -3.727733e-02 6.822609e-03 -1.825358e-03
3.021936e+00 1.248957e-01 -3.449827e-01 8.405802e-03 6.657953e-02 2.410411e-02 -1.865139e-03
2.530146e+00 -4.147400e-01 -6.180192e-01 -1.989840e-02 4.093920e-02 -2.747346e-02 1.743564e-03
5.206444e-01 -1.464418e-01 -2.306840e-01 -3.692645e-03 6.739781e-02 -4.278520e-02 2.689220e-03
2.922642e+00 2.542897e-01 8.991151e-01 -1.491774e-02 -4.246256e-02 1.200935e-02 2.628735e-04
9.870091e+00 -7.077643e-01 4.835302e-01 -9.444156e-03 -2.447893e-02 -3.583088e-02 2.146623e-03
4.488445e+00 2.380757e-01 3.297136e-01 7.936315e-03 -5.498626e-02 3.970382e-02 -1.752449e-03
6.881364e+00 -1.121560e-01 5.113476e-01 -5.838572e-02 -5.583039e-02 -1.224551e-02 -3.099694e-03
2.382046e+00 -7.069359e-02 3.745920e-01 2.724704e-02 -6.196053e-02 -1.169329e-02 -6.607078e-03
4.785546e+00 -1.337571e-02 -1.932135e-02 -2.798859e-04 2.277145e-01 -1.576413e-01 -1.056559e-02
5.799380e+00 1.606613e-01 4.089172e-02 1.419300e-02 -2.158939e-02 8.482351e-02 -6.208933e-03
8.569108e-01 4.811890e-02 -2.863417e-02 -7.116233e-05 8.360045e-02 1.404881e-01 1.878511e-03
9.441770e+00 4.689878e-01 2.249268e-01 -2.535179e-02 -2.632994e-02 5.489974e-02 2.442577e-03
8.599918e-01 -4.306113e-01 4.311422e-01 1.831356e-02 -3.795403e-02 -3.790729e-02 2.287568e-03
3.074255e+00 3.047346e-02 -1.899500e-02 -2.036094e-03 1.192280e-01 1.912760e-01 -5.241909e-04
3.689069e+00 6.212474e-01 -3.326837e-01 -1.326111e-02 2.375734e-02 4.436400e-02 3.440248e-03
3.722201e+00 -2.975607e-02 -1.321631e-02 2.379528e-03 7.980359e-02 -1.796750e-01 -1.291137e-02
8.991709e-01 -9.613713e-02 -1.132686e-01 -5.038285e-03 8.541885e-02 -7.249955e-02 -9.584201e-04
3.808931e+00 3.953081e-01 -1.932541e-01 9.214990e-03 2.302624e-02 4.710098e-02 -4.706070e-03
2.758566e+00 1.810842e-02 6.594970e-02 5.297152e-03 -1.528400e-01 4.196669e-02 6.576674e-03
5.394987e+00 3.823862e-01 5.961541e-01 2.257555e-02 -3.956458e-02 2.537758e-02 -1.201099e-03
9.781027e+00 -3.217069e-02 1.247377e-02 7.559220e-04 -6.908593e-02 -1.781773e-01 -1.185363e-02
9.847746e+00 -9.648504e-04 -2.591009e-01 -8.496500e-04 7.885276e-02 -2.936351e-04 1.135435e-03
2.844485e+00 -7.085222e-01 5.619030e-01 5.028710e-02 -2.553667e-02 -3.220004e-02 5.079287e-06
1.662461e+00 4.049082e-01 -3.724807e-01 -2.913307e-02 3.980925e-02 4.327497e-02 1.838850e-03
9.954704e+00 -7.848103e-01 -1.888369e-02 7.174770e-03 1.125081e-03 -4.675863e-02 -1.063869e-03
6.523432e+00 5.130880e-01 -1.361580e-01 1.103493e-01 1.418757e-02 5.346340e-02 5.238743e-04
4.431000e+00 -9.139612e-03 -1.786736e-01 3.956650e-03 8.981404e-02 -4.594218e-03 -4.037286e-03
6.969982e+00 1.054457e-01 -7.304118e-01 1.120108e-01 4.979953e-02 7.189296e-03 -2.000469e-03
9.871135e+00 1.442138e-01 -1.807812e-01 -2.670002e-02 6.312528e-02 5.035666e-02 4.462904e-04
9.702698e+00 1.024160e-01 5.231005e-01 4.921312e-03 -4.808455e-02 9.414301e-03 1.155207e-03
9.361007e+00 6.393251e-01 -9.612662e-02 3.208582e-02 8.092270e-03 5.382058e-02 -1.291683e-03
3.988379e+00 -1.665390e-01 2.887884e-01 1.486828e-02 -6.231450e-02 -3.593564e-02 -3.664134e-03
6.628614e+00 -1.326620e-01 5.173615e-01 -8.219437e-02 -5.320929e-02 -1.364394e-02 3.903309e-03
7.059873e+00 2.771526e-01 2.696687e-01 -2.825065e-02 -4.507175e-02 4.632259e-02 3.073694e-03
7.436492e+00 -4.097621e-01 -3.738653e-01 -6.854388e-02 3.561249e-02 -3.903184e-02 -2.312126e-03
6.447539e+00 -1.571145e-01 -6.991079e-01 4.067312e-02 4.543132e-02 -1.021004e-02 -4.170713e-03
6.597576e+00 9.279291e-02 -2.057788e-01 8.022300e-03 7.705073e-02 3.474488e-02 1.001174e-02
3.844303e+00 1.588031e-01 2.752000e-01 -1.396167e-02 -5.788689e-02 3.340339e-02 -5.913431e-04
6.591117e+00 7.275216e-02 1.232992e-01 1.596110e-02 -8.857678e-02 5.226433e-02 2.629354e-03
1.184426e+00 3.085000e-01 7.018841e-01 2.206564e-02 -4.195222e-02 1.843931e-02 -1.202261e-03
2.086779e+00 1.863286e-01 -2.285543e-01 -3.343992e-02 4.890664e-02 3.987106e-02 1.885873e-03
3.217212e+00 1.731459e-01 -6.685747e-01 -1.966710e-02 4.415904e-02 1.143621e-02 -2.345489e-04
9.916828e+00 1.345126e-01 2.368763e-01 1.718382e-02 -7.007191e-02 3.979103e-02 -2.764302e-03
5.172485e+00 2.055817e-01 -1.610803e-01 -3.657792e-02 4.652596e-02 5.937963e-02 -1.606110e-04
5.315112e+00 2.424914e-01 1.623288e-01 1.599273e-02 -4.504656e-02 6.729183e-02 -2.022747e-03
7.490031e+00 -5.853317e-01 -4.118087e-01 -1.144988e-01 2.569157e-02 -3.651718e-02 3.652051e-03
8.305225e+00 -1.840945e-01 -1.279947e-02 -5.849906e-03 6.977866e-03 -1.003625e-01 -1.020736e-02
4.956494e+00 3.562905e-01 -2.075739e-01 -1.921226e-02 3.331454e-02 5.718280e-02 -3.962222e-03
8.941684e+00 -3.930691e-04 -5.717194e-01 -8.053882e-03 5.463081e-02 -3.755983e-05 1.381678e-03
6.305983e+00 5.630834e-01 -4.883985e-01 -9.799911e-02 3.301413e-02 3.806259e-02 4.766569e-03
9.684457e+00 -5.092876e-02 4.117396e-02 -6.171787e-04 -8.603860e-02 -1.064226e-01 -6.743553e-03
7.800857e+00 -5.429392e-01 -4.608370e-01 5.700185e-02 2.716872e-02 -3.200907e-02 -2.044962e-03
2.970654e+00 8.186531e-01 -2.800382e-01 9.303580e-02 1.313002e-02 3.838381e-02 1.105946e-03
3.814151e+00 4.627823e-01 4.791990e-02 -5.623758e-02 -5.742963e-03 5.546216e-02 -1.174018e-03
9.323820e+00 4.700202e-01 7.778120e-01 5.805242e-03 -3.064887e-02 1.852066e-02 6.577913e-04
8.851480e+00 -4.652265e-01 -1.425691e-01 -2.548964e-02 1.613819e-02 -5.266158e-02 -2.882421e-04
8.715618e+00 -1.001475e-01 4.264917e-02 1.165418e-02 -4.008078e-02 -9.411648e-02 2.425820e-03
8.256348e+00 -5.511267e-01 -5.707641e-01 3.097735e-02 2.957913e-02 -2.856145e-02 4.014738e-05
8.119174e+00 7.373888e-01 -3.834898e-01 -3.081469e-03 1.748862e-02 3.362779e-02 3.008571e-04
8.216076e+00 1.129979e-01 2.977849e-01 -3.483331e-02 -6.576652e-02 2.495587e-02 -9.145758e-06
8.400706e+00 9.195410e-02 -8.721946e-02 -1.702032e-02 7.432518e-02 7.835987e-02 7.748829e-04
5.134416e+00 2.508708e-01 9.363082e-01 -1.369405e-01 -3.682371e-02 9.866401e-03 3.984759e-03
5.061491e+00 -6.714285e-01 5.342694e-02 -6.608971e-04 -4.149726e-03 -5.215055e-02 6.007365e-05
7.638515e+00 -7.024492e-01 3.242860e-01 2.535208e-02 -1.747211e-02 -3.784705e-02 1.270305e-03
4.254184e+00 2.154487e-01 1.240833e-01 -3.907684e-03 -4.184800e-02 7.266162e-02 2.891665e-03
8.545753e+00 -2.417019e-01 -2.313717e-02 4.315005e-03 6.726747e-03 -7.027080e-02 2.085123e-03
6.160759e+00 4.803686e-01 8.736645e-01 -1.401909e-01 -3.683164e-02 2.025121e-02 1.257800e-03
2.670242e+00 -1.836795e-01 -7.252214e-01 5.133447e-03 4.888878e-02 -1.238224e-02 3.244035e-03
8.973304e+00 1.659685e-01 2.153586e-01 9.430713e-04 -5.406416e-02 4.166515e-02 -5.810918e-04
1.959951e+00 -1.805961e-01 -1.828048e-01 -2.141498e-02 5.594293e-02 -5.526700e-02 -4.097035e-03
1.381479e+00 2.234651e-01 3.971402e-01 1.023393e-02 -5.137815e-02 2.890974e-02 -3.236572e-03
1.329300e+00 4.420347e-01 -4.793093e-01 4.788308e-02 3.690315e-02 3.403329e-02 -5.609496e-03
3.612018e+00 2.756473e-02 4.733352e-01 -1.209222e-02 -5.610313e-02 3.267172e-03 3.688683e-03
2.836088e+00 -5.428044e-01 -5.015815e-01 -1.882736e-02 3.458401e-02 -3.742632e-02 -6.145232e-04
1.456821e+00 -3.238618e-01 -3.019610e-01 -6.481372e-02 3.711086e-02 -3.980245e-02 -1.745203e-03
7.715321e+00 9.165373e-01 -9.268564e-02 -1.023026e-01 3.705555e-03 3.664299e-02 -1.428691e-03
9.826798e+00 2.402371e-02 -1.204860e-02 3.994025e-03 1.132237e-01 2.257569e-01 1.142278e-02
1.495391e+00 2.710615e-01 -2.081114e-01 -2.440581e-02 4.068185e-02 5.298740e-02 -3.157598e-03
6.934793e+00 -1.469009e-01 1.376390e-01 3.100101e-03 -6.022190e-02 -6.427434e-02 -2.063716e-03
5.032066e+00 -4.899145e-01 5.523926e-01 5.203939e-02 -2.954743e-02 -2.620548e-02 -2.482889e-04
2.411142e+00 4.217534e-01 -5.012025e-01 -6.643995e-02 3.490102e-02 2.936861e-02 -2.102544e-03
4.985854e+00 6.249000e-01 -3.609020e-01 -1.611805e-02 2.272972e-02 3.935640e-02 1.635548e-03
2.866229e+00 -6.075778e-01 -4.416404e-02 -1.121664e-02 3.151110e-03 -4.335075e-02 2.074296e-03
6.329533e+00 1.678426e-02 5.246459e-01 7.863688e-02 -5.559856e-02 1.778687e-03 -3.299835e-03
4.428313e+00 9.557927e-03 1.950250e-01 8.850575e-03 -9.357241e-02 4.585866e-03 -2.525668e-03
7.735268e-01 3.885296e-01 4.025761e-01 -4.474476e-02 -3.499545e-02 3.377439e-02 4.041564e-03
9.292893e+00 4.071948e-01 -8.645340e-01 -5.666109e-02 3.706201e-02 1.745617e-02 -3.193064e-03
7.948005e+00 -1.532434e-01 1.526791e-01 1.007527e-02 -5.693967e-02 -5.715015e-02 -8.568576e-04
4.122020e+00 3.420023e-01 -1.419018e-01 1.130103e-02 2.693074e-02 6.490665e-02 -7.062485e-04
1.489814e+00 -9.896238e-01 -1.232958e-01 -5.093258e-02 5.442108e-03 -4.368063e-02 3.636855e-03
9.865515e+00 6.345870e-01 7.758216e-02 -6.764067e-04 -5.962835e-03 4.877329e-02 -3.399632e-03
5.403847e+00 9.156817e-02 -4.628589e-02 6.257670e-03 5.139978e-02 1.016851e-01 5.967065e-03
1.956872e+00 2.163202e-02 2.377528e-02 3.813284e-03 -1.781841e-01 1.621214e-01 -2.531062e-02
